0 0.031001984126984128 0.5902777777777778 0.10491071428571429 0.8039021164021164
0 0.10714285714285714 0.5902777777777778 0.16294642857142858 0.8511904761904762
0 0.18898809523809523 0.5886243386243386 0.23115079365079366 0.7668650793650794
0 0.37103174603174605 0.5763888888888888 0.4469246031746032 0.7347883597883598
3 0.388640873015873 0.7602513227513228 0.6346726190476191 0.878968253968254
2 0.04389880952380952 0.5949074074074074 0.0726686507936508 0.6177248677248677
2 0.12698412698412698 0.5906084656084656 0.16021825396825398 0.6223544973544973
2 0.18700396825396826 0.5879629629629629 0.21180555555555555 0.6170634920634921
2 0.37028769841269843 0.5796957671957672 0.3923611111111111 0.6101190476190477
1 0.03447420634920635 0.6226851851851852 0.09250992063492064 0.7033730158730159
1 0.10739087301587301 0.6309523809523809 0.15699404761904762 0.7351190476190477
1 0.18601190476190477 0.6226851851851852 0.2197420634920635 0.6931216931216931
1 0.38913690476190477 0.593915343915344 0.42931547619047616 0.6527777777777778
12 0.3306051587301587 0.29464285714285715 0.3933531746031746 0.4298941798941799
13 0.22916666666666666 0.6028439153439153 0.3410218253968254 0.6640211640211641
14 0.8973214285714286 0.04497354497354497 1.0 0.0916005291005291
