0 0.005729166666666666 0.36944444444444446 0.0625 0.6583333333333333
0 0.12708333333333333 0.37037037037037035 0.16614583333333333 0.5148148148148148
0 0.11458333333333333 0.5009259259259259 0.15833333333333333 0.6444444444444445
0 0.1625 0.37592592592592594 0.284375 0.825
0 0.4744791666666667 0.3592592592592593 0.546875 0.8009259259259259
2 0.008333333333333333 0.3731481481481482 0.0484375 0.41203703703703703
2 0.13229166666666667 0.3712962962962963 0.16041666666666668 0.4083333333333333
2 0.12604166666666666 0.4981481481481482 0.15729166666666666 0.5314814814814814
2 0.178125 0.37037037037037035 0.23125 0.42777777777777776
2 0.509375 0.3509259259259259 0.5572916666666666 0.40925925925925927
1 0.016666666666666666 0.42777777777777776 0.05520833333333333 0.5268518518518519
1 0.11041666666666666 0.5203703703703704 0.1390625 0.600925925925926
1 0.12916666666666668 0.4101851851851852 0.1625 0.48703703703703705
1 0.16041666666666668 0.44351851851851853 0.22708333333333333 0.6166666666666667
1 0.5265625 0.41944444444444445 0.559375 0.44074074074074077
5 0.215625 0.5814814814814815 0.5041666666666667 0.7194444444444444
11 0.271875 0.587037037037037 0.5057291666666667 0.7916666666666666
13 0.88125 0.29907407407407405 1.0 0.45
14 0.9265625 0.31666666666666665 0.9625 0.3907407407407407
