0 0.23880208333333333 0.7953703703703704 0.08697916666666666 0.40925925925925927
0 0.34348958333333335 0.6657407407407407 0.0421875 0.1259259259259259
0 0.3341145833333333 0.7708333333333334 0.0578125 0.11944444444444445
0 0.7278645833333334 0.775 0.07239583333333334 0.42777777777777776
2 0.2328125 0.6171296296296296 0.05520833333333333 0.06018518518518518
2 0.34609375 0.6236111111111111 0.021354166666666667 0.041666666666666664
2 0.33697916666666666 0.7222222222222222 0.022916666666666665 0.02962962962962963
2 0.7213541666666666 0.587037037037037 0.04375 0.05185185185185185
1 0.22760416666666666 0.763425925925926 0.07083333333333333 0.18981481481481483
1 0.33984375 0.675 0.033854166666666664 0.07592592592592592
1 0.3223958333333333 0.7708333333333334 0.030208333333333334 0.075
1 0.7268229166666667 0.7143518518518519 0.06302083333333333 0.1638888888888889
12 0.4440104166666667 0.44212962962962965 0.18489583333333334 0.27685185185185185
5 0.47552083333333334 0.850462962962963 0.246875 0.10092592592592593
8 0.15572916666666667 0.7833333333333333 0.08125 0.11296296296296296
11 0.5130208333333334 0.888425925925926 0.19270833333333334 0.22314814814814815
14 0.020833333333333332 0.5300925925925926 0.040625 0.06574074074074074
