0 0.4546875 0.4777777777777778 0.5453125 0.7962962962962963
0 0.7713541666666667 0.4787037037037037 0.85 0.8175925925925925
0 0.7411458333333333 0.45740740740740743 0.7921875 0.7907407407407407
12 0.5510416666666667 0.002777777777777778 0.6375 0.053703703703703705
14 0.5026041666666666 0.43796296296296294 0.7203125 0.4925925925925926
14 0.13854166666666667 0.2712962962962963 0.24583333333333332 0.3277777777777778
14 0.1265625 0.000925925925925926 0.22135416666666666 0.05648148148148148
3 0.5083333333333333 0.5703703703703704 0.7708333333333334 0.7861111111111111
2 0.4661458333333333 0.4777777777777778 0.49635416666666665 0.5092592592592593
2 0.7479166666666667 0.45555555555555555 0.7760416666666666 0.4861111111111111
2 0.7864583333333334 0.4759259259259259 0.8208333333333333 0.5175925925925926
1 0.75 0.5046296296296297 0.7817708333333333 0.5944444444444444
1 0.7796875 0.5324074074074074 0.8302083333333333 0.662962962962963
7 0.3333333333333333 0.5675925925925925 0.4088541666666667 0.6342592592592593
7 0.8348958333333333 0.5120370370370371 0.9833333333333333 0.5944444444444444
7 0.5526041666666667 0.5481481481481482 0.596875 0.5777777777777777
7 0.44114583333333335 0.5722222222222222 0.46770833333333334 0.6111111111111112
