0 0.10234375 0.6861111111111111 0.028645833333333332 0.1111111111111111
0 0.17057291666666666 0.8111111111111111 0.13489583333333333 0.37777777777777777
0 0.22317708333333333 0.6833333333333333 0.04739583333333333 0.12777777777777777
0 0.21666666666666667 0.7958333333333333 0.051041666666666666 0.13055555555555556
0 0.6083333333333333 0.7805555555555556 0.08333333333333333 0.4166666666666667
2 0.10546875 0.6444444444444445 0.022395833333333334 0.027777777777777776
2 0.1390625 0.6412037037037037 0.052083333333333336 0.06388888888888888
2 0.2203125 0.6430555555555556 0.023958333333333335 0.03981481481481482
2 0.21588541666666666 0.7518518518518519 0.022395833333333334 0.03148148148148148
2 0.59921875 0.6013888888888889 0.04010416666666667 0.05648148148148148
1 0.10572916666666667 0.6921296296296297 0.022916666666666665 0.04537037037037037
1 0.13203125 0.7944444444444444 0.08177083333333333 0.19814814814814816
1 0.22057291666666667 0.6958333333333333 0.03697916666666667 0.08055555555555556
1 0.20572916666666666 0.7935185185185185 0.03333333333333333 0.08703703703703704
1 0.6049479166666667 0.7185185185185186 0.06197916666666667 0.1648148148148148
12 0.353125 0.5231481481481481 0.178125 0.29814814814814816
5 0.35703125 0.8740740740740741 0.25364583333333335 0.11666666666666667
8 0.03854166666666667 0.8134259259259259 0.075 0.13055555555555556
11 0.4002604166666667 0.8986111111111111 0.22447916666666667 0.20277777777777778
13 0.9734375 0.5504629629629629 0.053125 0.14722222222222223
