0 0.1265625 0.6314814814814815 0.165625 0.8305555555555556
0 0.18385416666666668 0.6287037037037037 0.21927083333333333 0.7416666666666667
0 0.16354166666666667 0.7324074074074074 0.21614583333333334 0.8342592592592593
0 0.3697916666666667 0.6361111111111111 0.45260416666666664 0.9268518518518518
0 0.5239583333333333 0.5648148148148148 0.5770833333333333 0.9120370370370371
3 0.721875 0.6092592592592593 0.7807291666666667 0.7138888888888889
2 0.13333333333333333 0.6333333333333333 0.15729166666666666 0.6527777777777778
2 0.20677083333333332 0.6305555555555555 0.2203125 0.6583333333333333
2 0.1765625 0.7287037037037037 0.19375 0.7527777777777778
2 0.42291666666666666 0.6333333333333333 0.4479166666666667 0.687962962962963
2 0.5348958333333333 0.5638888888888889 0.5614583333333333 0.5990740740740741
6 0.0010416666666666667 0.6972222222222222 0.12760416666666666 0.787962962962963
8 0.003125 0.7592592592592593 0.06302083333333333 0.8675925925925926
1 0.37447916666666664 0.6666666666666666 0.42916666666666664 0.7907407407407407
1 0.5270833333333333 0.6138888888888889 0.5729166666666666 0.7416666666666667
1 0.16510416666666666 0.7555555555555555 0.19270833333333334 0.8175925925925925
12 0.35885416666666664 0.020370370370370372 0.465625 0.2037037037037037
