0 0.0453125 0.549074074074074 0.06145833333333333 0.2351851851851852
0 0.33645833333333336 0.47175925925925927 0.036458333333333336 0.10833333333333334
0 0.3294270833333333 0.5537037037037037 0.05572916666666667 0.11666666666666667
0 0.44453125 0.5546296296296296 0.07864583333333333 0.27037037037037037
0 0.6614583333333334 0.513425925925926 0.071875 0.3138888888888889
2 0.0359375 0.4444444444444444 0.030208333333333334 0.02962962962962963
2 0.33125 0.5115740740740741 0.023958333333333335 0.028703703703703703
2 0.46901041666666665 0.45740740740740743 0.0328125 0.05185185185185185
2 0.6473958333333333 0.37546296296296294 0.035416666666666666 0.04722222222222222
1 0.04010416666666667 0.5125 0.03229166666666667 0.0712962962962963
1 0.33125 0.45740740740740743 0.023958333333333335 0.06851851851851852
1 0.321875 0.5476851851851852 0.03333333333333333 0.0712962962962963
1 0.42864583333333334 0.5203703703703704 0.05416666666666667 0.11296296296296296
1 0.6533854166666667 0.4638888888888889 0.043229166666666666 0.11666666666666667
12 0.44114583333333335 0.325 0.15520833333333334 0.2537037037037037
5 0.48489583333333336 0.5810185185185185 0.18958333333333333 0.075
8 0.18125 0.5657407407407408 0.09375 0.10740740740740741
11 0.51171875 0.6125 0.1546875 0.15833333333333333
13 0.9783854166666667 0.3365740740740741 0.043229166666666666 0.12685185185185185
