0 0.5239583333333333 0.8416666666666667 0.052083333333333336 0.28888888888888886
0 0.5794270833333334 0.8518518518518519 0.0796875 0.2962962962962963
0 0.6734375 0.8097222222222222 0.04479166666666667 0.21574074074074073
0 0.7252604166666666 0.6837962962962963 0.019270833333333334 0.04722222222222222
2 0.5247395833333334 0.7189814814814814 0.0265625 0.03611111111111111
2 0.5731770833333333 0.7231481481481481 0.0359375 0.04259259259259259
2 0.6682291666666667 0.7175925925925926 0.021875 0.025925925925925925
1 0.52265625 0.7953703703703704 0.033854166666666664 0.10925925925925926
1 0.5778645833333333 0.8495370370370371 0.06822916666666666 0.17314814814814813
1 0.6765625 0.7870370370370371 0.03854166666666667 0.09444444444444444
12 0.4440104166666667 0.20833333333333334 0.1234375 0.24074074074074073
8 0.27421875 0.9217592592592593 0.13385416666666666 0.15648148148148147
11 0.7385416666666667 0.8875 0.15729166666666666 0.12129629629629629
5 0.9809895833333333 0.7393518518518518 0.034895833333333334 0.03796296296296296
3 0.9565104166666667 0.7458333333333333 0.0421875 0.03611111111111111
13 0.7752604166666667 0.7064814814814815 0.1265625 0.10925925925925926
14 0.7713541666666667 0.4356481481481482 0.03333333333333333 0.06018518518518518
14 0.8177083333333334 0.37407407407407406 0.03125 0.05740740740740741
14 0.9078125 0.5180555555555556 0.029166666666666667 0.04537037037037037
