0 0.2791666666666667 0.825925925925926 0.3182291666666667 0.9796296296296296
0 0.38125 0.8287037037037037 0.41510416666666666 0.9185185185185185
2 0.2838541666666667 0.825 0.3020833333333333 0.8518518518518519
2 0.38385416666666666 0.8277777777777777 0.39947916666666666 0.8407407407407408
1 0.28020833333333334 0.8518518518518519 0.30364583333333334 0.9185185185185185
1 0.38697916666666665 0.8481481481481481 0.4078125 0.8962962962962963
12 0.29635416666666664 0.18611111111111112 0.40572916666666664 0.32314814814814813
10 0.6739583333333333 0.8157407407407408 0.728125 0.8851851851851852
14 0.640625 0.23148148148148148 0.6651041666666667 0.3037037037037037
14 0.7994791666666666 0.6546296296296297 0.8984375 0.7027777777777777
14 0.8994791666666667 0.6564814814814814 0.9354166666666667 0.7055555555555556
14 0.7223958333333333 0.2962962962962963 0.7833333333333333 0.4
