0 0.15885416666666666 0.6027777777777777 0.21614583333333334 0.7759259259259259
0 0.15260416666666668 0.7212962962962963 0.20104166666666667 0.8333333333333334
0 0.0265625 0.600925925925926 0.1859375 1.0
0 0.5239583333333333 0.5398148148148149 0.6057291666666667 0.9601851851851851
2 0.04791666666666667 0.5935185185185186 0.10104166666666667 0.6472222222222223
2 0.1640625 0.5944444444444444 0.19010416666666666 0.6268518518518519
2 0.1625 0.7148148148148148 0.18802083333333333 0.7435185185185185
2 0.5416666666666666 0.5314814814814814 0.5791666666666667 0.5833333333333334
1 0.033854166666666664 0.6796296296296296 0.12604166666666666 0.8898148148148148
1 0.16041666666666668 0.6296296296296297 0.1953125 0.7111111111111111
1 0.14479166666666668 0.7305555555555555 0.1703125 0.8231481481481482
1 0.5375 0.6055555555555555 0.5927083333333333 0.7722222222222223
12 0.215625 0.3175925925925926 0.44427083333333334 0.6101851851851852
5 0.18645833333333334 0.7824074074074074 0.4427083333333333 0.9046296296296297
8 0.0010416666666666667 0.7398148148148148 0.0296875 0.8722222222222222
11 0.25833333333333336 0.7824074074074074 0.4546875 0.9787037037037037
13 0.8984375 0.4425925925925926 1.0 0.5675925925925925
14 0.9588541666666667 0.45925925925925926 0.9864583333333333 0.5222222222222223
