0 0.17552083333333332 0.7703703703703704 0.078125 0.45925925925925926
0 0.28880208333333335 0.6296296296296297 0.03697916666666667 0.1425925925925926
0 0.27760416666666665 0.7240740740740741 0.052083333333333336 0.11666666666666667
0 0.6666666666666666 0.7162037037037037 0.07083333333333333 0.42685185185185187
2 0.17682291666666666 0.5694444444444444 0.05677083333333333 0.06666666666666667
2 0.284375 0.5712962962962963 0.017708333333333333 0.03888888888888889
2 0.27786458333333336 0.6759259259259259 0.021354166666666667 0.02962962962962963
2 0.65703125 0.5273148148148148 0.044270833333333336 0.05092592592592592
1 0.1703125 0.7157407407407408 0.06354166666666666 0.18703703703703703
1 0.28046875 0.6185185185185185 0.03177083333333333 0.07222222222222222
1 0.26458333333333334 0.7226851851851852 0.035416666666666666 0.0787037037037037
1 0.6635416666666667 0.6435185185185185 0.057291666666666664 0.1648148148148148
12 0.3927083333333333 0.24305555555555555 0.17395833333333333 0.3175925925925926
5 0.4197916666666667 0.7953703703703704 0.24895833333333334 0.10185185185185185
8 0.10208333333333333 0.737037037037037 0.07604166666666666 0.12222222222222222
11 0.45260416666666664 0.8328703703703704 0.196875 0.19907407407407407
