0 0.11979166666666667 0.874537037037037 0.0375 0.225
0 0.18072916666666666 0.8148148148148148 0.036458333333333336 0.12407407407407407
0 0.184375 0.9282407407407407 0.065625 0.11574074074074074
0 0.44375 0.875462962962963 0.090625 0.2490740740740741
0 0.60625 0.8310185185185185 0.06458333333333334 0.33796296296296297
3 0.7838541666666666 0.7555555555555555 0.06354166666666666 0.11666666666666667
2 0.1171875 0.774074074074074 0.021875 0.02962962962962963
2 0.17916666666666667 0.774074074074074 0.017708333333333333 0.03148148148148148
2 0.17864583333333334 0.8791666666666667 0.020833333333333332 0.025
2 0.47265625 0.7847222222222222 0.03177083333333333 0.06388888888888888
2 0.6018229166666667 0.6824074074074075 0.04010416666666667 0.040740740740740744
6 0.05260416666666667 0.8833333333333333 0.103125 0.11481481481481481
8 0.024479166666666666 0.9569444444444445 0.046875 0.0787037037037037
1 0.6088541666666667 0.7921296296296296 0.05625 0.14907407407407408
1 0.17083333333333334 0.9305555555555556 0.035416666666666666 0.07592592592592592
12 0.39609375 0.18611111111111112 0.11927083333333334 0.22407407407407406
