0 0.0010416666666666667 0.8444444444444444 0.0421875 1.0
0 0.5432291666666667 0.8287037037037037 0.5963541666666666 1.0
0 0.6359375 0.8342592592592593 0.7083333333333334 1.0
0 0.7395833333333334 0.7768518518518519 0.7723958333333333 0.8870370370370371
0 0.784375 0.7648148148148148 0.8135416666666667 0.8518518518518519
0 0.8380208333333333 0.7620370370370371 0.8598958333333333 0.8694444444444445
0 0.9135416666666667 0.8361111111111111 0.9536458333333333 0.9722222222222222
2 0.0005208333333333333 0.85 0.033854166666666664 0.8944444444444445
2 0.5526041666666667 0.8287037037037037 0.5817708333333333 0.8787037037037037
2 0.65 0.8222222222222222 0.6859375 0.8796296296296297
2 0.7875 0.7592592592592593 0.8072916666666666 0.7842592592592592
2 0.9197916666666667 0.825 0.9364583333333333 0.8574074074074074
1 0.004166666666666667 0.8981481481481481 0.034895833333333334 1.0
1 0.5515625 0.8768518518518519 0.596875 0.9972222222222222
1 0.6416666666666667 0.8925925925925926 0.7010416666666667 1.0
1 0.7390625 0.7898148148148149 0.7651041666666667 0.8342592592592593
1 0.7869791666666667 0.7842592592592592 0.8083333333333333 0.8296296296296296
1 0.8354166666666667 0.7731481481481481 0.8557291666666667 0.8388888888888889
1 0.9223958333333333 0.8648148148148148 0.9473958333333333 0.9120370370370371
13 0.8385416666666666 0.7842592592592592 0.9947916666666666 0.9111111111111111
14 0.8546875 0.8018518518518518 0.8708333333333333 0.85
14 0.8885416666666667 0.5231481481481481 0.9453125 0.5944444444444444
14 0.9515625 0.4527777777777778 0.9911458333333333 0.5194444444444445
14 0.9375 0.125 0.9713541666666666 0.1787037037037037
