0 0.36770833333333336 0.5981481481481481 0.41458333333333336 0.9166666666666666
0 0.44166666666666665 0.6037037037037037 0.4875 0.7361111111111112
0 0.5765625 0.5935185185185186 0.628125 0.7527777777777778
12 0.46875 0.3675925925925926 0.5625 0.55
14 0.7828125 0.12129629629629629 0.8302083333333333 0.2212962962962963
14 0.1734375 0.575 0.3692708333333333 0.6055555555555555
14 0.9234375 0.5925925925925926 0.9755208333333333 0.6370370370370371
3 0.4088541666666667 0.7314814814814815 0.6401041666666667 0.9268518518518518
4 0.7416666666666667 0.6370370370370371 1.0 0.7935185185185185
1 0.5848958333333333 0.637962962962963 0.61875 0.7472222222222222
1 0.4510416666666667 0.6555555555555556 0.4869791666666667 0.7351851851851852
2 0.45625 0.6092592592592593 0.478125 0.6351851851851852
2 0.5869791666666667 0.5972222222222222 0.6098958333333333 0.6240740740740741
2 0.39114583333333336 0.6 0.4166666666666667 0.6277777777777778
7 0.040625 0.6805555555555556 0.11302083333333333 0.7574074074074074
7 0.175 0.6842592592592592 0.23854166666666668 0.7342592592592593
7 0.25833333333333336 0.6694444444444444 0.31927083333333334 0.725
7 0.5395833333333333 0.6685185185185185 0.5817708333333333 0.7305555555555555
7 0.628125 0.6666666666666666 0.6588541666666666 0.7231481481481481
