0 0.026041666666666668 0.5953703703703703 0.06197916666666667 0.8055555555555556
0 0.057291666666666664 0.7 0.1125 0.8148148148148148
0 0.0859375 0.6046296296296296 0.1265625 0.7148148148148148
0 0.2828125 0.6342592592592593 0.37135416666666665 0.9194444444444444
0 0.4401041666666667 0.5814814814814815 0.48854166666666665 0.912962962962963
3 0.6197916666666666 0.6435185185185185 0.6786458333333333 0.7583333333333333
2 0.034375 0.5972222222222222 0.05677083333333333 0.6203703703703703
2 0.07552083333333333 0.7037037037037037 0.0953125 0.7296296296296296
2 0.10520833333333333 0.6064814814814815 0.121875 0.6314814814814815
2 0.34322916666666664 0.637962962962963 0.36770833333333336 0.6888888888888889
2 0.45 0.5851851851851851 0.48020833333333335 0.6157407407407407
1 0.0625 0.7305555555555555 0.09479166666666666 0.7925925925925926
1 0.2869791666666667 0.6685185185185185 0.3541666666666667 0.7944444444444444
1 0.4432291666666667 0.6324074074074074 0.4901041666666667 0.7527777777777778
12 0.32708333333333334 0.058333333333333334 0.41822916666666665 0.19907407407407407
