0 0.06875 0.5712962962962963 0.121875 0.8055555555555556
0 0.21041666666666667 0.5638888888888889 0.25364583333333335 0.7722222222222223
0 0.29375 0.5564814814814815 0.3546875 0.9166666666666666
0 0.3671875 0.5787037037037037 0.42864583333333334 0.8638888888888889
0 0.49895833333333334 0.5814814814814815 0.5604166666666667 0.7074074074074074
3 0.2916666666666667 0.6935185185185185 0.43385416666666665 0.812962962962963
2 0.08958333333333333 0.5703703703703704 0.1125 0.6027777777777777
2 0.2234375 0.5648148148148148 0.2453125 0.5935185185185186
2 0.3026041666666667 0.5592592592592592 0.3328125 0.5953703703703703
2 0.371875 0.5814814814814815 0.4010416666666667 0.6166666666666667
2 0.5140625 0.5824074074074074 0.5447916666666667 0.6305555555555555
1 0.28958333333333336 0.6083333333333333 0.3494791666666667 0.7379629629629629
1 0.3697916666666667 0.6342592592592593 0.4114583333333333 0.7398148148148148
1 0.08333333333333333 0.6166666666666667 0.12083333333333333 0.7111111111111111
12 0.5729166666666666 0.09074074074074075 0.6864583333333333 0.3509259259259259
13 0.5864583333333333 0.5935185185185186 1.0 0.7592592592592593
