0 0.1625 0.6411458333333333 0.032407407407407406 0.042708333333333334
0 0.575 0.6888020833333334 0.05185185185185185 0.13802083333333334
0 0.6111111111111112 0.69453125 0.07222222222222222 0.14114583333333333
0 0.8263888888888888 0.6942708333333333 0.08055555555555556 0.13645833333333332
2 0.1574074074074074 0.6221354166666667 0.016666666666666666 0.0078125
2 0.5828703703703704 0.6260416666666667 0.04351851851851852 0.014583333333333334
2 0.6375 0.6348958333333333 0.041666666666666664 0.023958333333333335
2 0.8296296296296296 0.6359375 0.04814814814814815 0.016666666666666666
1 0.16111111111111112 0.6348958333333333 0.022222222222222223 0.013541666666666667
1 0.5648148148148148 0.66484375 0.037037037037037035 0.050520833333333334
1 0.6050925925925926 0.6736979166666667 0.062037037037037036 0.0609375
1 0.825462962962963 0.6776041666666667 0.075 0.05416666666666667
12 0.7231481481481481 0.38255208333333335 0.2833333333333333 0.18385416666666668
4 0.34953703703703703 0.6453125 0.08425925925925926 0.03229166666666667
4 0.23703703703703705 0.6440104166666667 0.03148148148148148 0.027604166666666666
8 0.9217592592592593 0.7221354166666667 0.15648148148148147 0.07135416666666666
11 0.9268518518518518 0.8583333333333333 0.14629629629629629 0.13958333333333334
10 0.5953703703703703 0.7442708333333333 0.040740740740740744 0.03854166666666667
6 0.28379629629629627 0.64375 0.0712962962962963 0.03229166666666667
6 0.09722222222222222 0.6424479166666667 0.07962962962962963 0.0359375
13 0.12314814814814815 0.6252604166666667 0.24444444444444444 0.0390625
14 0.2337962962962963 0.5583333333333333 0.46574074074074073 0.05416666666666667
14 0.8481481481481481 0.41171875 0.03518518518518519 0.021354166666666667
14 0.9657407407407408 0.41822916666666665 0.06851851851851852 0.025
14 0.9685185185185186 0.5263020833333333 0.06296296296296296 0.0234375
14 0.9634259259259259 0.3333333333333333 0.07314814814814814 0.026041666666666668
14 0.9550925925925926 0.13515625 0.08981481481481482 0.0421875
14 0.32685185185185184 0.6143229166666667 0.1685185185185185 0.04114583333333333
14 0.5185185185185185 0.6239583333333333 0.08703703703703704 0.020833333333333332
