0 0.053125 0.7138888888888889 0.0375 0.23703703703703705
0 0.17552083333333332 0.6652777777777777 0.042708333333333334 0.14907407407407408
0 0.16770833333333332 0.7717592592592593 0.051041666666666666 0.1287037037037037
0 0.10911458333333333 0.7819444444444444 0.13177083333333334 0.4305555555555556
0 0.57265625 0.7453703703703703 0.09739583333333333 0.43148148148148147
2 0.05572916666666667 0.6185185185185185 0.029166666666666667 0.04259259259259259
2 0.10130208333333333 0.6097222222222223 0.058854166666666666 0.075
2 0.17083333333333334 0.6078703703703704 0.028125 0.03611111111111111
2 0.16770833333333332 0.7226851851851852 0.027083333333333334 0.030555555555555555
2 0.5533854166666666 0.5587962962962963 0.043229166666666666 0.049074074074074076
1 0.09609375 0.7768518518518519 0.08385416666666666 0.22037037037037038
1 0.17291666666666666 0.6601851851851852 0.03229166666666667 0.07592592592592592
1 0.153125 0.7462962962962963 0.017708333333333333 0.03888888888888889
1 0.059895833333333336 0.6828703703703703 0.03333333333333333 0.058333333333333334
1 0.5572916666666666 0.6782407407407407 0.05625 0.17314814814814813
12 0.3528645833333333 0.4787037037037037 0.20677083333333332 0.2814814814814815
5 0.30442708333333335 0.8416666666666667 0.25677083333333334 0.13148148148148148
8 0.011458333333333333 0.799537037037037 0.021875 0.1361111111111111
11 0.3463541666666667 0.8916666666666667 0.20104166666666667 0.21666666666666667
13 0.9447916666666667 0.5115740740740741 0.11041666666666666 0.1398148148148148
14 0.96015625 0.4949074074074074 0.028645833333333332 0.075
