0 0.0578125 0.3194444444444444 0.0984375 0.4722222222222222
0 0.0390625 0.4444444444444444 0.0984375 0.5907407407407408
0 0.2234375 0.3277777777777778 0.33541666666666664 0.762962962962963
0 0.44166666666666665 0.275 0.5348958333333333 0.7722222222222223
2 0.06666666666666667 0.32037037037037036 0.0890625 0.3425925925925926
2 0.0578125 0.45092592592592595 0.09010416666666667 0.48148148148148145
2 0.28072916666666664 0.3212962962962963 0.3307291666666667 0.4064814814814815
2 0.45729166666666665 0.27870370370370373 0.5067708333333333 0.34629629629629627
1 0.0515625 0.3592592592592593 0.09583333333333334 0.4444444444444444
1 0.03958333333333333 0.48055555555555557 0.075 0.5564814814814815
1 0.2234375 0.3962962962962963 0.30416666666666664 0.5833333333333334
1 0.44583333333333336 0.35648148148148145 0.515625 0.5435185185185185
5 0.22916666666666666 0.549074074074074 0.45625 0.6620370370370371
11 0.2734375 0.5277777777777778 0.5296875 0.7416666666666667
13 0.8161458333333333 0.21944444444444444 1.0 0.34814814814814815
14 0.8552083333333333 0.23148148148148148 0.8802083333333334 0.30185185185185187
