0 0.37890625 0.6805555555555556 0.0546875 0.2740740740740741
0 0.4390625 0.6337962962962963 0.04479166666666667 0.13425925925925927
0 0.35494791666666664 0.6194444444444445 0.033854166666666664 0.15
2 0.42734375 0.5893518518518519 0.018229166666666668 0.025
2 0.3614583333333333 0.5541666666666667 0.019791666666666666 0.017592592592592594
2 0.38828125 0.5666666666666667 0.025520833333333333 0.025925925925925925
1 0.37864583333333335 0.6337962962962963 0.04375 0.09351851851851851
1 0.44192708333333336 0.6138888888888889 0.028645833333333332 0.06481481481481481
1 0.3541666666666667 0.6148148148148148 0.027083333333333334 0.06666666666666667
6 0.55234375 0.6337962962962963 0.15989583333333332 0.07314814814814814
8 0.019270833333333334 0.6175925925925926 0.0375 0.053703703703703705
10 0.10625 0.5587962962962963 0.0375 0.06388888888888888
11 0.47942708333333334 0.7652777777777777 0.14427083333333332 0.12129629629629629
12 0.48880208333333336 0.1259259259259259 0.07135416666666666 0.11481481481481481
14 0.3924479166666667 0.40694444444444444 0.4453125 0.17314814814814813
13 0.32083333333333336 0.549074074074074 0.19375 0.05740740740740741
