0 0.26015625 0.7601851851851852 0.044270833333333336 0.3148148148148148
0 0.3528645833333333 0.6828703703703703 0.05364583333333333 0.1398148148148148
0 0.47578125 0.750462962962963 0.05260416666666667 0.29907407407407405
3 0.3841145833333333 0.8444444444444444 0.2328125 0.21481481481481482
3 0.11510416666666666 0.899074074074074 0.22916666666666666 0.14814814814814814
2 0.25859375 0.6185185185185185 0.028645833333333332 0.027777777777777776
2 0.35104166666666664 0.6314814814814815 0.026041666666666668 0.02962962962962963
2 0.4708333333333333 0.6166666666666667 0.026041666666666668 0.027777777777777776
6 0.8231770833333333 0.7189814814814814 0.3536458333333333 0.17314814814814813
1 0.3515625 0.7055555555555556 0.04479166666666667 0.08148148148148149
1 0.47291666666666665 0.6990740740740741 0.04479166666666667 0.10740740740740741
12 0.37942708333333336 0.4097222222222222 0.10260416666666666 0.20092592592592592
