0 0.121875 0.9740740740740741 0.04375 0.05185185185185185
12 0.37994791666666666 0.1300925925925926 0.1734375 0.25462962962962965
3 0.375 0.7175925925925926 0.22604166666666667 0.2740740740740741
2 0.3203125 0.986574074074074 0.03229166666666667 0.026851851851851852
2 0.45807291666666666 0.9902777777777778 0.028645833333333332 0.019444444444444445
14 0.044270833333333336 0.26296296296296295 0.0875 0.11481481481481481
14 0.034375 0.4675925925925926 0.06770833333333333 0.10925925925925926
14 0.035416666666666666 0.7513888888888889 0.06875 0.09166666666666666
14 0.4205729166666667 0.962037037037037 0.24635416666666668 0.04814814814814815
14 0.9278645833333333 0.6763888888888889 0.021354166666666667 0.03425925925925926
14 0.9755208333333333 0.5185185185185185 0.04895833333333333 0.08888888888888889
14 0.9442708333333333 0.09074074074074075 0.05416666666666667 0.1685185185185185
2 0.1203125 0.9722222222222222 0.0375 0.040740740740740744
