0 0.7967592592592593 0.6692708333333334 0.07314814814814814 0.14375
0 0.8722222222222222 0.6208333333333333 0.07037037037037037 0.03854166666666667
0 0.34629629629629627 0.621875 0.03888888888888889 0.04583333333333333
2 0.3388888888888889 0.60546875 0.016666666666666666 0.0067708333333333336
2 0.8148148148148148 0.60390625 0.040740740740740744 0.011979166666666667
2 0.8796296296296297 0.6177083333333333 0.044444444444444446 0.027083333333333334
1 0.3425925925925926 0.61875 0.025925925925925925 0.016666666666666666
1 0.7958333333333333 0.6419270833333334 0.04351851851851852 0.050520833333333334
1 0.8541666666666666 0.6286458333333333 0.019444444444444445 0.014583333333333334
12 0.8870370370370371 0.33515625 0.1537037037037037 0.16614583333333333
4 0.5273148148148148 0.6268229166666667 0.0824074074074074 0.030729166666666665
4 0.4166666666666667 0.6260416666666667 0.03148148148148148 0.027083333333333334
10 0.8046296296296296 0.7260416666666667 0.06296296296296296 0.042708333333333334
6 0.462037037037037 0.6265625 0.07222222222222222 0.030208333333333334
6 0.2824074074074074 0.6265625 0.08148148148148149 0.034375
13 0.26342592592592595 0.6059895833333333 0.3101851851851852 0.034895833333333334
14 0.3236111111111111 0.5427083333333333 0.6361111111111111 0.05
14 0.21481481481481482 0.7645833333333333 0.42777777777777776 0.04791666666666667
14 0.07037037037037037 0.27291666666666664 0.08333333333333333 0.04895833333333333
14 0.49953703703703706 0.6018229166666667 0.18981481481481483 0.050520833333333334
14 0.7 0.6033854166666667 0.09074074074074075 0.0171875
