0 0.34088541666666666 0.5819444444444445 0.059895833333333336 0.25833333333333336
0 0.41380208333333335 0.625462962962963 0.05364583333333333 0.13240740740740742
0 0.41744791666666664 0.5050925925925925 0.0328125 0.13425925925925927
0 0.6604166666666667 0.6296296296296297 0.121875 0.45555555555555555
0 0.8807291666666667 0.5833333333333334 0.11354166666666667 0.5481481481481482
2 0.3424479166666667 0.4736111111111111 0.0359375 0.03611111111111111
2 0.41119791666666666 0.45740740740740743 0.0203125 0.03888888888888889
2 0.41067708333333336 0.575925925925926 0.028645833333333332 0.02962962962962963
2 0.6828125 0.4532407407407407 0.05 0.10277777777777777
2 0.8614583333333333 0.3472222222222222 0.05416666666666667 0.07407407407407407
1 0.41432291666666665 0.5074074074074074 0.030729166666666665 0.07592592592592592
1 0.40677083333333336 0.6282407407407408 0.03854166666666667 0.08055555555555556
1 0.6380208333333334 0.5675925925925925 0.07916666666666666 0.20185185185185187
1 0.8755208333333333 0.48703703703703705 0.07916666666666666 0.18518518518518517
5 0.7338541666666667 0.6685185185185185 0.22291666666666668 0.14629629629629629
8 0.24166666666666667 0.6694444444444444 0.10416666666666667 0.13333333333333333
11 0.7828125 0.7013888888888888 0.26458333333333334 0.21388888888888888
