0 0.002777777777777778 0.6260416666666667 0.10648148148148148 0.8171875
0 0.39814814814814814 0.7348958333333333 0.575925925925926 0.8713541666666667
2 0.021296296296296296 0.6286458333333333 0.07962962962962963 0.65
2 0.4462962962962963 0.7348958333333333 0.5055555555555555 0.7567708333333333
1 0.004629629629629629 0.6520833333333333 0.08148148148148149 0.7348958333333333
1 0.4212962962962963 0.7671875 0.5462962962962963 0.8463541666666666
12 0.5694444444444444 0.2942708333333333 0.8435185185185186 0.4578125
3 0.2361111111111111 0.7416666666666667 0.6175925925925926 0.7755208333333333
8 0.6611111111111111 0.6880208333333333 0.774074074074074 0.7307291666666667
10 0.8574074074074074 0.6588541666666666 0.9296296296296296 0.696875
8 0.9055555555555556 0.7015625 0.9981481481481481 0.7697916666666667
8 0.06759259259259259 0.7109375 0.26481481481481484 0.7973958333333333
13 0.11481481481481481 0.6260416666666667 0.28055555555555556 0.6651041666666667
14 0.29907407407407405 0.5401041666666667 0.700925925925926 0.5989583333333334
14 0.06018518518518518 0.5458333333333333 0.3111111111111111 0.5942708333333333
14 0.22407407407407406 0.4239583333333333 0.30462962962962964 0.4505208333333333
14 0.4981481481481482 0.24947916666666667 0.7620370370370371 0.3385416666666667
14 0.021296296296296296 0.45989583333333334 0.08796296296296297 0.4822916666666667
14 0.040740740740740744 0.27760416666666665 0.11574074074074074 0.321875
