0 0.371875 0.5643518518518519 0.06145833333333333 0.25277777777777777
0 0.44036458333333334 0.4888888888888889 0.050520833333333334 0.14444444444444443
0 0.44427083333333334 0.6097222222222223 0.0625 0.125
0 0.7036458333333333 0.6101851851851852 0.11979166666666667 0.45185185185185184
0 0.9203125 0.5449074074074074 0.10625 0.5120370370370371
2 0.3645833333333333 0.45740740740740743 0.028125 0.040740740740740744
2 0.4315104166666667 0.44074074074074077 0.0234375 0.04259259259259259
2 0.4421875 0.5587962962962963 0.025 0.03425925925925926
2 0.7393229166666667 0.4486111111111111 0.04010416666666667 0.08425925925925926
2 0.90703125 0.32083333333333336 0.058854166666666666 0.06759259259259259
1 0.43776041666666665 0.49722222222222223 0.0359375 0.07592592592592592
1 0.4317708333333333 0.611574074074074 0.035416666666666666 0.09907407407407408
1 0.6880208333333333 0.5523148148148148 0.08854166666666667 0.18425925925925926
1 0.91328125 0.46064814814814814 0.0890625 0.20462962962962963
5 0.7403645833333333 0.6574074074074074 0.15677083333333333 0.1259259259259259
8 0.27057291666666666 0.6393518518518518 0.10989583333333333 0.12314814814814815
11 0.8135416666666667 0.6736111111111112 0.26145833333333335 0.2064814814814815
