0 0.0005208333333333333 0.37037037037037035 0.01875 0.6574074074074074
0 0.05625 0.36666666666666664 0.16197916666666667 0.8546296296296296
0 0.5010416666666667 0.37777777777777777 0.5807291666666666 0.8175925925925925
2 0.0010416666666666667 0.37037037037037035 0.013020833333333334 0.4009259259259259
2 0.10625 0.3712962962962963 0.1203125 0.39537037037037037
2 0.09895833333333333 0.37777777777777777 0.15260416666666668 0.43425925925925923
2 0.5015625 0.38333333333333336 0.55 0.4388888888888889
1 0.0005208333333333333 0.4305555555555556 0.016666666666666666 0.5342592592592592
1 0.053125 0.44166666666666665 0.13333333333333333 0.6203703703703703
1 0.5192708333333333 0.4546296296296296 0.5692708333333333 0.6166666666666667
5 0.165625 0.6046296296296296 0.4635416666666667 0.725925925925926
11 0.21979166666666666 0.5879629629629629 0.4708333333333333 0.825925925925926
13 0.8510416666666667 0.35833333333333334 1.0 0.5101851851851852
14 0.9026041666666667 0.37407407407407406 0.9265625 0.44907407407407407
