0 0.12135416666666667 0.5925925925925926 0.15677083333333333 0.7907407407407407
0 0.15416666666666667 0.6990740740740741 0.2046875 0.8064814814814815
0 0.18177083333333333 0.600925925925926 0.215625 0.7111111111111111
0 0.36770833333333336 0.637962962962963 0.4484375 0.9157407407407407
0 0.5234375 0.5851851851851851 0.5697916666666667 0.9203703703703704
3 0.7083333333333334 0.649074074074074 0.7651041666666667 0.7712962962962963
2 0.1328125 0.5925925925925926 0.15260416666666668 0.6175925925925926
2 0.17083333333333334 0.7 0.1875 0.7203703703703703
2 0.20260416666666667 0.6027777777777777 0.2140625 0.6296296296296297
2 0.4276041666666667 0.6407407407407407 0.4505208333333333 0.6953703703703704
2 0.5354166666666667 0.5833333333333334 0.5588541666666667 0.6129629629629629
6 0.0005208333333333333 0.637962962962963 0.11822916666666666 0.7574074074074074
8 0.0020833333333333333 0.712037037037037 0.06041666666666667 0.8111111111111111
1 0.15364583333333334 0.7194444444444444 0.18645833333333334 0.7870370370370371
1 0.3697916666666667 0.6657407407407407 0.42916666666666664 0.7907407407407407
1 0.5276041666666667 0.6268518518518519 0.5692708333333333 0.7555555555555555
12 0.39427083333333335 0.05462962962962963 0.5026041666666666 0.21388888888888888
