0 0.0953125 0.6166666666666667 0.14635416666666667 0.8537037037037037
0 0.19270833333333334 0.6166666666666667 0.23125 0.7694444444444445
0 0.18072916666666666 0.7416666666666667 0.24427083333333333 0.8768518518518519
0 0.43385416666666665 0.6555555555555556 0.559375 1.0
0 0.6375 0.5842592592592593 0.7260416666666667 1.0
2 0.1125 0.6194444444444445 0.14739583333333334 0.6537037037037037
2 0.203125 0.6296296296296297 0.22447916666666667 0.6703703703703704
2 0.19114583333333332 0.7416666666666667 0.22447916666666667 0.7759259259259259
2 0.5052083333333334 0.6574074074074074 0.5453125 0.7583333333333333
2 0.653125 0.5907407407407408 0.7140625 0.6435185185185185
1 0.18697916666666667 0.6518518518518519 0.22708333333333333 0.7361111111111112
1 0.17708333333333334 0.7694444444444445 0.221875 0.8361111111111111
1 0.4354166666666667 0.7083333333333334 0.5197916666666667 0.8870370370370371
1 0.6463541666666667 0.6564814814814814 0.7177083333333333 0.8212962962962963
12 0.37447916666666664 0.003703703703703704 0.5619791666666667 0.2037037037037037
5 0.45989583333333334 0.8166666666666667 0.6411458333333333 0.9462962962962963
8 0.0005208333333333333 0.7481481481481481 0.08020833333333334 0.9055555555555556
11 0.4640625 0.8166666666666667 0.6880208333333333 1.0
13 0.8953125 0.5370370370370371 1.0 0.6694444444444444
14 0.9322916666666666 0.549074074074074 0.9630208333333333 0.6185185185185185
