0 0.53671875 0.6453703703703704 0.059895833333333336 0.337037037037037
0 0.8216145833333334 0.6222222222222222 0.06614583333333333 0.337037037037037
0 0.9236979166666667 0.6453703703703704 0.09635416666666667 0.3851851851851852
14 0.66484375 0.4685185185185185 0.20885416666666667 0.04814814814814815
14 0.23984375 0.30648148148148147 0.1015625 0.046296296296296294
14 0.23359375 0.04027777777777778 0.07135416666666666 0.05462962962962963
3 0.6658854166666667 0.6217592592592592 0.26510416666666664 0.21203703703703702
2 0.9018229166666667 0.4703703703703704 0.0359375 0.037037037037037035
2 0.8145833333333333 0.4722222222222222 0.030208333333333334 0.03518518518518519
2 0.5299479166666666 0.4935185185185185 0.0265625 0.03333333333333333
1 0.815625 0.5708333333333333 0.03854166666666667 0.12685185185185185
1 0.9138020833333333 0.5898148148148148 0.05364583333333333 0.15185185185185185
7 0.41640625 0.6046296296296296 0.0765625 0.06851851851851852
7 0.9723958333333333 0.5518518518518518 0.05520833333333333 0.07592592592592592
7 0.49895833333333334 0.600925925925926 0.023958333333333335 0.05
