0 0.37395833333333334 0.6194444444444445 0.4197916666666667 0.9472222222222222
0 0.4395833333333333 0.637962962962963 0.49322916666666666 0.7666666666666667
0 0.5744791666666667 0.6212962962962963 0.6369791666666667 0.7805555555555556
12 0.4640625 0.3925925925925926 0.56875 0.5777777777777777
14 0.16510416666666666 0.612037037037037 0.3614583333333333 0.6388888888888888
14 0.7729166666666667 0.15 0.8234375 0.2490740740740741
14 0.9182291666666667 0.625 0.9755208333333333 0.6638888888888889
4 0.740625 0.6601851851851852 1.0 0.8185185185185185
3 0.40260416666666665 0.7564814814814815 0.6401041666666667 0.9574074074074074
2 0.5848958333333333 0.6259259259259259 0.6119791666666666 0.6527777777777778
2 0.45625 0.6416666666666667 0.47291666666666665 0.6666666666666666
2 0.3932291666666667 0.6240740740740741 0.41822916666666665 0.6555555555555556
1 0.446875 0.6842592592592592 0.4828125 0.7648148148148148
1 0.58125 0.6694444444444444 0.61875 0.7777777777777778
7 0.53125 0.6944444444444444 0.5776041666666667 0.7518518518518519
7 0.628125 0.6935185185185185 0.6557291666666667 0.7509259259259259
7 0.028645833333333332 0.7129629629629629 0.1078125 0.7824074074074074
7 0.16875 0.7111111111111111 0.23541666666666666 0.7759259259259259
7 0.2515625 0.7037037037037037 0.2989583333333333 0.7574074074074074
