0 0.022395833333333334 0.5013888888888889 0.04375 0.27870370370370373
0 0.13177083333333334 0.4310185185185185 0.03333333333333333 0.1638888888888889
0 0.12291666666666666 0.5476851851851852 0.06458333333333334 0.14166666666666666
0 0.2140625 0.5842592592592593 0.109375 0.4351851851851852
0 0.49166666666666664 0.5546296296296296 0.06979166666666667 0.4759259259259259
2 0.0125 0.37083333333333335 0.019791666666666666 0.04351851851851852
2 0.12760416666666666 0.36157407407407405 0.022916666666666665 0.032407407407407406
2 0.12161458333333333 0.49166666666666664 0.028645833333333332 0.022222222222222223
2 0.23984375 0.41203703703703703 0.0453125 0.07222222222222222
2 0.4890625 0.3458333333333333 0.052083333333333336 0.05648148148148148
1 0.01796875 0.46574074074074073 0.033854166666666664 0.1
1 0.1296875 0.42824074074074076 0.034375 0.0824074074074074
1 0.109375 0.5472222222222223 0.03854166666666667 0.08148148148148149
1 0.19635416666666666 0.5277777777777778 0.08020833333333334 0.1814814814814815
1 0.49322916666666666 0.47175925925925927 0.05520833333333333 0.1675925925925926
5 0.34713541666666664 0.6199074074074075 0.26927083333333335 0.1287037037037037
11 0.3770833333333333 0.6712962962962963 0.2375 0.22592592592592592
13 0.9354166666666667 0.3175925925925926 0.12916666666666668 0.1425925925925926
14 0.9325520833333333 0.29907407407407405 0.028645833333333332 0.07592592592592592
