0 0.20729166666666668 0.7824074074074074 0.07708333333333334 0.4351851851851852
0 0.3184895833333333 0.6486111111111111 0.03177083333333333 0.1287037037037037
0 0.3109375 0.7523148148148148 0.052083333333333336 0.13055555555555556
0 0.7033854166666667 0.7513888888888889 0.0796875 0.42685185185185187
2 0.20989583333333334 0.5958333333333333 0.053125 0.06574074074074074
2 0.3229166666666667 0.5986111111111111 0.01875 0.03611111111111111
2 0.31302083333333336 0.700462962962963 0.023958333333333335 0.032407407407407406
2 0.6940104166666666 0.5648148148148148 0.0515625 0.053703703703703705
1 0.20104166666666667 0.7430555555555556 0.06041666666666667 0.19907407407407407
1 0.22447916666666667 0.6652777777777777 0.016666666666666666 0.028703703703703703
1 0.29921875 0.75 0.0328125 0.07592592592592592
1 0.3190104166666667 0.6504629629629629 0.034895833333333334 0.0787037037037037
1 0.70234375 0.6814814814814815 0.06302083333333333 0.14814814814814814
12 0.40911458333333334 0.3731481481481482 0.1671875 0.27037037037037037
5 0.44817708333333334 0.8268518518518518 0.24739583333333334 0.1
8 0.13776041666666666 0.7675925925925926 0.0796875 0.12962962962962962
11 0.48932291666666666 0.8578703703703704 0.20260416666666667 0.20833333333333334
14 0.007291666666666667 0.5143518518518518 0.013541666666666667 0.062037037037037036
