0 0.026302083333333334 0.49907407407407406 0.04739583333333333 0.2814814814814815
0 0.14869791666666668 0.4361111111111111 0.03697916666666667 0.15185185185185185
0 0.14348958333333334 0.5587962962962963 0.033854166666666664 0.12685185185185185
0 0.10963541666666667 0.6217592592592592 0.12239583333333333 0.5009259259259259
0 0.5817708333333333 0.5819444444444445 0.06458333333333334 0.4398148148148148
2 0.022916666666666665 0.38101851851851853 0.03229166666666667 0.03611111111111111
2 0.14557291666666666 0.3800925925925926 0.021354166666666667 0.021296296296296296
2 0.13802083333333334 0.5064814814814815 0.021875 0.024074074074074074
2 0.12526041666666668 0.42083333333333334 0.059895833333333336 0.0824074074074074
2 0.5744791666666667 0.3902777777777778 0.04895833333333333 0.05462962962962963
1 0.0296875 0.462037037037037 0.0375 0.08888888888888889
1 0.08776041666666666 0.5555555555555556 0.0859375 0.19814814814814816
1 0.146875 0.4398148148148148 0.025 0.07592592592592592
1 0.5880208333333333 0.5152777777777777 0.052083333333333336 0.1675925925925926
5 0.3265625 0.649537037037037 0.2947916666666667 0.1175925925925926
11 0.3645833333333333 0.7064814814814815 0.23645833333333333 0.21851851851851853
13 0.9432291666666667 0.4 0.11354166666666667 0.14444444444444443
14 0.9505208333333334 0.37546296296296294 0.023958333333333335 0.06944444444444445
