0 0.13567708333333334 0.7574074074074074 0.030729166666666665 0.20185185185185187
0 0.17864583333333334 0.8152777777777778 0.058333333333333334 0.10648148148148148
0 0.19453125 0.7143518518518519 0.033854166666666664 0.09722222222222222
0 0.4015625 0.8300925925925926 0.084375 0.28425925925925927
0 0.5361979166666667 0.7939814814814815 0.050520833333333334 0.33796296296296297
3 0.7359375 0.7398148148148148 0.05625 0.11851851851851852
2 0.1390625 0.6685185185185185 0.020833333333333332 0.024074074074074074
2 0.1765625 0.7754629629629629 0.016666666666666666 0.019444444444444445
2 0.20572916666666666 0.6777777777777778 0.011458333333333333 0.024074074074074074
2 0.43020833333333336 0.712037037037037 0.021875 0.04814814814814815
2 0.5432291666666667 0.6439814814814815 0.027083333333333334 0.03425925925925926
6 0.05677083333333333 0.7703703703703704 0.11145833333333334 0.10185185185185185
8 0.027864583333333335 0.8361111111111111 0.0515625 0.10740740740740741
1 0.16614583333333333 0.8189814814814815 0.027083333333333334 0.06574074074074074
1 0.3875 0.7777777777777778 0.05416666666666667 0.12962962962962962
1 0.5390625 0.737037037037037 0.036458333333333336 0.11851851851851852
12 0.42552083333333335 0.1837962962962963 0.10416666666666667 0.1712962962962963
