0 0.5208333333333334 0.5074074074074074 0.565625 0.8268518518518518
0 0.8140625 0.4842592592592593 0.8666666666666667 0.8277777777777777
0 0.9390625 0.4740740740740741 1.0 0.8777777777777778
14 0.2140625 0.019444444444444445 0.2864583333333333 0.08611111111111111
14 0.22135416666666666 0.30277777777777776 0.309375 0.34814814814814815
3 0.5453125 0.4601851851851852 0.8135416666666667 0.6657407407407407
2 0.8192708333333333 0.4861111111111111 0.846875 0.5175925925925926
2 0.940625 0.4703703703703704 0.98125 0.5092592592592593
1 0.8151041666666666 0.5370370370370371 0.85 0.6638888888888889
1 0.9484375 0.5407407407407407 0.9895833333333334 0.6944444444444444
2 0.5369791666666667 0.5009259259259259 0.5619791666666667 0.5296296296296297
7 0.39427083333333335 0.5907407407407408 0.47239583333333335 0.6527777777777778
7 0.503125 0.5944444444444444 0.5286458333333334 0.6342592592592593
7 0.8942708333333333 0.5574074074074075 0.9463541666666667 0.6388888888888888
