0 0.022395833333333334 0.34444444444444444 0.071875 0.5009259259259259
0 0.013020833333333334 0.48148148148148145 0.08020833333333334 0.6305555555555555
0 0.16458333333333333 0.3592592592592593 0.275 0.7981481481481482
0 0.4015625 0.325 0.49114583333333334 0.8018518518518518
2 0.030208333333333334 0.34444444444444444 0.059895833333333336 0.37592592592592594
2 0.033854166666666664 0.47962962962962963 0.06458333333333334 0.5064814814814815
2 0.2140625 0.36666666666666664 0.26458333333333334 0.43425925925925923
2 0.41354166666666664 0.3277777777777778 0.4666666666666667 0.37592592592592594
1 0.027083333333333334 0.38333333333333336 0.06770833333333333 0.4675925925925926
1 0.010416666666666666 0.5018518518518519 0.053125 0.5972222222222222
1 0.16510416666666666 0.42407407407407405 0.23802083333333332 0.6268518518518519
1 0.4015625 0.40185185185185185 0.47604166666666664 0.5740740740740741
5 0.184375 0.5768518518518518 0.41875 0.7018518518518518
11 0.21614583333333334 0.575925925925926 0.4979166666666667 0.7731481481481481
13 0.7947916666666667 0.27870370370370373 1.0 0.4185185185185185
14 0.8442708333333333 0.3 0.8666666666666667 0.3592592592592593
