0 0.12473958333333333 0.8171296296296297 0.028645833333333332 0.225
0 0.20104166666666667 0.7606481481481482 0.042708333333333334 0.12129629629629629
0 0.2 0.8856481481481482 0.05 0.12129629629629629
0 0.46770833333333334 0.8657407407407407 0.1 0.26851851851851855
0 0.640625 0.825925925925926 0.06354166666666666 0.34814814814814815
2 0.12578125 0.7199074074074074 0.0265625 0.026851851851851852
2 0.2015625 0.7236111111111111 0.016666666666666666 0.03611111111111111
2 0.196875 0.8347222222222223 0.025 0.026851851851851852
2 0.4979166666666667 0.7657407407407407 0.03229166666666667 0.07592592592592592
2 0.6432291666666666 0.6763888888888889 0.0375 0.05648148148148148
8 0.0296875 0.9064814814814814 0.058333333333333334 0.12037037037037036
1 0.1984375 0.7763888888888889 0.03125 0.0712962962962963
1 0.18776041666666668 0.8791666666666667 0.03177083333333333 0.07685185185185185
1 0.45625 0.8425925925925926 0.075 0.15555555555555556
1 0.64453125 0.7935185185185185 0.0546875 0.15
12 0.42682291666666666 0.12638888888888888 0.12447916666666667 0.17685185185185184
