0 0.5817708333333333 0.9287037037037037 0.04791666666666667 0.1425925925925926
0 0.7026041666666667 0.9310185185185185 0.07291666666666667 0.13796296296296295
0 0.7973958333333333 0.8574074074074074 0.03229166666666667 0.12037037037037036
0 0.8317708333333333 0.8333333333333334 0.029166666666666667 0.09074074074074075
0 0.8838541666666667 0.8388888888888889 0.03125 0.08888888888888889
0 0.97734375 0.9277777777777778 0.0390625 0.14444444444444443
0 0.0125 0.9578703703703704 0.023958333333333335 0.08425925925925926
2 0.58203125 0.8893518518518518 0.0296875 0.04351851851851852
2 0.7002604166666667 0.8842592592592593 0.04010416666666667 0.04814814814814815
2 0.8338541666666667 0.8009259259259259 0.015625 0.027777777777777776
2 0.96953125 0.8675925925925926 0.018229166666666668 0.025925925925925925
1 0.009895833333333333 0.9625 0.01875 0.075
1 0.5854166666666667 0.9560185185185185 0.03958333333333333 0.08796296296296297
1 0.7067708333333333 0.9587962962962963 0.0625 0.0824074074074074
1 0.796875 0.8398148148148148 0.030208333333333334 0.05555555555555555
1 0.8333333333333334 0.8305555555555556 0.026041666666666668 0.046296296296296294
1 0.8830729166666667 0.8337962962962963 0.025520833333333333 0.075
1 0.97421875 0.9078703703703703 0.024479166666666666 0.058333333333333334
13 0.9377604166666667 0.8625 0.12447916666666667 0.10092592592592593
14 0.9520833333333333 0.575462962962963 0.04895833333333333 0.07314814814814814
14 0.5627604166666667 0.016203703703703703 0.03802083333333333 0.030555555555555555
14 0.99375 0.49675925925925923 0.0125 0.05462962962962963
