0 0.525 0.6092592592592593 0.5708333333333333 0.9481481481481482
0 0.8036458333333333 0.6074074074074074 0.8640625 0.9472222222222222
0 0.9682291666666667 0.5944444444444444 0.9994791666666667 1.0
14 0.21979166666666666 0.1259259259259259 0.290625 0.1935185185185185
14 0.22291666666666668 0.3990740740740741 0.3026041666666667 0.44722222222222224
3 0.5302083333333333 0.37962962962962965 0.8041666666666667 0.6231481481481481
2 0.540625 0.6101851851851852 0.565625 0.6324074074074074
2 0.81875 0.6037037037037037 0.8453125 0.6388888888888888
2 0.9697916666666667 0.5898148148148148 1.0 0.6259259259259259
1 0.8078125 0.6555555555555556 0.846875 0.787962962962963
1 0.9708333333333333 0.6805555555555556 1.0 0.8435185185185186
7 0.390625 0.6888888888888889 0.4625 0.7546296296296297
7 0.6104166666666667 0.6888888888888889 0.6479166666666667 0.737037037037037
7 0.725 0.7 0.7677083333333333 0.7657407407407407
7 0.8958333333333334 0.6787037037037037 0.9713541666666666 0.7574074074074074
7 0.5005208333333333 0.6990740740740741 0.528125 0.7546296296296297
