0 0.26901041666666664 0.7305555555555555 0.0421875 0.3277777777777778
0 0.36796875 0.6546296296296297 0.049479166666666664 0.13333333333333333
0 0.4901041666666667 0.7342592592592593 0.051041666666666666 0.29259259259259257
12 0.39791666666666664 0.4273148148148148 0.109375 0.20462962962962963
14 0.7872395833333333 0.17685185185185184 0.0484375 0.1037037037037037
14 0.22135416666666666 0.5717592592592593 0.22395833333333334 0.026851851851851852
6 0.8356770833333333 0.7217592592592592 0.32864583333333336 0.16574074074074074
2 0.4875 0.6018518518518519 0.026041666666666668 0.03333333333333333
2 0.36614583333333334 0.5995370370370371 0.021875 0.026851851851851852
2 0.2760416666666667 0.5819444444444445 0.023958333333333335 0.028703703703703703
1 0.48802083333333335 0.6856481481481481 0.0375 0.11944444444444445
1 0.36744791666666665 0.675 0.0359375 0.08148148148148149
7 0.12942708333333333 0.6810185185185185 0.0796875 0.06388888888888888
7 0.5567708333333333 0.6865740740740741 0.08125 0.06759259259259259
7 0.2109375 0.6712962962962963 0.04895833333333333 0.044444444444444446
7 0.019791666666666666 0.6736111111111112 0.03229166666666667 0.06574074074074074
7 0.32708333333333334 0.6935185185185185 0.03125 0.05
3 0.3890625 0.825925925925926 0.23125 0.21481481481481482
