0 0.27870370370370373 0.5958333333333333 0.3175925925925926 0.6432291666666666
0 0.7435185185185185 0.5963541666666666 0.8074074074074075 0.65625
0 0.862037037037037 0.6244791666666667 0.9546296296296296 0.7645833333333333
0 0.9472222222222222 0.603125 1.0 0.7520833333333333
2 0.2814814814814815 0.5979166666666667 0.30092592592592593 0.6067708333333334
2 0.7537037037037037 0.5947916666666667 0.8027777777777778 0.615625
2 0.8759259259259259 0.61875 0.9166666666666666 0.6541666666666667
2 0.9685185185185186 0.603125 0.9851851851851852 0.6291666666666667
1 0.2814814814814815 0.60625 0.3055555555555556 0.6255208333333333
1 0.7472222222222222 0.6182291666666667 0.7870370370370371 0.6427083333333333
1 0.9388888888888889 0.6505208333333333 0.9648148148148148 0.6864583333333333
12 0.7138888888888889 0.24322916666666666 0.899074074074074 0.4125
4 0.4425925925925926 0.6109375 0.5259259259259259 0.640625
4 0.35462962962962963 0.6109375 0.38425925925925924 0.6364583333333333
10 0.7 0.7041666666666667 0.7462962962962963 0.7572916666666667
6 0.3814814814814815 0.60625 0.4462962962962963 0.6395833333333333
6 0.18703703703703703 0.603125 0.2796296296296296 0.6411458333333333
13 0.046296296296296294 0.5854166666666667 0.3851851851851852 0.6213541666666667
14 0.003703703703703704 0.5046875 0.6046296296296296 0.5645833333333333
14 0.000925925925925926 0.23958333333333334 0.07592592592592592 0.29635416666666664
14 0.9685185185185186 0.3640625 1.0 0.39791666666666664
14 0.37777777777777777 0.5765625 0.5722222222222222 0.621875
14 0.6018518518518519 0.5911458333333334 0.7027777777777777 0.6140625
