0 0.12916666666666668 0.6046296296296296 0.17083333333333334 0.8166666666666667
0 0.18385416666666668 0.6055555555555555 0.21458333333333332 0.7222222222222222
0 0.17447916666666666 0.7092592592592593 0.22395833333333334 0.825
0 0.39010416666666664 0.6185185185185185 0.4796875 0.9398148148148148
0 0.5635416666666667 0.55 0.6208333333333333 0.9287037037037037
3 0.7552083333333334 0.6138888888888889 0.8171875 0.725
2 0.1375 0.6046296296296296 0.16041666666666668 0.6351851851851852
2 0.1875 0.6037037037037037 0.20520833333333333 0.6370370370370371
2 0.18697916666666667 0.712037037037037 0.2046875 0.7333333333333333
2 0.4515625 0.6240740740740741 0.47708333333333336 0.6638888888888889
2 0.5739583333333333 0.549074074074074 0.6046875 0.5944444444444444
6 0.0015625 0.6583333333333333 0.13385416666666666 0.7796296296296297
8 0.004166666666666667 0.7277777777777777 0.06354166666666666 0.85
1 0.17291666666666666 0.7333333333333333 0.2 0.8148148148148148
1 0.39375 0.6462962962962963 0.45416666666666666 0.7870370370370371
1 0.5666666666666667 0.6074074074074074 0.6161458333333333 0.7435185185185185
12 0.36614583333333334 0.011111111111111112 0.4869791666666667 0.15555555555555556
