0 0.09375 0.5791666666666667 0.15104166666666666 0.44907407407407407
0 0.3768229166666667 0.5625 0.0796875 0.4898148148148148
0 0.00859375 0.41435185185185186 0.016145833333333335 0.125
2 0.10520833333333333 0.38935185185185184 0.058333333333333334 0.06944444444444445
2 0.37395833333333334 0.3541666666666667 0.051041666666666666 0.06018518518518518
1 0.078125 0.5185185185185185 0.07395833333333333 0.20185185185185187
1 0.37213541666666666 0.4875 0.0703125 0.16944444444444445
1 0.0109375 0.4324074074074074 0.020833333333333332 0.10925925925925926
5 0.23255208333333333 0.637962962962963 0.23802083333333332 0.10740740740740741
11 0.2981770833333333 0.6731481481481482 0.26927083333333335 0.1925925925925926
13 0.8703125 0.3597222222222222 0.259375 0.14907407407407408
14 0.7989583333333333 0.33611111111111114 0.025 0.06111111111111111
