0 0.4041666666666667 0.6476851851851851 0.03333333333333333 0.3175925925925926
0 0.4973958333333333 0.5712962962962963 0.06666666666666667 0.13333333333333333
0 0.6283854166666667 0.6439814814814815 0.06197916666666667 0.2935185185185185
12 0.51171875 0.27870370370370373 0.1140625 0.18888888888888888
14 0.3927083333333333 0.4898148148148148 0.20104166666666667 0.02962962962962963
14 0.975 0.03425925925925926 0.042708333333333334 0.06666666666666667
4 0.9153645833333334 0.6240740740740741 0.16927083333333334 0.1685185185185185
3 0.5190104166666667 0.7412037037037037 0.24427083333333333 0.23055555555555557
2 0.41041666666666665 0.5023148148148148 0.025 0.026851851851851852
2 0.49713541666666666 0.5180555555555556 0.0203125 0.025
2 0.6200520833333333 0.5074074074074074 0.024479166666666666 0.02962962962962963
1 0.6192708333333333 0.5981481481481481 0.035416666666666666 0.11296296296296296
1 0.5005208333333333 0.6013888888888889 0.03958333333333333 0.09166666666666666
7 0.17161458333333332 0.6074074074074074 0.08697916666666666 0.06851851851851852
7 0.29270833333333335 0.5944444444444444 0.078125 0.053703703703703705
7 0.37135416666666665 0.5888888888888889 0.034375 0.04259259259259259
7 0.7002604166666667 0.5953703703703703 0.10989583333333333 0.07222222222222222
