0 0.20260416666666667 0.49537037037037035 0.24479166666666666 0.8101851851851852
0 0.3098958333333333 0.5074074074074074 0.36822916666666666 0.6620370370370371
0 0.43802083333333336 0.5092592592592593 0.48333333333333334 0.8203703703703704
12 0.29270833333333335 0.08333333333333333 0.41041666666666665 0.2861111111111111
14 0.8354166666666667 0.04351851851851852 0.8822916666666667 0.1388888888888889
14 0.18020833333333333 0.487962962962963 0.3859375 0.5203703703703704
14 0.9291666666666667 0.5407407407407407 0.9807291666666667 0.5842592592592593
3 0.21510416666666668 0.6333333333333333 0.45677083333333335 0.875
4 0.6895833333333333 0.5787037037037037 0.9989583333333333 0.7555555555555555
2 0.44427083333333334 0.512962962962963 0.4703125 0.5425925925925926
2 0.32395833333333335 0.5212962962962963 0.346875 0.549074074074074
2 0.21979166666666666 0.49444444444444446 0.24583333333333332 0.5194444444444445
1 0.31666666666666665 0.5685185185185185 0.3541666666666667 0.65
1 0.4390625 0.5611111111111111 0.4734375 0.675
7 0.4875 0.5898148148148148 0.6171875 0.6694444444444444
7 0.10364583333333334 0.5796296296296296 0.1921875 0.6305555555555555
7 0.0067708333333333336 0.5768518518518518 0.059895833333333336 0.6425925925925926
7 0.24635416666666668 0.5861111111111111 0.2682291666666667 0.6277777777777778
7 0.35885416666666664 0.6 0.37552083333333336 0.6620370370370371
