0 0.4300925925925926 0.6744791666666666 0.06018518518518518 0.13854166666666667
0 0.46435185185185185 0.675 0.08611111111111111 0.15416666666666667
0 0.7240740740740741 0.678125 0.07037037037037037 0.13541666666666666
0 0.06527777777777778 0.6205729166666667 0.032407407407407406 0.044270833333333336
2 0.4444444444444444 0.6125 0.03888888888888889 0.016666666666666666
2 0.48055555555555557 0.6166666666666667 0.03518518518518519 0.020833333333333332
2 0.7277777777777777 0.62109375 0.040740740740740744 0.015104166666666667
2 0.060648148148148145 0.6033854166666667 0.01574074074074074 0.005729166666666666
1 0.06620370370370371 0.6153645833333333 0.023148148148148147 0.015104166666666667
1 0.4222222222222222 0.6502604166666667 0.037037037037037035 0.05364583333333333
1 0.4546296296296296 0.65703125 0.06481481481481481 0.059895833333333336
1 0.7240740740740741 0.6611979166666667 0.07407407407407407 0.05260416666666667
12 0.6546296296296297 0.37161458333333336 0.24444444444444444 0.17552083333333332
4 0.25833333333333336 0.62734375 0.08703703703703704 0.030729166666666665
4 0.1439814814814815 0.6252604166666667 0.032407407407407406 0.0265625
8 0.8435185185185186 0.7049479166666667 0.2 0.06614583333333333
6 0.19212962962962962 0.6252604166666667 0.0712962962962963 0.034895833333333334
11 0.887962962962963 0.846875 0.22407407407407406 0.14895833333333333
10 0.5037037037037037 0.7299479166666667 0.03333333333333333 0.043229166666666666
6 0.024074074074074074 0.6255208333333333 0.046296296296296294 0.036458333333333336
13 0.0912037037037037 0.6013020833333333 0.12129629629629629 0.025520833333333333
14 0.1875 0.54453125 0.3731481481481482 0.03802083333333333
14 0.899537037037037 0.12890625 0.11018518518518519 0.04010416666666667
14 0.899537037037037 0.32447916666666665 0.10648148148148148 0.03854166666666667
14 0.8967592592592593 0.4080729166666667 0.10092592592592593 0.028645833333333332
14 0.762962962962963 0.39921875 0.03333333333333333 0.0265625
14 0.9037037037037037 0.5158854166666667 0.11851851851851852 0.024479166666666666
14 0.23842592592592593 0.5966145833333333 0.16944444444444445 0.04114583333333333
14 0.4203703703703704 0.6057291666666667 0.05555555555555555 0.017708333333333333
