0 0.225 0.4546296296296296 0.2552083333333333 0.5740740740740741
0 0.21927083333333333 0.43333333333333335 0.3067708333333333 0.9564814814814815
0 0.3375 0.43425925925925923 0.36302083333333335 0.5796296296296296
0 0.31927083333333334 0.562037037037037 0.3614583333333333 0.6916666666666667
0 0.74375 0.41203703703703703 0.8255208333333334 0.8694444444444445
2 0.23229166666666667 0.4527777777777778 0.2526041666666667 0.4842592592592593
2 0.2609375 0.4351851851851852 0.3067708333333333 0.4935185185185185
2 0.340625 0.44537037037037036 0.35885416666666664 0.4740740740740741
2 0.3328125 0.562037037037037 0.3546875 0.5916666666666667
2 0.7453125 0.4083333333333333 0.7958333333333333 0.47314814814814815
1 0.22916666666666666 0.5148148148148148 0.30520833333333336 0.7157407407407408
1 0.2328125 0.5018518518518519 0.25416666666666665 0.5398148148148149
1 0.31875 0.5907407407407408 0.34427083333333336 0.6472222222222223
1 0.3390625 0.48518518518518516 0.3671875 0.5527777777777778
1 0.7463541666666667 0.48055555555555557 0.8020833333333334 0.6453703703703704
5 0.3880208333333333 0.6546296296296297 0.6598958333333333 0.7583333333333333
8 0.12708333333333333 0.5722222222222222 0.21354166666666666 0.6981481481481482
11 0.434375 0.6527777777777778 0.6671875 0.8657407407407407
14 0.0005208333333333333 0.35 0.020833333333333332 0.41388888888888886
