0 0.18125 0.412962962962963 0.2484375 0.6944444444444444
0 0.2828125 0.42685185185185187 0.3145833333333333 0.5370370370370371
0 0.25729166666666664 0.5231481481481481 0.32447916666666665 0.7083333333333334
0 0.45729166666666665 0.39444444444444443 0.5598958333333334 0.8518518518518519
0 0.6682291666666667 0.325 0.7609375 0.825
2 0.196875 0.41574074074074074 0.225 0.44537037037037036
2 0.27447916666666666 0.5231481481481481 0.30052083333333335 0.5518518518518518
2 0.5046875 0.39537037037037037 0.5526041666666667 0.46944444444444444
2 0.6796875 0.32037037037037036 0.7296875 0.38425925925925924
1 0.2828125 0.42685185185185187 0.30885416666666665 0.5175925925925926
1 0.2598958333333333 0.549074074074074 0.29739583333333336 0.6370370370370371
1 0.45729166666666665 0.4564814814814815 0.5203125 0.6472222222222223
1 0.6723958333333333 0.39814814814814814 0.7520833333333333 0.5907407407407408
5 0.46875 0.5740740740740741 0.6864583333333333 0.7287037037037037
8 0.051041666666666666 0.562037037037037 0.153125 0.687962962962963
11 0.4921875 0.562037037037037 0.7604166666666666 0.7972222222222223
