0 0.59609375 0.950925925925926 0.0453125 0.09814814814814815
0 0.7596354166666667 0.9550925925925926 0.06927083333333334 0.08981481481481482
0 0.8497395833333333 0.9074074074074074 0.0328125 0.12222222222222222
0 0.8919270833333334 0.8768518518518519 0.0359375 0.07407407407407407
0 0.9440104166666666 0.8861111111111111 0.03177083333333333 0.09444444444444444
2 0.5966145833333333 0.937037037037037 0.030729166666666665 0.053703703703703705
2 0.7572916666666667 0.9388888888888889 0.040625 0.06111111111111111
2 0.88828125 0.850462962962963 0.018229166666666668 0.028703703703703703
1 0.6044270833333333 0.9824074074074074 0.03697916666666667 0.03518518518518519
1 0.7645833333333333 0.9861111111111112 0.065625 0.027777777777777776
1 0.84921875 0.8907407407407407 0.0265625 0.05740740740740741
1 0.8888020833333333 0.8814814814814815 0.0234375 0.03888888888888889
1 0.9427083333333334 0.8796296296296297 0.025 0.07037037037037037
13 0.9677083333333333 0.9138888888888889 0.06458333333333334 0.1111111111111111
14 0.5807291666666666 0.0412037037037037 0.08333333333333333 0.08055555555555556
14 0.9638020833333333 0.9078703703703703 0.018229166666666668 0.06388888888888888
