0 0.11510416666666666 0.5953703703703703 0.21822916666666667 1.0
0 0.24895833333333334 0.6092592592592593 0.2942708333333333 0.7481481481481481
0 0.234375 0.7212962962962963 0.30052083333333335 0.8546296296296296
0 0.615625 0.5703703703703704 0.7010416666666667 0.9935185185185185
2 0.14010416666666667 0.5972222222222222 0.19635416666666666 0.6574074074074074
2 0.25833333333333336 0.6083333333333333 0.284375 0.6407407407407407
2 0.25052083333333336 0.7185185185185186 0.2765625 0.7481481481481481
2 0.6255208333333333 0.5648148148148148 0.671875 0.6194444444444445
1 0.12291666666666666 0.6694444444444444 0.19427083333333334 0.8648148148148148
1 0.25052083333333336 0.6370370370370371 0.2864583333333333 0.7092592592592593
1 0.23333333333333334 0.7379629629629629 0.26458333333333334 0.8212962962962963
1 0.61875 0.6305555555555555 0.6760416666666667 0.7907407407407407
12 0.30625 0.3731481481481482 0.4765625 0.6509259259259259
5 0.27447916666666666 0.8046296296296296 0.5286458333333334 0.9175925925925926
8 0.0171875 0.7287037037037037 0.1234375 0.8694444444444445
11 0.33229166666666665 0.8 0.534375 0.9898148148148148
