0 0.0010416666666666667 0.39166666666666666 0.08802083333333334 0.8185185185185185
0 0.26875 0.2953703703703704 0.359375 0.7935185185185185
2 0.023958333333333335 0.3925925925925926 0.08802083333333334 0.49166666666666664
2 0.28020833333333334 0.30277777777777776 0.3328125 0.36018518518518516
1 0.0010416666666666667 0.42407407407407405 0.04635416666666667 0.5972222222222222
1 0.28489583333333335 0.37777777777777777 0.35520833333333335 0.5592592592592592
5 0.043229166666666666 0.5601851851851852 0.29739583333333336 0.6731481481481482
11 0.09375 0.5555555555555556 0.36822916666666666 0.7611111111111111
13 0.6869791666666667 0.26666666666666666 1.0 0.4212962962962963
14 0.7307291666666667 0.27685185185185185 0.7572916666666667 0.34444444444444444
