0 0.1296875 0.7458333333333333 0.051041666666666666 0.23981481481481481
0 0.22734375 0.6842592592592592 0.044270833333333336 0.1388888888888889
0 0.22473958333333333 0.8004629629629629 0.0515625 0.12685185185185185
0 0.5041666666666667 0.8180555555555555 0.11041666666666666 0.3638888888888889
0 0.7151041666666667 0.774537037037037 0.09375 0.45092592592592595
2 0.12760416666666666 0.6439814814814815 0.029166666666666667 0.03611111111111111
2 0.22760416666666666 0.6370370370370371 0.026041666666666668 0.040740740740740744
2 0.22578125 0.7486111111111111 0.028645833333333332 0.028703703703703703
2 0.5330729166666667 0.6782407407407407 0.04010416666666667 0.09537037037037037
2 0.7078125 0.5782407407407407 0.06354166666666666 0.06574074074074074
1 0.22630208333333332 0.6856481481481481 0.04114583333333333 0.08981481481481482
1 0.21875 0.7958333333333333 0.052083333333333336 0.07685185185185185
1 0.4901041666666667 0.7787037037037037 0.084375 0.18518518518518517
1 0.7130208333333333 0.7175925925925926 0.075 0.1814814814814815
12 0.46588541666666666 0.07268518518518519 0.15572916666666667 0.1398148148148148
5 0.5513020833333333 0.8851851851851852 0.14635416666666667 0.10185185185185185
8 0.045572916666666664 0.8203703703703704 0.08802083333333334 0.17407407407407408
11 0.6151041666666667 0.8912037037037037 0.26145833333333335 0.2175925925925926
13 0.9645833333333333 0.5416666666666666 0.07083333333333333 0.14444444444444443
14 0.9861979166666667 0.5268518518518519 0.027604166666666666 0.07592592592592592
