0 0.5338541666666666 0.649074074074074 0.6020833333333333 0.9944444444444445
0 0.8026041666666667 0.6537037037037037 0.8635416666666667 1.0
0 0.9666666666666667 0.6324074074074074 0.9989583333333333 1.0
14 0.2078125 0.14629629629629629 0.29791666666666666 0.23055555555555557
14 0.25833333333333336 0.000925925925925926 0.2921875 0.03148148148148148
14 0.209375 0.42962962962962964 0.3145833333333333 0.49074074074074076
14 0.5651041666666666 0.6314814814814815 0.78125 0.6638888888888889
3 0.534375 0.3277777777777778 0.8078125 0.5675925925925925
2 0.5421875 0.649074074074074 0.5645833333333333 0.6777777777777778
2 0.8197916666666667 0.6527777777777778 0.8479166666666667 0.687962962962963
2 0.9713541666666666 0.6361111111111111 1.0 0.675
1 0.8067708333333333 0.700925925925926 0.8463541666666666 0.8342592592592593
1 0.9755208333333333 0.7222222222222222 1.0 0.8851851851851852
7 0.38958333333333334 0.7342592592592593 0.46458333333333335 0.8055555555555556
7 0.6078125 0.7287037037037037 0.6479166666666667 0.7824074074074074
7 0.71875 0.7453703703703703 0.765625 0.7925925925925926
7 0.8942708333333333 0.7240740740740741 0.971875 0.8111111111111111
7 0.49583333333333335 0.7379629629629629 0.5333333333333333 0.7935185185185185
