0 0.46927083333333336 0.6476851851851851 0.03333333333333333 0.3101851851851852
0 0.5638020833333334 0.5703703703703704 0.06302083333333333 0.13518518518518519
0 0.6830729166666667 0.6393518518518518 0.0578125 0.3101851851851852
12 0.5731770833333333 0.30787037037037035 0.12447916666666667 0.21574074074074073
14 0.4552083333333333 0.48657407407407405 0.1875 0.032407407407407406
4 0.9513020833333333 0.6041666666666666 0.09739583333333333 0.15092592592592594
3 0.5815104166666667 0.7412037037037037 0.24114583333333334 0.2361111111111111
2 0.6815104166666667 0.5013888888888889 0.025520833333333333 0.026851851851851852
2 0.5575520833333333 0.5162037037037037 0.022395833333333334 0.025
2 0.47109375 0.5050925925925925 0.0234375 0.025
1 0.559375 0.5916666666666667 0.03958333333333333 0.08148148148148149
1 0.6815104166666667 0.5907407407407408 0.0359375 0.11851851851851852
7 0.29401041666666666 0.6069444444444444 0.19427083333333334 0.06759259259259259
7 0.43515625 0.5851851851851851 0.0421875 0.05185185185185185
7 0.76484375 0.5893518518518519 0.1078125 0.07314814814814814
14 0.031510416666666666 0.2898148148148148 0.058854166666666666 0.040740740740740744
14 0.020052083333333335 0.008333333333333333 0.0296875 0.014814814814814815
