0 0.7442708333333333 0.7379629629629629 0.08854166666666667 0.3074074074074074
0 0.03333333333333333 0.6337962962962963 0.059375 0.16944444444444445
12 0.39505208333333336 0.5361111111111111 0.1109375 0.21296296296296297
13 0.5005208333333333 0.8555555555555555 0.9989583333333333 0.2814814814814815
2 0.7354166666666667 0.6055555555555555 0.03229166666666667 0.040740740740740744
1 0.7434895833333334 0.7027777777777777 0.0640625 0.14074074074074075
2 0.021875 0.5722222222222222 0.03229166666666667 0.037037037037037035
7 0.27317708333333335 0.7180555555555556 0.20364583333333333 0.21203703703703702
7 0.565625 0.7564814814814815 0.11875 0.2074074074074074
7 0.65 0.6625 0.04791666666666667 0.11574074074074074
7 0.89609375 0.6717592592592593 0.2078125 0.1287037037037037
