0 0.22630208333333332 0.7824074074074074 0.10052083333333334 0.4351851851851852
0 0.33958333333333335 0.6564814814814814 0.04791666666666667 0.14629629629629629
0 0.328125 0.7518518518518519 0.057291666666666664 0.12037037037037036
0 0.7169270833333333 0.7587962962962963 0.07864583333333333 0.4287037037037037
2 0.22604166666666667 0.5953703703703703 0.05416666666666667 0.05740740740740741
2 0.33151041666666664 0.6023148148148149 0.0265625 0.03611111111111111
2 0.32708333333333334 0.7037037037037037 0.025 0.03518518518518519
2 0.7130208333333333 0.5726851851851852 0.04791666666666667 0.05092592592592592
1 0.21744791666666666 0.7416666666666667 0.06614583333333333 0.18888888888888888
1 0.33098958333333334 0.6546296296296297 0.04010416666666667 0.07777777777777778
1 0.31302083333333336 0.7467592592592592 0.028125 0.06759259259259259
1 0.7158854166666667 0.6912037037037037 0.05572916666666667 0.15648148148148147
12 0.44036458333333334 0.4703703703703704 0.18072916666666666 0.34074074074074073
5 0.46432291666666664 0.8314814814814815 0.2484375 0.09444444444444444
8 0.14348958333333334 0.7648148148148148 0.08489583333333334 0.12037037037037036
11 0.5046875 0.8782407407407408 0.20625 0.20277777777777778
14 0.0140625 0.5050925925925925 0.027083333333333334 0.04537037037037037
