0 0.8302083333333333 0.7351851851851852 0.059375 0.34814814814814815
0 0.9776041666666667 0.7527777777777778 0.04479166666666667 0.4185185185185185
0 0.5497395833333333 0.7337962962962963 0.0578125 0.325
14 0.25390625 0.11157407407407408 0.0703125 0.06759259259259259
14 0.26197916666666665 0.3787037037037037 0.08541666666666667 0.053703703703703705
3 0.6799479166666667 0.5319444444444444 0.25885416666666666 0.21944444444444444
2 0.54375 0.5828703703703704 0.014583333333333334 0.019444444444444445
2 0.828125 0.5782407407407407 0.022916666666666665 0.032407407407407406
2 0.97890625 0.5671296296296297 0.03697916666666667 0.04537037037037037
1 0.8247395833333333 0.6759259259259259 0.0359375 0.1259259259259259
1 0.98359375 0.700925925925926 0.0328125 0.16296296296296298
7 0.42864583333333334 0.6861111111111111 0.07916666666666666 0.06851851851851852
7 0.5096354166666667 0.6833333333333333 0.0296875 0.05
7 0.7403645833333333 0.6875 0.04635416666666667 0.05092592592592592
7 0.9276041666666667 0.6763888888888889 0.07291666666666667 0.08055555555555556
7 0.6263020833333334 0.6847222222222222 0.0390625 0.06018518518518518
