0 0.0265625 0.4638888888888889 0.03854166666666667 0.5185185185185185
0 0.2526041666666667 0.4824074074074074 0.35625 0.9287037037037037
0 0.5619791666666667 0.43333333333333335 0.671875 1.0
12 0.3453125 0.09166666666666666 0.46770833333333334 0.3574074074074074
14 0.5442708333333334 0.1712962962962963 0.5682291666666667 0.18611111111111112
14 0.3020833333333333 0.3111111111111111 0.34010416666666665 0.3425925925925926
14 0.0010416666666666667 0.3 0.1453125 0.34074074074074073
3 0.2484375 0.6398148148148148 0.5567708333333333 0.9583333333333334
6 0.084375 0.48148148148148145 0.134375 0.5537037037037037
6 0.0010416666666666667 0.48148148148148145 0.024479166666666666 0.5574074074074075
2 0.3177083333333333 0.49074074074074076 0.3541666666666667 0.5509259259259259
2 0.5958333333333333 0.44351851851851853 0.6479166666666667 0.5083333333333333
2 0.029166666666666667 0.4638888888888889 0.03697916666666667 0.475
1 0.5828125 0.5296296296296297 0.671875 0.7675925925925926
1 0.2552083333333333 0.5407407407407407 0.3421875 0.6861111111111111
1 0.0265625 0.4787037037037037 0.0375 0.5018518518518519
