0 0.3026041666666667 0.48055555555555557 0.40520833333333334 0.9296296296296296
0 0.6536458333333334 0.4444444444444444 0.7489583333333333 0.9231481481481482
12 0.3489583333333333 0.14537037037037037 0.5046875 0.3712962962962963
14 0.778125 0.43333333333333335 1.0 0.4564814814814815
14 0.49322916666666666 0.2212962962962963 0.5708333333333333 0.2611111111111111
3 0.346875 0.687962962962963 0.5390625 0.9166666666666666
1 0.3026041666666667 0.5398148148148149 0.3645833333333333 0.7277777777777777
1 0.6864583333333333 0.5148148148148148 0.7541666666666667 0.6944444444444444
2 0.3541666666666667 0.4787037037037037 0.39427083333333335 0.5370370370370371
2 0.6942708333333333 0.44722222222222224 0.7359375 0.5
7 0.5421875 0.5222222222222223 0.625 0.5722222222222222
7 0.6359375 0.5296296296296297 0.7020833333333333 0.5731481481481482
7 0.784375 0.5287037037037037 0.8369791666666667 0.6138888888888889
7 0.8901041666666667 0.5481481481481482 0.9463541666666667 0.6101851851851852
