0 0.4390625 0.6861111111111111 0.5166666666666667 0.9481481481481482
0 0.5520833333333334 0.6685185185185185 0.6010416666666667 0.9166666666666666
0 0.21354166666666666 0.6527777777777778 0.2833333333333333 0.8379629629629629
12 0.3614583333333333 0.4101851851851852 0.4510416666666667 0.5675925925925925
14 0.8630208333333333 0.21851851851851853 0.9020833333333333 0.2953703703703704
14 0.2864583333333333 0.6398148148148148 0.47604166666666664 0.6759259259259259
3 0.3807291666666667 0.75 0.4859375 0.9481481481481482
3 0.5151041666666667 0.7666666666666667 0.6536458333333334 0.9064814814814814
6 0.7588541666666667 0.6981481481481482 1.0 0.812962962962963
1 0.5609375 0.700925925925926 0.5958333333333333 0.7981481481481482
1 0.4713541666666667 0.7231481481481481 0.5151041666666667 0.8333333333333334
2 0.5598958333333334 0.6675925925925926 0.5776041666666667 0.6916666666666667
2 0.46510416666666665 0.6898148148148148 0.4895833333333333 0.7240740740740741
2 0.22760416666666666 0.6555555555555556 0.25104166666666666 0.6833333333333333
7 0.6052083333333333 0.7129629629629629 0.7020833333333333 0.7722222222222223
