0 0.37838541666666664 0.7449074074074075 0.10572916666666667 0.44722222222222224
0 0.74140625 0.7425925925925926 0.11614583333333334 0.5148148148148148
12 0.45546875 0.275 0.14947916666666666 0.26481481481481484
14 0.33359375 0.2222222222222222 0.0234375 0.018518518518518517
14 0.06770833333333333 0.3587962962962963 0.13229166666666667 0.05277777777777778
14 0.859375 0.2388888888888889 0.09166666666666666 0.04259259259259259
3 0.47213541666666664 0.8416666666666667 0.24427083333333333 0.2814814814814815
1 0.75703125 0.6685185185185185 0.08072916666666667 0.20925925925925926
1 0.36354166666666665 0.6717592592592593 0.071875 0.1824074074074074
2 0.7546875 0.5138888888888888 0.04895833333333333 0.05925925925925926
2 0.39739583333333334 0.5513888888888889 0.036458333333333336 0.058333333333333334
7 0.90859375 0.6046296296296296 0.1828125 0.10185185185185185
