0 0.72578125 0.6958333333333333 0.11197916666666667 0.475
12 0.7408854166666666 0.22870370370370371 0.1640625 0.27037037037037037
14 0.5190104166666667 0.21944444444444444 0.09010416666666667 0.07037037037037037
14 0.8880208333333334 0.44675925925925924 0.22395833333333334 0.023148148148148147
3 0.8333333333333334 0.7916666666666666 0.17395833333333333 0.2777777777777778
1 0.7065104166666667 0.6240740740740741 0.07447916666666667 0.2
2 0.7432291666666667 0.4949074074074074 0.04375 0.06759259259259259
7 0.653125 0.5370370370370371 0.07395833333333333 0.05740740740740741
7 0.7895833333333333 0.5398148148148149 0.04375 0.03518518518518519
7 0.8713541666666667 0.5685185185185185 0.042708333333333334 0.07777777777777778
7 0.9885416666666667 0.5819444444444445 0.022916666666666665 0.049074074074074076
