0 0.2669270833333333 0.4236111111111111 0.016145833333333335 0.03425925925925926
0 0.2786458333333333 0.6763888888888889 0.0875 0.23425925925925925
0 0.45703125 0.638425925925926 0.08385416666666666 0.5287037037037037
12 0.36171875 0.15046296296296297 0.0984375 0.27685185185185185
14 0.17890625 0.27824074074074073 0.3536458333333333 0.04351851851851852
14 0.5174479166666667 0.25787037037037036 0.034895833333333334 0.03611111111111111
14 0.7729166666666667 0.07314814814814814 0.028125 0.022222222222222223
3 0.4197916666666667 0.7226851851851852 0.31979166666666664 0.27685185185185185
6 0.3263020833333333 0.4532407407407407 0.044270833333333336 0.06759259259259259
6 0.22890625 0.4546296296296296 0.058854166666666666 0.06111111111111111
1 0.46171875 0.5504629629629629 0.07447916666666667 0.21203703703703702
1 0.2947916666666667 0.5925925925925926 0.046875 0.05740740740740741
2 0.43854166666666666 0.4023148148148148 0.04479166666666667 0.04722222222222222
2 0.25338541666666664 0.5953703703703703 0.0296875 0.06851851851851852
2 0.26901041666666664 0.4125 0.0067708333333333336 0.006481481481481481
1 0.2674479166666667 0.42824074074074076 0.0109375 0.021296296296296296
