0 0.2703125 0.42685185185185187 0.3416666666666667 0.6212962962962963
0 0.4046875 0.3962962962962963 0.5072916666666667 0.9194444444444444
12 0.30572916666666666 0.027777777777777776 0.4140625 0.3138888888888889
14 0.7854166666666667 0.08055555555555556 0.8114583333333333 0.1
14 0.0015625 0.2675925925925926 0.37864583333333335 0.30925925925925923
14 0.5177083333333333 0.2574074074074074 0.5578125 0.28888888888888886
3 0.25 0.5972222222222222 0.5703125 0.8787037037037037
6 0.22239583333333332 0.4305555555555556 0.278125 0.4981481481481482
6 0.32447916666666665 0.43148148148148147 0.37135416666666665 0.49907407407407406
2 0.42552083333333335 0.4 0.46770833333333334 0.4583333333333333
2 0.27291666666666664 0.43148148148148147 0.3020833333333333 0.4777777777777778
1 0.4348958333333333 0.4638888888888889 0.5119791666666667 0.687037037037037
1 0.27760416666666665 0.48148148148148145 0.3390625 0.6222222222222222
