0 0.484375 0.4583333333333333 0.5692708333333333 0.6898148148148148
0 0.6322916666666667 0.47685185185185186 0.75 0.924074074074074
12 0.3541666666666667 0.07962962962962963 0.5317708333333333 0.3648148148148148
14 0.24010416666666667 0.44351851851851853 0.4822916666666667 0.4888888888888889
14 0.9427083333333334 0.000925925925925926 0.9677083333333333 0.032407407407407406
3 0.3463541666666667 0.6611111111111111 0.6515625 0.9638888888888889
6 0.8286458333333333 0.5120370370370371 1.0 0.687037037037037
1 0.665625 0.5444444444444444 0.7484375 0.7277777777777777
1 0.49895833333333334 0.5222222222222223 0.5572916666666666 0.6731481481481482
2 0.6557291666666667 0.48055555555555557 0.6932291666666667 0.5361111111111111
2 0.5109375 0.46111111111111114 0.5421875 0.49907407407407406
7 0.10520833333333333 0.5481481481481482 0.18697916666666667 0.6212962962962963
7 0.23333333333333334 0.5574074074074075 0.315625 0.6037037037037037
7 0.3390625 0.5462962962962963 0.3770833333333333 0.5842592592592593
7 0.45625 0.562037037037037 0.4895833333333333 0.6203703703703703
7 0.6130208333333333 0.5398148148148149 0.6703125 0.6157407407407407
7 0.7135416666666666 0.5351851851851852 0.7515625 0.5962962962962963
