0 0.48541666666666666 0.4203703703703704 0.6109375 1.0
0 0.19739583333333333 0.48055555555555557 0.29791666666666666 0.9092592592592592
0 0.03697916666666667 0.4648148148148148 0.05416666666666667 0.5120370370370371
12 0.2947916666666667 0.07685185185185185 0.40625 0.3490740740740741
14 0.5505208333333333 0.14907407407407408 0.5776041666666667 0.16944444444444445
14 0.004166666666666667 0.30185185185185187 0.14947916666666666 0.33796296296296297
14 0.30833333333333335 0.3055555555555556 0.3421875 0.33425925925925926
3 0.190625 0.6370370370370371 0.5072916666666667 0.9592592592592593
6 0.09270833333333334 0.48055555555555557 0.14270833333333333 0.549074074074074
6 0.0005208333333333333 0.4842592592592593 0.0359375 0.5481481481481482
1 0.5125 0.5185185185185185 0.6046875 0.7425925925925926
1 0.20989583333333334 0.5361111111111111 0.2869791666666667 0.6777777777777778
1 0.03854166666666667 0.4777777777777778 0.049479166666666664 0.5
2 0.042708333333333334 0.46574074074074073 0.04895833333333333 0.475
2 0.26510416666666664 0.47962962962962963 0.29791666666666666 0.5444444444444444
2 0.5260416666666666 0.42407407407407405 0.5786458333333333 0.49444444444444446
