0 0.10572916666666667 0.3333333333333333 0.14270833333333333 0.47129629629629627
0 0.4661458333333333 0.34814814814814815 0.4786458333333333 0.37222222222222223
0 0.4296875 0.37037037037037035 0.5046875 0.5472222222222223
0 0.5791666666666667 0.33611111111111114 0.690625 0.95
12 0.5104166666666666 0.011111111111111112 0.5921875 0.2518518518518518
14 0.0015625 0.20277777777777778 0.20625 0.23148148148148148
14 0.21197916666666666 0.20833333333333334 0.5604166666666667 0.23796296296296296
14 0.7114583333333333 0.20555555555555555 0.7536458333333333 0.23796296296296296
14 0.23854166666666668 0.287962962962963 0.27708333333333335 0.30833333333333335
3 0.390625 0.5333333333333333 0.7145833333333333 0.8175925925925925
6 0.4119791666666667 0.36666666666666664 0.44947916666666665 0.4212962962962963
6 0.5078125 0.3712962962962963 0.5484375 0.43333333333333335
1 0.5921875 0.42777777777777776 0.6838541666666667 0.6527777777777778
1 0.4375 0.4305555555555556 0.49166666666666664 0.55
1 0.11302083333333333 0.35462962962962963 0.1328125 0.40925925925925927
2 0.6015625 0.3351851851851852 0.653125 0.40370370370370373
2 0.4505208333333333 0.37222222222222223 0.4817708333333333 0.42314814814814816
2 0.11666666666666667 0.3333333333333333 0.12708333333333333 0.35185185185185186
2 0.46927083333333336 0.35 0.47708333333333336 0.3611111111111111
