0 0.2669270833333333 0.711574074074074 0.06302083333333333 0.4009259259259259
0 0.61015625 0.7449074074074075 0.0796875 0.46574074074074073
0 0.16536458333333334 0.5263888888888889 0.019270833333333334 0.030555555555555555
12 0.409375 0.2064814814814815 0.10729166666666666 0.2537037037037037
14 0.6721354166666667 0.23333333333333334 0.027604166666666666 0.016666666666666666
14 0.4317708333333333 0.38472222222222224 0.03854166666666667 0.03611111111111111
14 0.13776041666666666 0.3787037037037037 0.2671875 0.03148148148148148
3 0.42578125 0.8435185185185186 0.3078125 0.28703703703703703
6 0.128125 0.5634259259259259 0.057291666666666664 0.06759259259259259
6 0.2328125 0.5666666666666667 0.04375 0.06296296296296296
2 0.5955729166666667 0.5351851851851852 0.0390625 0.04259259259259259
2 0.2721354166666667 0.5324074074074074 0.0328125 0.040740740740740744
2 0.16354166666666667 0.5208333333333334 0.008333333333333333 0.012037037037037037
1 0.6177083333333333 0.6703703703703704 0.06770833333333333 0.19074074074074074
1 0.26848958333333334 0.6587962962962963 0.049479166666666664 0.15092592592592594
1 0.16432291666666668 0.5351851851851852 0.0109375 0.012962962962962963
