0 0.3875 0.7731481481481481 0.44166666666666665 1.0
0 0.9776041666666667 0.7564814814814815 1.0 0.9981481481481481
12 0.42135416666666664 0.04537037037037037 0.4744791666666667 0.20092592592592592
14 0.6880208333333333 0.4935185185185185 0.8317708333333333 0.537962962962963
14 0.19635416666666666 0.525 0.3171875 0.5574074074074075
14 0.08854166666666667 0.1037037037037037 0.12291666666666666 0.14814814814814814
14 0.04791666666666667 0.11203703703703703 0.08125 0.1398148148148148
3 0.4869791666666667 0.8851851851851852 0.6802083333333333 1.0
6 0.0020833333333333333 0.7962962962962963 0.32760416666666664 0.9481481481481482
14 0.6708333333333333 0.7731481481481481 0.6927083333333334 0.8222222222222222
14 0.6505208333333333 0.7314814814814815 0.6880208333333333 0.762962962962963
2 0.4114583333333333 0.7731481481481481 0.4375 0.8074074074074075
2 0.9869791666666666 0.7574074074074074 1.0 0.7833333333333333
1 0.3885416666666667 0.8166666666666667 0.4296875 0.9388888888888889
1 0.9817708333333334 0.8148148148148148 1.0 0.9314814814814815
