0 0.5802083333333333 0.5578703703703703 0.08958333333333333 0.22870370370370371
0 0.6921875 0.7648148148148148 0.259375 0.4703703703703704
12 0.5736979166666667 0.1597222222222222 0.15260416666666668 0.3138888888888889
14 0.26510416666666664 0.4305555555555556 0.21770833333333334 0.025925925925925925
14 0.82578125 0.025 0.027604166666666666 0.04814814814814815
3 0.5494791666666666 0.8157407407407408 0.29270833333333335 0.34629629629629627
6 0.8903645833333333 0.5851851851851851 0.21927083333333333 0.18703703703703703
2 0.5518229166666667 0.47453703703703703 0.027604166666666666 0.06018518518518518
2 0.6471354166666666 0.5810185185185185 0.04635416666666667 0.09166666666666666
1 0.584375 0.5731481481481482 0.08020833333333334 0.16296296296296298
1 0.7236979166666667 0.7125 0.1390625 0.24722222222222223
7 0.04453125 0.5486111111111112 0.07864583333333333 0.075
7 0.1875 0.5509259259259259 0.08020833333333334 0.07037037037037037
7 0.26979166666666665 0.5398148148148149 0.046875 0.05555555555555555
7 0.396875 0.5527777777777778 0.046875 0.046296296296296294
7 0.6515625 0.5509259259259259 0.065625 0.07407407407407407
