0 0.8731481481481481 0.8057291666666667 0.1 0.06354166666666666
0 0.3824074074074074 0.7955729166666666 0.025925925925925925 0.0421875
12 0.7680555555555556 0.40208333333333335 0.18981481481481483 0.14791666666666667
14 0.35694444444444445 0.7 0.7101851851851851 0.03958333333333333
14 0.12824074074074074 0.9546875 0.25092592592592594 0.023958333333333335
6 0.5231481481481481 0.8015625 0.07037037037037037 0.03229166666666667
6 0.32037037037037036 0.7984375 0.07407407407407407 0.034375
2 0.8773148148148148 0.7828125 0.03981481481481482 0.013541666666666667
2 0.3875 0.7768229166666667 0.012037037037037037 0.005729166666666666
1 0.3837962962962963 0.78984375 0.01574074074074074 0.0171875
1 0.8768518518518519 0.8200520833333333 0.07777777777777778 0.033854166666666664
