0 0.0005208333333333333 0.4787037037037037 0.0234375 0.6425925925925926
0 0.4864583333333333 0.5462962962962963 0.5921875 0.9787037037037037
0 0.8385416666666666 0.525 0.95 1.0
0 0.22447916666666667 0.4935185185185185 0.2390625 0.5453703703703704
12 0.5807291666666666 0.15555555555555556 0.7192708333333333 0.4166666666666667
14 0.0010416666666666667 0.32314814814814813 0.3338541666666667 0.37962962962962965
14 0.4791666666666667 0.35648148148148145 0.5192708333333333 0.3962962962962963
14 0.7270833333333333 0.225 0.7520833333333333 0.23981481481481481
3 0.4817708333333333 0.7055555555555556 0.7942708333333334 0.9962962962962963
6 0.16666666666666666 0.5074074074074074 0.22291666666666668 0.5740740740740741
6 0.28020833333333334 0.5175925925925926 0.3223958333333333 0.5824074074074074
1 0.8526041666666667 0.6212962962962963 0.9479166666666666 0.8722222222222222
1 0.49114583333333334 0.5916666666666667 0.5671875 0.7564814814814815
1 0.0015625 0.5046296296296297 0.0171875 0.5675925925925925
1 0.228125 0.5074074074074074 0.2375 0.5305555555555556
2 0.8708333333333333 0.5268518518518519 0.9265625 0.6074074074074074
2 0.5572916666666666 0.5518518518518518 0.590625 0.6074074074074074
2 0.0020833333333333333 0.4787037037037037 0.015104166666666667 0.4981481481481482
2 0.23072916666666668 0.4935185185185185 0.2390625 0.5064814814814815
