0 0.4010416666666667 0.6523148148148148 0.11145833333333334 0.4601851851851852
0 0.7182291666666667 0.6222222222222222 0.06458333333333334 0.43148148148148147
12 0.44192708333333336 0.2152777777777778 0.15572916666666667 0.2564814814814815
14 0.7575520833333333 0.40694444444444444 0.21614583333333334 0.030555555555555555
14 0.3419270833333333 0.20694444444444443 0.06822916666666666 0.05648148148148148
3 0.484375 0.7527777777777778 0.1875 0.22777777777777777
2 0.3971354166666667 0.4527777777777778 0.034895833333333334 0.05
2 0.7247395833333333 0.4263888888888889 0.04114583333333333 0.04722222222222222
1 0.7341145833333333 0.5541666666666667 0.06197916666666667 0.1787037037037037
1 0.37552083333333336 0.5907407407407408 0.05416666666666667 0.18518518518518517
7 0.46328125 0.5171296296296296 0.07239583333333334 0.05277777777777778
7 0.5606770833333333 0.5148148148148148 0.08802083333333334 0.040740740740740744
7 0.7791666666666667 0.5337962962962963 0.036458333333333336 0.06018518518518518
7 0.9528645833333333 0.5328703703703703 0.0921875 0.08611111111111111
7 0.6690104166666667 0.5300925925925926 0.04635416666666667 0.08425925925925926
