0 0.39895833333333336 0.4564814814814815 0.5125 0.9157407407407407
0 0.74375 0.42962962962962964 0.8291666666666667 0.8833333333333333
12 0.43020833333333336 0.10833333333333334 0.5822916666666667 0.3611111111111111
14 0.7364583333333333 0.4101851851851852 0.9963541666666667 0.45092592592592595
3 0.44895833333333335 0.6611111111111111 0.6317708333333333 0.9092592592592592
1 0.7697916666666667 0.49722222222222223 0.8364583333333333 0.6777777777777778
1 0.4015625 0.5259259259259259 0.46041666666666664 0.7129629629629629
2 0.4276041666666667 0.45740740740740743 0.465625 0.5092592592592593
2 0.7760416666666666 0.43148148148148147 0.8135416666666667 0.48333333333333334
7 0.51875 0.5157407407407407 0.5973958333333333 0.5694444444444444
7 0.6161458333333333 0.5148148148148148 0.7041666666666667 0.5564814814814815
7 0.7505208333333333 0.5157407407407407 0.7770833333333333 0.5981481481481481
7 0.8692708333333333 0.5324074074074074 0.9161458333333333 0.5972222222222222
