0 0.015364583333333333 0.524074074074074 0.027604166666666666 0.14074074074074075
0 0.4078125 0.4393518518518518 0.0125 0.026851851851851852
0 0.48098958333333336 0.674537037037037 0.10989583333333333 0.5046296296296297
0 0.40963541666666664 0.5430555555555555 0.05572916666666667 0.14351851851851852
12 0.41484375 0.19305555555555556 0.09427083333333333 0.2638888888888889
14 0.6557291666666667 0.26990740740740743 0.04479166666666667 0.032407407407407406
14 0.11848958333333333 0.32916666666666666 0.2359375 0.04722222222222222
14 0.3736979166666667 0.300462962962963 0.2359375 0.04722222222222222
14 0.9341145833333333 0.06342592592592593 0.028645833333333332 0.023148148148148147
3 0.4713541666666667 0.7490740740740741 0.340625 0.2722222222222222
6 0.37265625 0.47453703703703703 0.05572916666666667 0.06018518518518518
6 0.4752604166666667 0.46805555555555556 0.0203125 0.05277777777777778
1 0.4765625 0.5875 0.08229166666666667 0.2064814814814815
1 0.4122395833333333 0.5564814814814815 0.043229166666666666 0.11296296296296296
1 0.009375 0.5027777777777778 0.017708333333333333 0.05555555555555555
2 0.4466145833333333 0.44675925925925924 0.03697916666666667 0.049074074074074076
2 0.0067708333333333336 0.4638888888888889 0.011458333333333333 0.016666666666666666
2 0.40729166666666666 0.43472222222222223 0.00625 0.008333333333333333
14 0.18723958333333332 0.39814814814814814 0.0359375 0.020370370370370372
