0 0.4708333333333333 0.5398148148148149 0.6130208333333333 0.9916666666666667
0 0.69375 0.4324074074074074 0.8083333333333333 0.8379629629629629
12 0.41822916666666665 0.075 0.58125 0.3425925925925926
14 0.43697916666666664 0.4166666666666667 0.6838541666666667 0.4546296296296296
3 0.421875 0.6185185185185185 0.7109375 0.9231481481481482
1 0.7078125 0.4861111111111111 0.7765625 0.6527777777777778
1 0.50625 0.5703703703703704 0.6125 0.7768518518518519
2 0.7302083333333333 0.42962962962962964 0.7640625 0.4685185185185185
2 0.47239583333333335 0.5435185185185185 0.50625 0.6166666666666667
7 0.30416666666666664 0.5157407407407407 0.375 0.5722222222222222
7 0.41354166666666664 0.5212962962962963 0.4822916666666667 0.562037037037037
7 0.5161458333333333 0.5194444444444445 0.5552083333333333 0.55
7 0.6270833333333333 0.5314814814814814 0.665625 0.5777777777777777
7 0.7916666666666666 0.5157407407407407 0.9411458333333333 0.5879629629629629
