0 0.06640625 0.41574074074074074 0.027604166666666666 0.1388888888888889
0 0.40546875 0.43148148148148147 0.07552083333333333 0.18703703703703703
0 0.5419270833333333 0.5805555555555556 0.09322916666666667 0.5370370370370371
0 0.4434895833333333 0.3425925925925926 0.015104166666666667 0.024074074074074074
12 0.465625 0.1162037037037037 0.0875 0.23055555555555557
14 0.14348958333333334 0.22407407407407406 0.2609375 0.04814814814814815
14 0.4075520833333333 0.2050925925925926 0.23385416666666667 0.03796296296296296
14 0.6958333333333333 0.1787037037037037 0.04375 0.037037037037037035
3 0.5072916666666667 0.6541666666666667 0.3302083333333333 0.2601851851851852
6 0.49765625 0.37824074074074077 0.0390625 0.06388888888888888
6 0.39609375 0.3768518518518518 0.028645833333333332 0.05185185185185185
1 0.5484375 0.48703703703703705 0.075 0.20185185185185187
1 0.06666666666666667 0.3958333333333333 0.019791666666666666 0.049074074074074076
1 0.41041666666666665 0.4638888888888889 0.053125 0.12407407407407407
2 0.53515625 0.3388888888888889 0.044270833333333336 0.05185185185185185
2 0.42213541666666665 0.362962962962963 0.03177083333333333 0.05
2 0.06510416666666667 0.35509259259259257 0.011458333333333333 0.017592592592592594
2 0.44375 0.337037037037037 0.007291666666666667 0.012962962962962963
14 0.22473958333333333 0.300462962962963 0.0390625 0.025
