0 0.15208333333333332 0.33055555555555555 0.18072916666666666 0.47129629629629627
0 0.46041666666666664 0.35 0.5359375 0.5259259259259259
0 0.584375 0.31296296296296294 0.6921875 0.8870370370370371
0 0.5135416666666667 0.33425925925925926 0.5286458333333334 0.36203703703703705
12 0.5223958333333333 0.001851851851851852 0.6 0.2518518518518518
14 0.0015625 0.18888888888888888 0.6119791666666666 0.2388888888888889
14 0.7609375 0.1685185185185185 0.8041666666666667 0.20092592592592592
14 0.29010416666666666 0.2833333333333333 0.32864583333333336 0.30185185185185187
3 0.4203125 0.5166666666666667 0.7458333333333333 0.7842592592592592
6 0.45989583333333334 0.35 0.48802083333333335 0.40925925925925927
6 0.5541666666666667 0.3509259259259259 0.5963541666666666 0.41203703703703703
2 0.596875 0.3138888888888889 0.6432291666666666 0.37222222222222223
2 0.48385416666666664 0.35462962962962963 0.5182291666666666 0.40185185185185185
2 0.15260416666666668 0.33240740740740743 0.16458333333333333 0.35185185185185186
2 0.5192708333333333 0.3333333333333333 0.525 0.34629629629629627
1 0.5942708333333333 0.39351851851851855 0.6786458333333333 0.6148148148148148
1 0.46875 0.4064814814814815 0.5244791666666667 0.5268518518518519
1 0.15625 0.3574074074074074 0.175 0.40925925925925927
