0 0.4734375 0.6675925925925926 0.11458333333333333 0.4685185185185185
0 0.7841145833333333 0.638425925925926 0.07135416666666666 0.4527777777777778
12 0.48854166666666665 0.22314814814814815 0.159375 0.2518518518518518
14 0.7059895833333333 0.42453703703703705 0.25885416666666666 0.025
14 0.31979166666666664 0.20972222222222223 0.10104166666666667 0.062037037037037036
3 0.55859375 0.7671296296296296 0.16614583333333333 0.2361111111111111
1 0.4473958333333333 0.600462962962963 0.05520833333333333 0.19166666666666668
1 0.7875 0.5666666666666667 0.06354166666666666 0.17407407407407408
2 0.4708333333333333 0.4587962962962963 0.03854166666666667 0.05092592592592592
2 0.7723958333333333 0.44166666666666665 0.03958333333333333 0.04814814814814815
7 0.5536458333333333 0.5208333333333334 0.07916666666666666 0.04537037037037037
7 0.94765625 0.5439814814814815 0.09947916666666666 0.08055555555555556
7 0.6528645833333333 0.5375 0.04635416666666667 0.07685185185185185
7 0.428125 0.524074074074074 0.029166666666666667 0.05185185185185185
