0 0.5109375 0.4601851851851852 0.6208333333333333 0.9277777777777778
0 0.8447916666666667 0.4546296296296296 0.9166666666666666 0.9101851851851852
12 0.5109375 0.11851851851851852 0.6651041666666667 0.37777777777777777
14 0.35989583333333336 0.21388888888888888 0.44895833333333335 0.2564814814814815
14 0.659375 0.44351851851851853 0.9270833333333334 0.4722222222222222
3 0.5723958333333333 0.6638888888888889 0.7463541666666667 0.924074074074074
1 0.846875 0.5287037037037037 0.9083333333333333 0.712037037037037
1 0.5125 0.5342592592592592 0.5776041666666667 0.7185185185185186
2 0.5489583333333333 0.4601851851851852 0.59375 0.5120370370370371
2 0.85625 0.45740740740740743 0.8989583333333333 0.5101851851851852
7 0.5979166666666667 0.5296296296296297 0.6802083333333333 0.5675925925925925
7 0.8291666666666667 0.5564814814814815 0.8546875 0.6111111111111112
7 0.7119791666666667 0.5351851851851852 0.7572916666666667 0.6175925925925926
7 0.49114583333333334 0.5277777777777778 0.5369791666666667 0.5796296296296296
