0 0.5947916666666667 0.5703703703703704 0.08958333333333333 0.22037037037037038
0 0.82421875 0.7583333333333333 0.14322916666666666 0.48333333333333334
12 0.5684895833333333 0.19490740740740742 0.15885416666666666 0.30462962962962964
14 0.95390625 0.02175925925925926 0.0234375 0.041666666666666664
14 0.36796875 0.44351851851851853 0.2203125 0.03333333333333333
3 0.5955729166666667 0.8125 0.34322916666666664 0.33055555555555555
6 0.9330729166666667 0.5990740740740741 0.13385416666666666 0.16666666666666666
2 0.5666666666666667 0.49074074074074076 0.03125 0.053703703703703705
1 0.59765625 0.5837962962962963 0.0796875 0.15833333333333333
2 0.7755208333333333 0.5587962962962963 0.040625 0.08055555555555556
1 0.8317708333333333 0.6824074074074075 0.11041666666666666 0.22407407407407406
7 0.15494791666666666 0.5592592592592592 0.0828125 0.07407407407407407
7 0.2859375 0.5625 0.075 0.062037037037037036
7 0.36875 0.5444444444444444 0.040625 0.044444444444444446
7 0.48802083333333335 0.5666666666666667 0.040625 0.053703703703703705
7 0.69140625 0.5671296296296297 0.12135416666666667 0.075
