0 0.6265625 0.6925925925925925 0.15520833333333334 0.4425925925925926
0 0.9427083333333334 0.6583333333333333 0.090625 0.4685185185185185
12 0.6625 0.19444444444444445 0.15833333333333333 0.2574074074074074
14 0.8135416666666667 0.425 0.25833333333333336 0.024074074074074074
14 0.41171875 0.18055555555555555 0.09010416666666667 0.06481481481481481
3 0.74296875 0.7490740740740741 0.2015625 0.28703703703703703
2 0.6330729166666667 0.5009259259259259 0.04739583333333333 0.05925925925925926
2 0.9346354166666667 0.4486111111111111 0.0421875 0.04537037037037037
1 0.6044270833333333 0.6143518518518518 0.07447916666666667 0.18055555555555555
1 0.9416666666666667 0.5814814814814815 0.07083333333333333 0.17777777777777778
7 0.7596354166666667 0.5430555555555555 0.0421875 0.08981481481481482
7 0.87890625 0.5523148148148148 0.033854166666666664 0.06018518518518518
7 0.6807291666666667 0.5199074074074074 0.042708333333333334 0.03611111111111111
7 0.5541666666666667 0.5125 0.06666666666666667 0.05462962962962963
