0 0.11510416666666666 0.4398148148148148 0.13229166666666667 0.4740740740740741
0 0.19010416666666666 0.4398148148148148 0.2552083333333333 0.8342592592592593
0 0.428125 0.4203703703703704 0.5125 0.9324074074074075
12 0.2828125 0.05555555555555555 0.3796875 0.337037037037037
14 0.6119791666666666 0.13055555555555556 0.6348958333333333 0.14907407407407408
14 0.0020833333333333333 0.2861111111111111 0.215625 0.3212962962962963
14 0.36614583333333334 0.2824074074074074 0.403125 0.3175925925925926
3 0.2265625 0.6398148148148148 0.5526041666666667 0.9101851851851852
6 0.04479166666666667 0.4564814814814815 0.109375 0.5259259259259259
6 0.15885416666666666 0.4583333333333333 0.20729166666666668 0.5259259259259259
2 0.4395833333333333 0.41944444444444445 0.47760416666666666 0.4722222222222222
2 0.21302083333333333 0.4398148148148148 0.24791666666666667 0.48333333333333334
2 0.11927083333333334 0.44074074074074077 0.1265625 0.4537037037037037
1 0.1171875 0.45555555555555555 0.12864583333333332 0.47314814814814815
1 0.19322916666666667 0.5037037037037037 0.24791666666666667 0.6546296296296297
1 0.434375 0.4935185185185185 0.5046875 0.6842592592592592
