0 0.7174479166666666 0.6685185185185185 0.0890625 0.44814814814814813
0 0.3885416666666667 0.6759259259259259 0.103125 0.45925925925925926
12 0.45234375 0.22685185185185186 0.15052083333333333 0.24444444444444444
14 0.8653645833333333 0.4462962962962963 0.26614583333333336 0.024074074074074074
3 0.47239583333333335 0.775 0.18333333333333332 0.24259259259259258
2 0.38645833333333335 0.4708333333333333 0.03854166666666667 0.05277777777777778
2 0.7341145833333333 0.4685185185185185 0.04010416666666667 0.04814814814814815
1 0.36614583333333334 0.6078703703703704 0.057291666666666664 0.18611111111111112
1 0.7390625 0.5995370370370371 0.06041666666666667 0.18796296296296297
7 0.5526041666666667 0.5351851851851852 0.07708333333333334 0.05555555555555555
7 0.6518229166666667 0.5388888888888889 0.0921875 0.04259259259259259
7 0.875 0.5740740740740741 0.04583333333333333 0.05185185185185185
7 0.77734375 0.5680555555555555 0.030729166666666665 0.08425925925925926
