0 0.32916666666666666 0.587037037037037 0.38958333333333334 0.8953703703703704
0 0.4317708333333333 0.5833333333333334 0.48854166666666665 0.7185185185185186
0 0.5494791666666666 0.5731481481481482 0.5994791666666667 0.725
12 0.43333333333333335 0.33425925925925926 0.5333333333333333 0.5259259259259259
14 0.7692708333333333 0.09722222222222222 0.8161458333333333 0.18703703703703703
14 0.15208333333333332 0.5768518518518518 0.35989583333333336 0.5990740740740741
3 0.37552083333333336 0.7111111111111111 0.6104166666666667 0.9046296296296297
4 0.7260416666666667 0.6046296296296296 1.0 0.7601851851851852
1 0.5578125 0.6194444444444445 0.5911458333333334 0.7231481481481481
1 0.4401041666666667 0.6342592592592593 0.4786458333333333 0.7101851851851851
2 0.5598958333333334 0.575 0.5817708333333333 0.600925925925926
2 0.4484375 0.5898148148148148 0.4666666666666667 0.6175925925925926
2 0.3536458333333333 0.5898148148148148 0.378125 0.6175925925925926
7 0.013020833333333334 0.675 0.08802083333333334 0.7472222222222222
7 0.15416666666666667 0.6694444444444444 0.22447916666666667 0.7342592592592593
7 0.24010416666666667 0.6620370370370371 0.28072916666666664 0.7111111111111111
7 0.51875 0.6444444444444445 0.5567708333333333 0.7111111111111111
7 0.6015625 0.6388888888888888 0.6453125 0.700925925925926
