0 0.15729166666666666 0.37777777777777777 0.16979166666666667 0.4101851851851852
0 0.2015625 0.43796296296296294 0.28072916666666664 0.7768518518518519
0 0.4 0.3287037037037037 0.4973958333333333 0.8555555555555555
12 0.2682291666666667 0.009259259259259259 0.3697916666666667 0.25925925925925924
14 0.40260416666666665 0.19814814814814816 0.4390625 0.22777777777777777
14 0.0015625 0.20833333333333334 0.25 0.26851851851851855
14 0.6458333333333334 0.013888888888888888 0.6682291666666667 0.037037037037037035
3 0.234375 0.549074074074074 0.5526041666666667 0.825
6 0.20208333333333334 0.38981481481481484 0.25052083333333336 0.45555555555555555
6 0.09375 0.3990740740740741 0.1546875 0.4648148148148148
2 0.41458333333333336 0.33055555555555555 0.4515625 0.3787037037037037
2 0.22083333333333333 0.4398148148148148 0.2546875 0.5027777777777778
1 0.4078125 0.39814814814814814 0.4895833333333333 0.6157407407407407
1 0.21145833333333333 0.48518518518518516 0.2713541666666667 0.5953703703703703
1 0.159375 0.3925925925925926 0.16822916666666668 0.4074074074074074
