0 0.3640625 0.4685185185185185 0.44114583333333335 0.9675925925925926
0 0.2994791666666667 0.48055555555555557 0.3640625 0.662962962962963
0 0.3390625 0.47314814814814815 0.34739583333333335 0.5018518518518519
12 0.2911458333333333 0.10462962962962963 0.39427083333333335 0.3648148148148148
14 0.8479166666666667 0.1425925925925926 0.8791666666666667 0.16574074074074074
14 0.0026041666666666665 0.33796296296296297 0.17447916666666666 0.36574074074074076
14 0.18541666666666667 0.33055555555555555 0.42552083333333335 0.36203703703703705
14 0.571875 0.32037037037037036 0.6098958333333333 0.3453703703703704
3 0.2328125 0.6425925925925926 0.553125 0.937962962962963
6 0.278125 0.48703703703703705 0.3307291666666667 0.5509259259259259
6 0.4015625 0.4898148148148148 0.42083333333333334 0.5425925925925926
1 0.378125 0.5296296296296297 0.4427083333333333 0.725925925925926
1 0.3098958333333333 0.5324074074074074 0.3619791666666667 0.662962962962963
1 0.36666666666666664 0.4722222222222222 0.39895833333333336 0.5231481481481481
