0 0.35648148148148145 0.7869791666666667 0.38333333333333336 0.8348958333333333
0 0.7379629629629629 0.7822916666666667 0.8574074074074074 0.9140625
0 0.9148148148148149 0.8802083333333334 1.0 0.9989583333333333
12 0.48333333333333334 0.2682291666666667 0.7046296296296296 0.44427083333333334
14 0.000925925925925926 0.709375 0.6944444444444444 0.7270833333333333
6 0.2611111111111111 0.7989583333333333 0.3351851851851852 0.8338541666666667
6 0.4666666666666667 0.7958333333333333 0.5407407407407407 0.8307291666666666
2 0.7759259259259259 0.7822916666666667 0.8194444444444444 0.796875
2 0.9592592592592593 0.8828125 1.0 0.9104166666666667
2 0.3731481481481482 0.7890625 0.3824074074074074 0.7958333333333333
1 0.7518518518518519 0.8109375 0.8435185185185186 0.8854166666666666
1 0.35833333333333334 0.7953125 0.37777777777777777 0.8125
