0 0.425 0.7379629629629629 0.06770833333333333 0.15925925925925927
0 0.49947916666666664 0.7712962962962963 0.06458333333333334 0.24444444444444444
0 0.09401041666666667 0.7532407407407408 0.12135416666666667 0.33611111111111114
2 0.09895833333333333 0.6138888888888889 0.04791666666666667 0.03518518518518519
2 0.43333333333333335 0.6888888888888889 0.03229166666666667 0.03518518518518519
2 0.4903645833333333 0.6680555555555555 0.0359375 0.03981481481481482
1 0.5015625 0.7763888888888889 0.051041666666666666 0.13055555555555556
1 0.42526041666666664 0.7606481481481482 0.04114583333333333 0.09166666666666666
3 0.4205729166666667 0.8986111111111111 0.1859375 0.19537037037037036
3 0.6393229166666666 0.9018518518518519 0.22760416666666666 0.18518518518518517
6 0.9393229166666667 0.7847222222222222 0.10572916666666667 0.15462962962962962
6 0.8411458333333334 0.7717592592592593 0.09479166666666666 0.15092592592592594
7 0.2911458333333333 0.7388888888888889 0.06354166666666666 0.053703703703703705
7 0.6502604166666667 0.7490740740740741 0.12447916666666667 0.06851851851851852
12 0.4466145833333333 0.3287037037037037 0.14427083333333332 0.2777777777777778
14 0.34661458333333334 0.637962962962963 0.1640625 0.04259259259259259
14 0.8614583333333333 0.24351851851851852 0.052083333333333336 0.08148148148148149
