0 0.39765625 0.9449074074074074 0.034895833333333334 0.11018518518518519
0 0.5424479166666667 0.9375 0.08072916666666667 0.12314814814814815
0 0.8520833333333333 0.8476851851851852 0.027083333333333334 0.07685185185185185
0 0.903125 0.8222222222222222 0.022916666666666665 0.05185185185185185
14 0.59453125 0.03425925925925926 0.07135416666666666 0.06296296296296296
1 0.9044270833333333 0.8342592592592593 0.0140625 0.025925925925925925
1 0.8520833333333333 0.8513888888888889 0.019791666666666666 0.049074074074074076
1 0.5572916666666666 0.9652777777777778 0.04375 0.06944444444444445
1 0.39921875 0.9634259259259259 0.0296875 0.07314814814814814
2 0.5505208333333333 0.8972222222222223 0.026041666666666668 0.04259259259259259
2 0.3953125 0.9041666666666667 0.01875 0.025
2 0.9033854166666667 0.8050925925925926 0.008854166666666666 0.013888888888888888
