0 0.09322916666666667 0.6694444444444444 0.04895833333333333 0.19814814814814816
0 0.2171875 0.6583333333333333 0.052083333333333336 0.18518518518518517
0 0.4166666666666667 0.7296296296296296 0.084375 0.3648148148148148
0 0.5546875 0.711574074074074 0.06666666666666667 0.2953703703703704
0 0.6330729166666667 0.6314814814814815 0.0734375 0.13148148148148148
2 0.09192708333333334 0.5879629629629629 0.021354166666666667 0.018518518518518517
2 0.22005208333333334 0.5791666666666667 0.018229166666666668 0.023148148148148147
2 0.4109375 0.5736111111111111 0.027083333333333334 0.03796296296296296
2 0.5502604166666667 0.5884259259259259 0.025520833333333333 0.026851851851851852
2 0.6315104166666666 0.5912037037037037 0.0328125 0.03981481481481482
1 0.09322916666666667 0.6467592592592593 0.029166666666666667 0.0712962962962963
1 0.4122395833333333 0.6648148148148149 0.050520833333333334 0.11851851851851852
1 0.553125 0.6833333333333333 0.035416666666666666 0.10185185185185185
1 0.6322916666666667 0.6564814814814814 0.03854166666666667 0.06851851851851852
12 0.734375 0.1675925925925926 0.125 0.22407407407407406
13 0.8453125 0.6657407407407407 0.30416666666666664 0.13703703703703704
