0 0.3625 0.8472222222222222 0.4171875 1.0
12 0.40520833333333334 0.08148148148148149 0.4765625 0.2175925925925926
14 0.06145833333333333 0.2074074074074074 0.13697916666666668 0.23796296296296296
14 0.19427083333333334 0.600925925925926 0.321875 0.65
14 0.7 0.5601851851851852 0.84375 0.6092592592592593
14 0.49166666666666664 0.000925925925925926 0.70625 0.04537037037037037
14 0.39427083333333335 0.6814814814814815 0.4578125 0.7083333333333334
14 0.6880208333333333 0.850925925925926 0.7036458333333333 0.8944444444444445
14 0.6630208333333333 0.8064814814814815 0.7015625 0.837037037037037
6 0.013541666666666667 0.8824074074074074 0.33697916666666666 1.0
2 0.37395833333333334 0.8490740740740741 0.403125 0.8833333333333333
1 0.365625 0.9 0.3958333333333333 1.0
