0 0.41692708333333334 0.7472222222222222 0.1046875 0.44074074074074077
0 0.7713541666666667 0.7583333333333333 0.11666666666666667 0.48333333333333334
12 0.5255208333333333 0.2777777777777778 0.14479166666666668 0.26296296296296295
14 0.07421875 0.32407407407407407 0.14635416666666667 0.046296296296296294
14 0.32395833333333335 0.3523148148148148 0.040625 0.03981481481481482
3 0.5140625 0.8416666666666667 0.2875 0.31666666666666665
6 0.10859375 0.5282407407407408 0.0515625 0.0712962962962963
2 0.44947916666666665 0.5578703703703703 0.040625 0.062037037037037036
2 0.784375 0.5481481481481482 0.04583333333333333 0.07037037037037037
1 0.7846354166666667 0.7194444444444444 0.09322916666666667 0.22962962962962963
1 0.40260416666666665 0.6541666666666667 0.075 0.15462962962962962
