0 0.2911458333333333 0.4083333333333333 0.39739583333333334 0.8537037037037037
0 0.653125 0.37777777777777777 0.7442708333333333 0.8675925925925926
12 0.33541666666666664 0.06388888888888888 0.4895833333333333 0.30648148148148147
14 0.8546875 0.3490740740740741 1.0 0.375
14 0.5515625 0.13148148148148148 0.6380208333333334 0.17685185185185184
14 0.04739583333333333 0.08333333333333333 0.07708333333333334 0.09722222222222222
3 0.33125 0.6212962962962963 0.5130208333333334 0.8555555555555555
2 0.6885416666666667 0.3787037037037037 0.7291666666666666 0.42685185185185187
2 0.3421875 0.40925925925925927 0.37916666666666665 0.46574074074074073
1 0.2942708333333333 0.4703703703703704 0.35052083333333334 0.6574074074074074
1 0.6791666666666667 0.45 0.74375 0.6324074074074074
7 0.5979166666666667 0.4462962962962963 0.6786458333333333 0.4981481481481482
7 0.8447916666666667 0.44722222222222224 0.8984375 0.5388888888888889
7 0.7536458333333333 0.45925925925925926 0.7927083333333333 0.5259259259259259
7 0.9614583333333333 0.47129629629629627 1.0 0.524074074074074
