0 0.27239583333333334 0.5611111111111111 0.08645833333333333 0.19444444444444445
0 0.38046875 0.7143518518518519 0.09427083333333333 0.5212962962962963
12 0.28515625 0.2199074074074074 0.10052083333333334 0.2712962962962963
14 0.175 0.33240740740740743 0.340625 0.03148148148148148
14 0.5078125 0.325 0.036458333333333336 0.027777777777777776
14 0.76640625 0.14907407407407408 0.025520833333333333 0.020370370370370372
3 0.3375 0.788425925925926 0.33958333333333335 0.2861111111111111
6 0.21770833333333334 0.5101851851851852 0.05416666666666667 0.06481481481481481
6 0.3151041666666667 0.5138888888888888 0.042708333333333334 0.06666666666666667
2 0.36875 0.4875 0.04479166666666667 0.058333333333333334
2 0.26458333333333334 0.4888888888888889 0.03229166666666667 0.04814814814814815
1 0.39296875 0.624537037037037 0.06822916666666666 0.21574074074074073
1 0.2716145833333333 0.5879629629629629 0.06614583333333333 0.12407407407407407
