0 0.058333333333333334 0.33796296296296297 0.075 0.37407407407407406
0 0.1484375 0.3787037037037037 0.246875 0.5574074074074075
0 0.4083333333333333 0.3296296296296296 0.5359375 0.9138888888888889
12 0.2625 0.007407407407407408 0.3625 0.23796296296296296
14 0.0020833333333333333 0.17685185185185184 0.16770833333333332 0.21666666666666667
14 0.3229166666666667 0.19074074074074074 0.359375 0.22777777777777777
14 0.5755208333333334 0.04722222222222222 0.6026041666666667 0.06944444444444445
3 0.1390625 0.5268518518518519 0.4328125 0.8277777777777777
6 0.0005208333333333333 0.35555555555555557 0.05572916666666667 0.42592592592592593
6 0.11197916666666667 0.3638888888888889 0.1578125 0.43333333333333335
2 0.45625 0.3296296296296296 0.5072916666666667 0.38981481481481484
1 0.4432291666666667 0.4222222222222222 0.5317708333333333 0.6351851851851852
1 0.16145833333333334 0.4222222222222222 0.23229166666666667 0.5601851851851852
1 0.0609375 0.3490740740740741 0.0734375 0.37407407407407406
2 0.06666666666666667 0.3388888888888889 0.07291666666666667 0.34629629629629627
