0 0.53046875 0.5425925925925926 0.0765625 0.21851851851851853
0 0.7390625 0.6856481481481481 0.12291666666666666 0.39537037037037037
12 0.48125 0.18333333333333332 0.16041666666666668 0.29259259259259257
14 0.3463541666666667 0.43333333333333335 0.20833333333333334 0.020370370370370372
14 0.90859375 0.012962962962962963 0.013020833333333334 0.024074074074074074
3 0.5252604166666667 0.7763888888888889 0.3255208333333333 0.30833333333333335
6 0.9065104166666667 0.5736111111111111 0.18697916666666667 0.1712962962962963
1 0.7502604166666667 0.6351851851851852 0.0796875 0.19444444444444445
1 0.5322916666666667 0.562962962962963 0.065625 0.15185185185185185
2 0.6984375 0.5157407407407407 0.03854166666666667 0.05740740740740741
2 0.5119791666666667 0.45787037037037037 0.028125 0.04351851851851852
7 0.12213541666666666 0.55 0.08385416666666666 0.06851851851851852
7 0.2520833333333333 0.5467592592592593 0.078125 0.05462962962962963
7 0.33541666666666664 0.5342592592592592 0.042708333333333334 0.037037037037037035
7 0.45364583333333336 0.5569444444444445 0.036458333333333336 0.062037037037037036
7 0.6380208333333334 0.5476851851851852 0.08125 0.07685185185185185
