0 0.3263020833333333 0.6930555555555555 0.10052083333333334 0.4527777777777778
0 0.6856770833333333 0.687037037037037 0.09947916666666666 0.5148148148148148
12 0.40182291666666664 0.22453703703703703 0.14947916666666666 0.2601851851851852
14 0.73359375 0.1962962962962963 0.1078125 0.044444444444444446
14 0.20364583333333333 0.16435185185185186 0.029166666666666667 0.01574074074074074
3 0.4166666666666667 0.7689814814814815 0.23541666666666666 0.30277777777777776
2 0.34088541666666666 0.5 0.0390625 0.06481481481481481
2 0.6934895833333333 0.4564814814814815 0.044270833333333336 0.05925925925925926
1 0.7010416666666667 0.6055555555555555 0.06770833333333333 0.2
1 0.31015625 0.6236111111111111 0.06927083333333334 0.1824074074074074
7 0.8153645833333333 0.5324074074074074 0.17447916666666666 0.08333333333333333
7 0.9822916666666667 0.549537037037037 0.035416666666666666 0.10092592592592593
