0 0.42213541666666665 0.6972222222222222 0.1109375 0.4648148148148148
0 0.7270833333333333 0.649537037037037 0.065625 0.44722222222222224
12 0.43046875 0.25601851851851853 0.14947916666666666 0.24351851851851852
14 0.6635416666666667 0.43425925925925923 0.23541666666666666 0.040740740740740744
14 0.28151041666666665 0.009722222222222222 0.049479166666666664 0.017592592592592594
14 0.26901041666666664 0.2518518518518518 0.10052083333333334 0.05555555555555555
3 0.5088541666666667 0.7935185185185185 0.17708333333333334 0.22592592592592592
2 0.415625 0.49212962962962964 0.042708333333333334 0.04722222222222222
2 0.72109375 0.449537037037037 0.034895833333333334 0.04351851851851852
1 0.7348958333333333 0.5736111111111111 0.06041666666666667 0.16574074074074074
1 0.39427083333333335 0.6324074074074074 0.05 0.18888888888888888
7 0.6002604166666666 0.5625 0.0453125 0.075
7 0.9190104166666667 0.5435185185185185 0.15572916666666667 0.08518518518518518
7 0.50703125 0.5518518518518518 0.08072916666666667 0.040740740740740744
