0 0.6026041666666667 0.5518518518518518 0.09895833333333333 0.21666666666666667
0 0.7880208333333333 0.7462962962962963 0.15520833333333334 0.5074074074074074
12 0.58671875 0.16620370370370371 0.15260416666666668 0.30648148148148147
14 0.34010416666666665 0.4217592592592593 0.19375 0.030555555555555555
3 0.58046875 0.8023148148148148 0.28489583333333335 0.33796296296296297
6 0.915625 0.5777777777777777 0.16875 0.17222222222222222
2 0.7354166666666667 0.5347222222222222 0.04375 0.07685185185185185
2 0.5752604166666667 0.4726851851851852 0.03177083333333333 0.05277777777777778
1 0.6080729166666666 0.5652777777777778 0.08177083333333333 0.1638888888888889
1 0.7752604166666667 0.6805555555555556 0.12552083333333333 0.24444444444444444
7 0.6739583333333333 0.5398148148148149 0.075 0.06481481481481481
7 0.4518229166666667 0.5449074074074074 0.0453125 0.05092592592592592
7 0.32890625 0.5268518518518519 0.044270833333333336 0.046296296296296294
7 0.25390625 0.5407407407407407 0.0703125 0.06296296296296296
7 0.11223958333333334 0.5412037037037037 0.07864583333333333 0.07314814814814814
