0 0.5958333333333333 0.7384259259259259 0.14375 0.5194444444444445
0 0.6481770833333333 0.5694444444444444 0.0578125 0.22962962962962963
12 0.44557291666666665 0.20925925925925926 0.17760416666666667 0.2833333333333333
14 0.4861979166666667 0.45092592592592595 0.20989583333333334 0.03333333333333333
3 0.484375 0.7981481481481482 0.2520833333333333 0.31851851851851853
6 0.9635416666666666 0.6069444444444444 0.07291666666666667 0.16574074074074074
1 0.6252604166666667 0.6592592592592592 0.07864583333333333 0.24074074074074073
2 0.5752604166666667 0.5138888888888888 0.04739583333333333 0.06481481481481481
2 0.6497395833333334 0.4652777777777778 0.03177083333333333 0.03425925925925926
1 0.6447916666666667 0.5671296296296297 0.040625 0.1287037037037037
7 0.24583333333333332 0.5537037037037037 0.07916666666666666 0.05740740740740741
7 0.36223958333333334 0.5537037037037037 0.0765625 0.04814814814814815
7 0.44973958333333336 0.5467592592592593 0.04114583333333333 0.041666666666666664
7 0.77421875 0.575 0.14114583333333333 0.07962962962962963
7 0.55625 0.5726851851851852 0.029166666666666667 0.04722222222222222
