0 0.30963541666666666 0.6638888888888889 0.10677083333333333 0.45925925925925926
0 0.6625 0.6851851851851852 0.11145833333333334 0.5444444444444444
12 0.39010416666666664 0.1912037037037037 0.14791666666666667 0.2675925925925926
14 0.9182291666666667 0.16018518518518518 0.121875 0.044444444444444446
14 0.08151041666666667 0.2675925925925926 0.1609375 0.05740740740740741
3 0.4046875 0.7476851851851852 0.27708333333333335 0.30648148148148147
1 0.6765625 0.6060185185185185 0.084375 0.23055555555555557
2 0.32734375 0.46805555555555556 0.0390625 0.062037037037037036
2 0.67109375 0.44212962962962965 0.049479166666666664 0.06018518518518518
1 0.2916666666666667 0.5824074074074074 0.07083333333333333 0.16666666666666666
7 0.9109375 0.5175925925925926 0.178125 0.07962962962962963
