0 0.275 0.45 0.39114583333333336 0.912962962962963
0 0.6010416666666667 0.44351851851851853 0.6666666666666666 0.8574074074074074
12 0.2875 0.12777777777777777 0.44114583333333335 0.3731481481481482
14 0.4942708333333333 0.4398148148148148 0.7427083333333333 0.4564814814814815
14 0.19270833333333334 0.2064814814814815 0.2869791666666667 0.26851851851851855
3 0.3333333333333333 0.6703703703703704 0.5067708333333333 0.8962962962962963
1 0.28125 0.5268518518518519 0.33697916666666666 0.7148148148148148
1 0.6260416666666667 0.5046296296296297 0.6802083333333333 0.6611111111111111
2 0.6296875 0.44074074074074077 0.6645833333333333 0.4824074074074074
2 0.30625 0.4583333333333333 0.35260416666666666 0.5064814814814815
7 0.7864583333333334 0.5157407407407407 0.9442708333333333 0.6074074074074074
7 0.5375 0.5222222222222223 0.5864583333333333 0.6138888888888889
7 0.41875 0.5277777777777778 0.5036458333333333 0.5666666666666667
7 0.34270833333333334 0.5277777777777778 0.3984375 0.5796296296296296
