0 0.4278645833333333 0.5430555555555555 0.0921875 0.28055555555555556
0 0.6658854166666667 0.6731481481481482 0.1296875 0.44074074074074077
0 0.9067708333333333 0.36157407407407405 0.027083333333333334 0.15648148148148147
12 0.43255208333333334 0.13472222222222222 0.11510416666666666 0.25462962962962965
14 0.2984375 0.03009259259259259 0.04375 0.058333333333333334
14 0.72578125 0.11296296296296296 0.11822916666666666 0.1111111111111111
3 0.48411458333333335 0.8337962962962963 0.45677083333333335 0.33240740740740743
6 0.6346354166666667 0.5347222222222222 0.3609375 0.1824074074074074
1 0.42473958333333334 0.5712962962962963 0.07552083333333333 0.2
1 0.6653645833333334 0.6074074074074074 0.0984375 0.1685185185185185
2 0.41302083333333334 0.43472222222222223 0.0375 0.05092592592592592
2 0.6276041666666666 0.48333333333333334 0.04375 0.05740740740740741
7 0.18203125 0.5569444444444445 0.17239583333333333 0.0824074074074074
1 0.9080729166666667 0.33611111111111114 0.0234375 0.05925925925925926
2 0.90703125 0.28888888888888886 0.011979166666666667 0.012962962962962963
