0 0.2869791666666667 0.4324074074074074 0.3953125 0.8962962962962963
0 0.6416666666666667 0.40185185185185185 0.7541666666666667 0.9101851851851852
12 0.3385416666666667 0.06666666666666667 0.49114583333333334 0.3277777777777778
14 0.12552083333333333 0.125 0.15208333333333332 0.14074074074074075
14 0.61875 0.15462962962962962 0.7182291666666667 0.2
14 0.9348958333333334 0.3731481481481482 1.0 0.3990740740740741
3 0.3234375 0.6388888888888888 0.53125 0.8962962962962963
2 0.6885416666666667 0.4064814814814815 0.7364583333333333 0.4564814814814815
2 0.33125 0.43333333333333335 0.3692708333333333 0.4925925925925926
1 0.28854166666666664 0.5064814814814815 0.35260416666666666 0.6935185185185185
1 0.684375 0.4787037037037037 0.7541666666666667 0.6712962962962963
7 0.7572916666666667 0.47314814814814815 0.85625 0.5564814814814815
7 0.9151041666666667 0.475 0.9739583333333334 0.5722222222222222
7 0.6552083333333333 0.4777777777777778 0.6979166666666666 0.5296296296296297
