0 0.575 0.7671296296296296 0.14583333333333334 0.39351851851851855
0 0.8411458333333334 0.6462962962962963 0.09270833333333334 0.43148148148148147
12 0.5796875 0.21481481481481482 0.165625 0.2611111111111111
14 0.6783854166666666 0.42777777777777776 0.26510416666666664 0.03148148148148148
14 0.29322916666666665 0.2273148148148148 0.10833333333333334 0.06759259259259259
3 0.6809895833333334 0.775 0.20677083333333332 0.2833333333333333
1 0.846875 0.5736111111111111 0.059375 0.15833333333333333
1 0.5505208333333333 0.6851851851851852 0.090625 0.18888888888888888
2 0.84609375 0.449537037037037 0.03802083333333333 0.04351851851851852
2 0.5296875 0.5884259259259259 0.03125 0.03425925925925926
7 0.44973958333333336 0.5370370370370371 0.07135416666666666 0.05
7 0.5583333333333333 0.5370370370370371 0.07916666666666666 0.044444444444444446
7 0.65078125 0.5347222222222222 0.04010416666666667 0.04537037037037037
7 0.7653645833333333 0.55 0.0390625 0.04814814814814815
7 0.9546875 0.5527777777777778 0.084375 0.07407407407407407
