0 0.47962962962962963 0.9614583333333333 0.15 0.07708333333333334
0 0.65 0.86640625 0.09444444444444444 0.1296875
0 0.737037037037037 0.8580729166666666 0.10185185185185185 0.12552083333333333
0 0.5212962962962963 0.89609375 0.1925925925925926 0.1953125
12 0.6569444444444444 0.42578125 0.25833333333333336 0.12552083333333333
14 0.9 0.696875 0.1962962962962963 0.01875
14 0.3907407407407407 0.7229166666666667 0.7759259259259259 0.051041666666666666
2 0.5092592592592593 0.94140625 0.07222222222222222 0.03802083333333333
2 0.5009259259259259 0.8231770833333333 0.05 0.0234375
2 0.5037037037037037 0.80859375 0.046296296296296294 0.016145833333333335
2 0.6430555555555556 0.8145833333333333 0.04722222222222222 0.023958333333333335
2 0.7106481481481481 0.80234375 0.030555555555555555 0.011979166666666667
1 0.4912037037037037 0.896875 0.09907407407407408 0.09375
1 0.6560185185185186 0.8776041666666666 0.06388888888888888 0.07083333333333333
1 0.7337962962962963 0.8356770833333333 0.06759259259259259 0.0453125
11 0.044444444444444446 0.9033854166666667 0.08333333333333333 0.03697916666666667
9 0.774537037037037 0.9614583333333333 0.3787037037037037 0.07708333333333334
