0 0.3484375 0.65 0.10208333333333333 0.4425925925925926
0 0.6846354166666667 0.6902777777777778 0.1234375 0.5564814814814815
12 0.4440104166666667 0.18935185185185185 0.1453125 0.2601851851851852
14 0.12369791666666667 0.24444444444444444 0.24427083333333333 0.07592592592592592
14 0.97421875 0.16296296296296298 0.0515625 0.04259259259259259
3 0.4401041666666667 0.7402777777777778 0.25729166666666664 0.29907407407407405
1 0.6994791666666667 0.6106481481481482 0.08541666666666667 0.2212962962962963
1 0.3328125 0.5662037037037037 0.06979166666666667 0.16944444444444445
2 0.3690104166666667 0.46064814814814814 0.033854166666666664 0.06018518518518518
2 0.6994791666666667 0.44583333333333336 0.04583333333333333 0.06574074074074074
7 0.9479166666666666 0.5319444444444444 0.10416666666666667 0.06759259259259259
