0 0.49375 0.43703703703703706 0.5848958333333333 0.7083333333333334
0 0.7984375 0.4777777777777778 0.9901041666666667 1.0
12 0.4869791666666667 0.012962962962962963 0.6161458333333333 0.3074074074074074
14 0.6458333333333334 0.000925925925925926 0.6984375 0.08425925925925926
14 0.0005208333333333333 0.4111111111111111 0.20989583333333334 0.45092592592592595
3 0.35989583333333336 0.6768518518518518 0.7973958333333333 1.0
6 0.6609375 0.5157407407407407 0.9984375 0.700925925925926
2 0.5036458333333333 0.4398148148148148 0.54375 0.49166666666666664
2 0.8348958333333333 0.48055555555555557 0.8901041666666667 0.5546296296296296
1 0.85 0.5638888888888889 0.9885416666666667 0.8185185185185185
1 0.5026041666666666 0.5055555555555555 0.5786458333333333 0.7
7 0.22708333333333333 0.5296296296296297 0.28489583333333335 0.600925925925926
7 0.4140625 0.5222222222222223 0.49270833333333336 0.6
7 0.005208333333333333 0.5212962962962963 0.12916666666666668 0.6037037037037037
