0 0.18411458333333333 0.36944444444444446 0.016145833333333335 0.037037037037037035
0 0.22682291666666668 0.48333333333333334 0.0828125 0.16111111111111112
0 0.48333333333333334 0.649537037037037 0.12604166666666666 0.6027777777777777
12 0.353125 0.12916666666666668 0.08645833333333333 0.24722222222222223
14 0.7005208333333334 0.09305555555555556 0.027083333333333334 0.01574074074074074
14 0.44505208333333335 0.23657407407407408 0.03697916666666667 0.032407407407407406
14 0.14453125 0.21388888888888888 0.2713541666666667 0.04814814814814815
3 0.3109375 0.6884259259259259 0.2604166666666667 0.2953703703703704
6 0.14088541666666668 0.3958333333333333 0.059895833333333336 0.06759259259259259
6 0.24244791666666668 0.4064814814814815 0.0453125 0.06666666666666667
2 0.496875 0.387037037037037 0.046875 0.06666666666666667
2 0.21979166666666666 0.4388888888888889 0.03125 0.05740740740740741
2 0.18541666666666667 0.35694444444444445 0.007291666666666667 0.010185185185185186
1 0.49713541666666666 0.5555555555555556 0.0890625 0.22037037037037038
1 0.228125 0.5078703703703704 0.06875 0.1175925925925926
1 0.18177083333333333 0.37453703703703706 0.011458333333333333 0.021296296296296296
