0 0.009895833333333333 0.30648148148148147 0.04010416666666667 0.4546296296296296
0 0.36770833333333336 0.35462962962962963 0.38229166666666664 0.38796296296296295
0 0.3489583333333333 0.3824074074074074 0.4203125 0.5592592592592592
0 0.5182291666666666 0.3675925925925926 0.6479166666666667 0.9703703703703703
12 0.45625 0.023148148148148147 0.5244791666666667 0.2861111111111111
14 0.003125 0.17222222222222222 0.209375 0.21851851851851853
14 0.22447916666666667 0.1935185185185185 0.46770833333333334 0.25462962962962965
14 0.6109375 0.23981481481481481 0.6510416666666666 0.275
14 0.8984375 0.10648148148148148 0.9307291666666667 0.12685185185185185
3 0.31927083333333334 0.5425925925925926 0.6359375 0.8314814814814815
6 0.3067708333333333 0.3638888888888889 0.3619791666666667 0.42685185185185187
6 0.40677083333333336 0.3824074074074074 0.4479166666666667 0.45185185185185184
1 0.5489583333333333 0.45185185185185184 0.6421875 0.6731481481481482
1 0.359375 0.4324074074074074 0.41302083333333334 0.562037037037037
1 0.0171875 0.3287037037037037 0.036458333333333336 0.38425925925925924
1 0.3671875 0.37037037037037035 0.3776041666666667 0.3888888888888889
2 0.571875 0.3675925925925926 0.6203125 0.42407407407407405
2 0.37395833333333334 0.3851851851851852 0.4036458333333333 0.43333333333333335
2 0.021875 0.3074074074074074 0.03333333333333333 0.32592592592592595
2 0.37552083333333336 0.3574074074074074 0.38229166666666664 0.37037037037037035
