0 0.378125 0.47129629629629627 0.39166666666666666 0.5027777777777778
0 0.396875 0.4675925925925926 0.48072916666666665 0.9648148148148148
0 0.35989583333333336 0.5287037037037037 0.403125 0.6583333333333333
12 0.3463541666666667 0.11481481481481481 0.4354166666666667 0.375
14 0.8911458333333333 0.12222222222222222 0.9203125 0.14629629629629629
14 0.0015625 0.34814814814814815 0.2171875 0.3861111111111111
14 0.23125 0.3314814814814815 0.46875 0.3648148148148148
14 0.6114583333333333 0.3111111111111111 0.6515625 0.34444444444444444
3 0.2791666666666667 0.6472222222222223 0.6036458333333333 0.9388888888888889
6 0.32135416666666666 0.49166666666666664 0.37552083333333336 0.549074074074074
6 0.43385416666666665 0.49166666666666664 0.4630208333333333 0.5453703703703704
2 0.3963541666666667 0.4685185185185185 0.4317708333333333 0.5166666666666667
2 0.38229166666666664 0.475 0.3885416666666667 0.4861111111111111
1 0.4010416666666667 0.5259259259259259 0.48020833333333335 0.7361111111111112
1 0.36822916666666666 0.5398148148148149 0.3932291666666667 0.6675925925925926
14 0.14427083333333332 0.4305555555555556 0.18489583333333334 0.45092592592592595
