0 0.44305555555555554 0.8049479166666667 0.025 0.0453125
0 0.9166666666666666 0.8143229166666667 0.11666666666666667 0.0765625
12 0.736574074074074 0.37864583333333335 0.20277777777777778 0.16666666666666666
14 0.39166666666666666 0.7083333333333334 0.7814814814814814 0.035416666666666666
14 0.1337962962962963 0.971875 0.262037037037037 0.028125
6 0.5898148148148148 0.8072916666666666 0.07407407407407407 0.03333333333333333
6 0.38333333333333336 0.8088541666666667 0.07592592592592592 0.035416666666666666
2 0.9078703703703703 0.7854166666666667 0.03796296296296296 0.015625
2 0.44675925925925924 0.7856770833333333 0.010185185185185186 0.0067708333333333336
1 0.44166666666666665 0.7973958333333333 0.020370370370370372 0.016666666666666666
1 0.9148148148148149 0.8299479166666667 0.09444444444444444 0.050520833333333334
