0 0.20833333333333334 0.35462962962962963 0.22083333333333333 0.38981481481481484
0 0.22395833333333334 0.4444444444444444 0.2994791666666667 0.7490740740740741
0 0.39114583333333336 0.31574074074074077 0.4859375 0.825
12 0.2890625 0.001851851851851852 0.38958333333333334 0.23425925925925925
14 0.0036458333333333334 0.19444444444444445 0.2953125 0.26944444444444443
14 0.44479166666666664 0.17222222222222222 0.4817708333333333 0.2064814814814815
3 0.25729166666666664 0.5435185185185185 0.575 0.8046296296296296
6 0.2526041666666667 0.36574074074074076 0.2989583333333333 0.4324074074074074
6 0.1453125 0.38055555555555554 0.20677083333333332 0.4398148148148148
1 0.3984375 0.37777777777777777 0.4890625 0.6018518518518519
1 0.23229166666666667 0.4925925925925926 0.29010416666666666 0.5907407407407408
1 0.20885416666666667 0.37037037037037035 0.21666666666666667 0.38981481481481484
2 0.3927083333333333 0.3148148148148148 0.43125 0.37037037037037035
2 0.23229166666666667 0.4462962962962963 0.265625 0.5037037037037037
2 0.2125 0.35555555555555557 0.2203125 0.3685185185185185
