0 0.4375 0.8759259259259259 0.48072916666666665 1.0
0 0.5786458333333333 0.8629629629629629 0.6677083333333333 1.0
0 0.8973958333333333 0.8037037037037037 0.93125 0.9175925925925926
0 0.9552083333333333 0.7925925925925926 0.98125 0.8657407407407407
14 0.6364583333333333 0.000925925925925926 0.6807291666666667 0.027777777777777776
1 0.44895833333333335 0.9138888888888889 0.4765625 1.0
1 0.6166666666666667 0.925 0.6635416666666667 1.0
1 0.9036458333333334 0.8203703703703704 0.9234375 0.8657407407407407
1 0.9619791666666667 0.8166666666666667 0.9770833333333333 0.8481481481481481
2 0.6208333333333333 0.862037037037037 0.6479166666666667 0.9074074074074074
2 0.44895833333333335 0.8759259259259259 0.46822916666666664 0.9037037037037037
2 0.9625 0.7916666666666666 0.9723958333333333 0.8037037037037037
