0 0.32786458333333335 0.5462962962962963 0.11302083333333333 0.3
0 0.7010416666666667 0.7074074074074074 0.11770833333333333 0.5481481481481482
0 0.9440104166666666 0.3763888888888889 0.0359375 0.14166666666666666
12 0.33671875 0.12685185185185185 0.1203125 0.25
14 0.7442708333333333 0.12314814814814815 0.11666666666666667 0.10555555555555556
3 0.37083333333333335 0.837037037037037 0.484375 0.32592592592592595
6 0.6065104166666667 0.5550925925925926 0.4453125 0.16944444444444445
2 0.31692708333333336 0.4273148148148148 0.044270833333333336 0.062037037037037036
2 0.67265625 0.47685185185185186 0.049479166666666664 0.07777777777777778
1 0.32838541666666665 0.5847222222222223 0.07864583333333333 0.21944444444444444
1 0.703125 0.6324074074074074 0.096875 0.23148148148148148
7 0.18854166666666666 0.5486111111111112 0.165625 0.09907407407407408
1 0.9440104166666666 0.36666666666666664 0.0265625 0.06481481481481481
2 0.9434895833333333 0.31666666666666665 0.016145833333333335 0.016666666666666666
