0 0.5338541666666666 0.6078703703703704 0.04583333333333333 0.23425925925925925
0 0.62265625 0.7513888888888889 0.1234375 0.4935185185185185
12 0.3919270833333333 0.25 0.1796875 0.29074074074074074
14 0.3828125 0.4898148148148148 0.2125 0.03148148148148148
14 0.975 0.040740740740740744 0.04895833333333333 0.07962962962962963
3 0.45677083333333335 0.8384259259259259 0.30520833333333336 0.30092592592592593
6 0.9138020833333333 0.638425925925926 0.17239583333333333 0.1787037037037037
2 0.6041666666666666 0.5375 0.04375 0.058333333333333334
2 0.5424479166666667 0.5111111111111111 0.028645833333333332 0.03888888888888889
1 0.5317708333333333 0.625462962962963 0.05416666666666667 0.15648148148148147
1 0.63515625 0.6893518518518519 0.09947916666666666 0.20092592592592592
7 0.14322916666666666 0.6166666666666667 0.07916666666666666 0.07222222222222222
7 0.26875 0.6050925925925926 0.078125 0.05092592592592592
7 0.35442708333333334 0.5958333333333333 0.04114583333333333 0.03981481481481482
7 0.46979166666666666 0.6125 0.040625 0.04537037037037037
7 0.6950520833333333 0.6023148148148149 0.09427083333333333 0.058333333333333334
