0 0.5359375 0.4583333333333333 0.6322916666666667 0.7083333333333334
0 0.6942708333333333 0.512962962962963 0.9151041666666667 1.0
12 0.5182291666666666 0.001851851851851852 0.65 0.33425925925925926
14 0.09479166666666666 0.4305555555555556 0.3171875 0.4648148148148148
3 0.403125 0.6712962962962963 0.7994791666666666 1.0
6 0.7421875 0.5296296296296297 1.0 0.7046296296296296
1 0.5421875 0.512962962962963 0.6244791666666667 0.687962962962963
2 0.5432291666666667 0.462037037037037 0.5786458333333333 0.5120370370370371
2 0.7609375 0.5157407407407407 0.8192708333333333 0.5972222222222222
1 0.784375 0.5907407407407408 0.9140625 0.8685185185185185
7 0.08645833333333333 0.5259259259259259 0.23072916666666668 0.6
7 0.3255208333333333 0.5425925925925926 0.36770833333333336 0.6064814814814815
7 0.5005208333333333 0.5333333333333333 0.5395833333333333 0.6138888888888889
