0 0.3425925925925926 0.8395833333333333 0.025925925925925925 0.04479166666666667
0 0.7425925925925926 0.884375 0.14444444444444443 0.14583333333333334
0 0.9805555555555555 0.8861979166666667 0.03888888888888889 0.12760416666666666
0 0.9310185185185185 0.9609375 0.13796296296296295 0.07604166666666666
12 0.5185185185185185 0.36223958333333334 0.22592592592592592 0.17864583333333334
14 0.3402777777777778 0.7424479166666667 0.6712962962962963 0.03802083333333333
6 0.47314814814814815 0.8419270833333333 0.07592592592592592 0.034895833333333334
6 0.25787037037037036 0.84453125 0.08981481481481482 0.03802083333333333
2 0.7337962962962963 0.8197916666666667 0.04351851851851852 0.016666666666666666
2 0.925 0.9361979166666666 0.08148148148148149 0.0234375
2 0.9907407407407407 0.8302083333333333 0.018518518518518517 0.014583333333333334
2 0.3476851851851852 0.8200520833333333 0.012037037037037037 0.0046875
1 0.3384259259259259 0.8325520833333333 0.019444444444444445 0.0171875
1 0.7342592592592593 0.8809895833333333 0.0962962962962963 0.08177083333333333
