0 0.38935185185185184 0.9453125 0.14166666666666666 0.109375
0 0.46296296296296297 0.9390625 0.0962962962962963 0.121875
0 0.5916666666666667 0.9408854166666667 0.09814814814814815 0.11822916666666666
0 0.736574074074074 0.93515625 0.10648148148148148 0.1296875
12 0.5842592592592593 0.4981770833333333 0.24074074074074073 0.1296875
14 0.07314814814814814 0.8106770833333333 0.14074074074074075 0.011979166666666667
14 0.4935185185185185 0.7888020833333333 0.6425925925925926 0.043229166666666666
14 0.9296296296296296 0.7666666666666667 0.14074074074074075 0.021875
2 0.5787037037037037 0.8979166666666667 0.04814814814814815 0.026041666666666668
2 0.7101851851851851 0.8807291666666667 0.02962962962962963 0.017708333333333333
2 0.4078703703703704 0.9049479166666666 0.05277777777777778 0.025520833333333333
2 0.4337962962962963 0.8869791666666667 0.04351851851851852 0.010416666666666666
1 0.7314814814814815 0.9184895833333333 0.06851851851851852 0.0546875
1 0.5907407407407408 0.96171875 0.07407407407407407 0.0765625
1 0.3925925925925926 0.9658854166666667 0.0962962962962963 0.0640625
1 0.47129629629629627 0.9557291666666666 0.05 0.08645833333333333
11 0.04212962962962963 0.9768229166666667 0.0787037037037037 0.04114583333333333
