0 0.43307291666666664 0.8652777777777778 0.08802083333333334 0.26944444444444443
0 0.90078125 0.8097222222222222 0.05677083333333333 0.19537037037037036
0 0.9455729166666667 0.850925925925926 0.050520833333333334 0.29814814814814816
12 0.421875 0.1412037037037037 0.06666666666666667 0.15462962962962962
14 0.7065104166666667 0.4652777777777778 0.1359375 0.041666666666666664
14 0.19921875 0.5050925925925925 0.12135416666666667 0.041666666666666664
3 0.5356770833333333 0.9222222222222223 0.19322916666666667 0.1537037037037037
6 0.14036458333333332 0.8375 0.2765625 0.1638888888888889
14 0.6322916666666667 0.7458333333333333 0.021875 0.04722222222222222
14 0.6174479166666667 0.6976851851851852 0.03697916666666667 0.030555555555555555
14 0.36692708333333335 0.5833333333333334 0.06302083333333333 0.05185185185185185
1 0.41953125 0.8337962962962963 0.049479166666666664 0.10648148148148148
1 0.94609375 0.8050925925925926 0.04739583333333333 0.11944444444444445
1 0.8940104166666667 0.7861111111111111 0.033854166666666664 0.07407407407407407
2 0.9361979166666666 0.7148148148148148 0.025520833333333333 0.03148148148148148
2 0.8822916666666667 0.7287037037037037 0.01875 0.024074074074074074
2 0.43385416666666665 0.7518518518518519 0.026041666666666668 0.037037037037037035
14 0.040364583333333336 0.08333333333333333 0.034895833333333334 0.040740740740740744
14 0.007552083333333333 0.07453703703703704 0.0140625 0.025
