14 0.075 0.1175925925925926 0.15260416666666668 0.24259259259259258
14 0.2635416666666667 0.41388888888888886 0.36614583333333334 0.5398148148148149
6 0.14322916666666666 0.8805555555555555 0.246875 0.9925925925925926
6 0.22447916666666667 0.7824074074074074 0.33125 0.9638888888888889
6 0.378125 0.6712962962962963 0.4421875 0.8212962962962963
6 0.3223958333333333 0.7490740740740741 0.39010416666666664 0.8833333333333333
0 0.4515625 0.6620370370370371 0.6098958333333333 0.9851851851851852
3 0.4505208333333333 0.6231481481481481 0.684375 0.9583333333333334
0 0.5296875 0.43796296296296294 0.5713541666666667 0.5694444444444444
0 0.36666666666666664 0.6277777777777778 0.39895833333333336 0.7
2 0.5307291666666667 0.44074074074074077 0.5375 0.46111111111111114
2 0.4546875 0.6638888888888889 0.4817708333333333 0.7194444444444444
1 0.47604166666666664 0.6851851851851852 0.5609375 0.8388888888888889
1 0.5395833333333333 0.4675925925925926 0.559375 0.5138888888888888
1 0.3692708333333333 0.6518518518518519 0.3828125 0.6833333333333333
14 0.8067708333333333 0.3314814814814815 0.8348958333333333 0.39537037037037037
14 0.7322916666666667 0.007407407407407408 0.771875 0.053703703703703705
10 0.33489583333333334 0.6962962962962963 0.3671875 0.7472222222222222
