0 0.6770833333333334 0.8481481481481481 0.7265625 1.0
0 0.3796875 0.8694444444444445 0.4401041666666667 1.0
12 0.4546875 0.10740740740740741 0.553125 0.27314814814814814
14 0.18177083333333333 0.6703703703703704 0.21875 0.7055555555555556
14 0.3958333333333333 0.5388888888888889 0.42291666666666666 0.5555555555555556
14 0.8510416666666667 0.2740740740740741 0.9505208333333334 0.32037037037037036
14 0.8697916666666666 0.5453703703703704 0.9541666666666667 0.5814814814814815
14 0.8546875 0.08148148148148149 0.9390625 0.11481481481481481
3 0.40625 0.7111111111111111 0.6057291666666667 0.8759259259259259
2 0.41458333333333336 0.8740740740740741 0.4401041666666667 0.9074074074074074
2 0.6854166666666667 0.8481481481481481 0.7109375 0.8861111111111111
1 0.684375 0.8981481481481481 0.725 1.0
1 0.3807291666666667 0.912962962962963 0.4239583333333333 1.0
7 0.8364583333333333 0.8777777777777778 1.0 0.975925925925926
