0 0.33828125 0.8314814814814815 0.058854166666666666 0.337037037037037
0 0.7158854166666667 0.7518518518518519 0.07760416666666667 0.38333333333333336
12 0.4479166666666667 0.10833333333333334 0.11458333333333333 0.20555555555555555
14 0.17526041666666667 0.5699074074074074 0.04635416666666667 0.03425925925925926
14 0.9 0.24814814814814815 0.11145833333333334 0.040740740740740744
14 0.38203125 0.3731481481481482 0.025520833333333333 0.018518518518518517
3 0.5096354166666667 0.8379629629629629 0.2140625 0.25925925925925924
1 0.33671875 0.7967592592592593 0.0484375 0.12685185185185185
1 0.7140625 0.6962962962962963 0.059375 0.15925925925925927
2 0.6955729166666667 0.5782407407407407 0.030729166666666665 0.032407407407407406
2 0.33229166666666665 0.6861111111111111 0.030208333333333334 0.037037037037037035
7 0.9203125 0.5972222222222222 0.159375 0.08148148148148149
