12 0.4203125 0.45740740740740743 0.4859375 0.7111111111111111
6 0.0005208333333333333 0.8083333333333333 0.2677083333333333 0.9685185185185186
6 0.2640625 0.8046296296296296 0.3375 0.9388888888888889
0 0.803125 0.7574074074074074 0.8677083333333333 1.0
0 0.28177083333333336 0.8 0.36302083333333335 1.0
0 0.34375 0.6898148148148148 0.365625 0.8037037037037037
0 0.27708333333333335 0.7296296296296296 0.3072916666666667 0.8009259259259259
1 0.28125 0.7425925925925926 0.2942708333333333 0.7768518518518519
1 0.3463541666666667 0.7138888888888889 0.3619791666666667 0.7620370370370371
1 0.28177083333333336 0.8462962962962963 0.34427083333333336 0.9685185185185186
1 0.8135416666666667 0.8166666666666667 0.8677083333333333 0.9629629629629629
2 0.8057291666666667 0.7620370370370371 0.8427083333333333 0.8018518518518518
2 0.33697916666666666 0.8 0.3651041666666667 0.85
2 0.34739583333333335 0.6925925925925925 0.35833333333333334 0.7092592592592593
3 0.3458333333333333 0.9342592592592592 0.5817708333333333 0.9962962962962963
14 0.7333333333333333 0.7888888888888889 0.7583333333333333 0.8416666666666667
14 0.75 0.44814814814814813 0.9072916666666667 0.5185185185185185
14 0.5072916666666667 0.47685185185185186 0.7104166666666667 0.5407407407407407
14 0.23020833333333332 0.5222222222222223 0.3380208333333333 0.5703703703703704
14 0.13802083333333334 0.08703703703703704 0.2171875 0.18888888888888888
10 0.23645833333333333 0.7601851851851852 0.26614583333333336 0.8138888888888889
