0 0.16588541666666667 0.5305555555555556 0.022395833333333334 0.02962962962962963
0 0.2643229166666667 0.7143518518518519 0.07239583333333334 0.4027777777777778
0 0.6036458333333333 0.7541666666666667 0.08125 0.4638888888888889
12 0.40989583333333335 0.17407407407407408 0.10625 0.22592592592592592
14 0.67265625 0.25046296296296294 0.024479166666666666 0.017592592592592594
14 0.43072916666666666 0.3939814814814815 0.0375 0.03611111111111111
14 0.13307291666666668 0.3814814814814815 0.2640625 0.03333333333333333
3 0.4203125 0.8541666666666666 0.28958333333333336 0.2861111111111111
6 0.12604166666666666 0.5638888888888889 0.059375 0.06666666666666667
6 0.2296875 0.5703703703703704 0.04479166666666667 0.06666666666666667
1 0.61171875 0.6837962962962963 0.0671875 0.18055555555555555
1 0.2638020833333333 0.6583333333333333 0.0515625 0.1537037037037037
1 0.1640625 0.537962962962963 0.009375 0.016666666666666666
2 0.16432291666666668 0.5212962962962963 0.0067708333333333336 0.009259259259259259
2 0.27057291666666666 0.5370370370370371 0.03177083333333333 0.040740740740740744
2 0.5924479166666666 0.5486111111111112 0.03802083333333333 0.05092592592592592
