0 0.37057291666666664 0.7694444444444445 0.06197916666666667 0.3425925925925926
0 0.7661458333333333 0.6412037037037037 0.036458333333333336 0.16018518518518518
0 0.9744791666666667 0.7731481481481481 0.051041666666666666 0.3925925925925926
12 0.50390625 0.4152777777777778 0.0609375 0.1824074074074074
14 0.7640625 0.31805555555555554 0.16041666666666668 0.058333333333333334
14 0.6752604166666667 0.5736111111111111 0.043229166666666666 0.03981481481481482
14 0.6778645833333333 0.6226851851851852 0.024479166666666666 0.049074074074074076
14 0.4083333333333333 0.44537037037037036 0.06770833333333333 0.05740740740740741
14 0.22213541666666667 0.3578703703703704 0.12447916666666667 0.05648148148148148
3 0.49713541666666666 0.8245370370370371 0.2265625 0.18611111111111112
6 0.15078125 0.6976851851851852 0.2984375 0.16574074074074074
1 0.36484375 0.7125 0.049479166666666664 0.1398148148148148
2 0.38984375 0.6194444444444445 0.0265625 0.040740740740740744
2 0.7627604166666667 0.5731481481481482 0.0140625 0.018518518518518517
2 0.97890625 0.5990740740740741 0.034895833333333334 0.03888888888888889
1 0.7677083333333333 0.6208333333333333 0.025 0.06018518518518518
1 0.9817708333333334 0.7060185185185185 0.036458333333333336 0.15462962962962962
