6 0.0005208333333333333 0.912962962962963 0.22604166666666667 0.9962962962962963
6 0.23125 0.9046296296296297 0.3234375 0.9898148148148148
0 0.2557291666666667 0.9740740740740741 0.31666666666666665 1.0
0 0.8473958333333333 0.8166666666666667 0.93125 1.0
0 0.35520833333333335 0.7694444444444445 0.38229166666666664 0.9138888888888889
0 0.24427083333333333 0.8240740740740741 0.278125 0.8953703703703704
12 0.37604166666666666 0.5407407407407407 0.4359375 0.8212962962962963
2 0.8494791666666667 0.8277777777777777 0.8901041666666667 0.8824074074074074
2 0.3619791666666667 0.775 0.3729166666666667 0.7953703703703704
2 0.28229166666666666 0.975 0.30885416666666665 1.0
1 0.24947916666666667 0.8388888888888889 0.2625 0.8759259259259259
1 0.3578125 0.799074074074074 0.37604166666666666 0.8490740740740741
1 0.8552083333333333 0.8898148148148148 0.9265625 1.0
14 0.10416666666666667 0.17314814814814813 0.18541666666666667 0.28425925925925927
14 0.19479166666666667 0.6027777777777777 0.309375 0.6675925925925926
14 0.7177083333333333 0.5157407407407407 0.8776041666666666 0.5814814814814815
14 0.70625 0.8583333333333333 0.7322916666666667 0.9259259259259259
14 0.44114583333333335 0.5472222222222223 0.6776041666666667 0.6333333333333333
10 0.2046875 0.8583333333333333 0.23385416666666667 0.9046296296296297
