0 0.4305555555555556 0.8760416666666667 0.6555555555555556 1.0
0 0.600925925925926 0.7609375 0.700925925925926 0.8864583333333333
0 0.43796296296296294 0.7546875 0.6351851851851852 0.9458333333333333
12 0.5083333333333333 0.31614583333333335 0.7861111111111111 0.44166666666666665
14 0.013888888888888888 0.6786458333333333 0.4 0.7270833333333333
14 0.42685185185185187 0.6604166666666667 0.6481481481481481 0.6958333333333333
14 0.6842592592592592 0.6317708333333333 1.0 0.6739583333333333
6 0.9222222222222223 0.725 1.0 0.7677083333333333
2 0.5027777777777778 0.8765625 0.5740740740740741 0.9067708333333333
2 0.6101851851851852 0.759375 0.6546296296296297 0.78125
2 0.4824074074074074 0.76875 0.5388888888888889 0.7963541666666667
2 0.48055555555555557 0.7572916666666667 0.5222222222222223 0.7713541666666667
1 0.6157407407407407 0.79375 0.6861111111111111 0.8671875
1 0.4564814814814815 0.80625 0.5564814814814815 0.9010416666666666
1 0.4388888888888889 0.915625 0.5462962962962963 1.0
9 0.600925925925926 0.8630208333333333 0.9944444444444445 1.0
