0 0.16328125 0.6351851851851852 0.013020833333333334 0.03333333333333333
0 0.32578125 0.7986111111111112 0.06822916666666666 0.4027777777777778
0 0.7140625 0.7805555555555556 0.08854166666666667 0.4388888888888889
12 0.49635416666666665 0.08935185185185185 0.12083333333333333 0.175
14 0.653125 0.27685185185185185 0.028125 0.04814814814814815
14 0.42473958333333334 0.4615740740740741 0.0421875 0.03425925925925926
14 0.1296875 0.48518518518518516 0.25625 0.05555555555555555
3 0.50078125 0.8777777777777778 0.2994791666666667 0.24444444444444444
6 0.12369791666666667 0.6726851851851852 0.06197916666666667 0.062037037037037036
6 0.23072916666666668 0.6666666666666666 0.04583333333333333 0.06666666666666667
1 0.16432291666666668 0.6421296296296296 0.0078125 0.013888888888888888
1 0.3223958333333333 0.7453703703703703 0.053125 0.1574074074074074
1 0.721875 0.7162037037037037 0.07291666666666667 0.19537037037037036
2 0.6950520833333333 0.5824074074074074 0.043229166666666666 0.046296296296296294
2 0.32838541666666665 0.6189814814814815 0.0328125 0.04351851851851852
2 0.16484375 0.6259259259259259 0.0078125 0.012962962962962963
