8 0.08515625 0.8148148148148148 0.16927083333333334 0.07222222222222222
6 0.07552083333333333 0.6157407407407407 0.12291666666666666 0.14444444444444443
6 0.21302083333333333 0.5976851851851852 0.15833333333333333 0.1361111111111111
6 0.33932291666666664 0.575 0.0859375 0.12037037037037036
12 0.3645833333333333 0.2773148148148148 0.04479166666666667 0.2361111111111111
3 0.5385416666666667 0.7185185185185186 0.20104166666666667 0.2
14 0.5893229166666667 0.1925925925925926 0.3151041666666667 0.1
14 0.875 0.13842592592592592 0.18854166666666666 0.09166666666666666
14 0.7770833333333333 0.4925925925925926 0.029166666666666667 0.07222222222222222
14 0.29609375 0.2518518518518518 0.10572916666666667 0.03888888888888889
0 0.3145833333333333 0.47129629629629627 0.03333333333333333 0.06851851851851852
0 0.41380208333333335 0.6759259259259259 0.08177083333333333 0.3611111111111111
0 0.6080729166666666 0.46296296296296297 0.034895833333333334 0.15185185185185185
2 0.434375 0.5185185185185185 0.036458333333333336 0.05
2 0.60234375 0.4 0.011979166666666667 0.022222222222222223
1 0.6096354166666667 0.4425925925925926 0.021354166666666667 0.05185185185185185
1 0.3078125 0.46805555555555556 0.014583333333333334 0.03611111111111111
1 0.4075520833333333 0.6143518518518518 0.05677083333333333 0.1398148148148148
10 0.27630208333333334 0.4949074074074074 0.027604166666666666 0.05462962962962963
