0 0.16614583333333333 0.6194444444444445 0.23229166666666667 1.0
0 0.5802083333333333 0.600925925925926 0.65625 1.0
12 0.3234375 0.005555555555555556 0.44895833333333335 0.21666666666666667
14 0.9364583333333333 0.2935185185185185 1.0 0.32037037037037036
14 0.921875 0.000925925925925926 1.0 0.025
14 0.4270833333333333 0.3287037037037037 0.453125 0.3490740740740741
14 0.1890625 0.4740740740740741 0.2328125 0.5083333333333333
3 0.24270833333333333 0.7870370370370371 0.5182291666666666 1.0
6 0.0005208333333333333 0.662962962962963 0.016666666666666666 0.7361111111111112
1 0.1703125 0.7037037037037037 0.225 0.8629629629629629
1 0.5953125 0.6694444444444444 0.6567708333333333 0.8537037037037037
2 0.184375 0.6268518518518519 0.21822916666666667 0.675
2 0.5869791666666667 0.5981481481481481 0.6255208333333333 0.6518518518518519
