0 0.20442708333333334 0.5847222222222223 0.022395833333333334 0.030555555555555555
0 0.32317708333333334 0.7574074074074074 0.0640625 0.40185185185185185
0 0.68359375 0.7652777777777777 0.09010416666666667 0.4675925925925926
12 0.490625 0.0837962962962963 0.125 0.16574074074074074
14 0.69375 0.2513888888888889 0.029166666666666667 0.019444444444444445
14 0.4583333333333333 0.4236111111111111 0.03854166666666667 0.03611111111111111
14 0.14895833333333333 0.43657407407407406 0.29270833333333335 0.041666666666666664
3 0.4908854166666667 0.8587962962962963 0.3046875 0.2824074074074074
6 0.16171875 0.6194444444444445 0.059895833333333336 0.06296296296296296
6 0.26510416666666664 0.6189814814814815 0.04375 0.06388888888888888
1 0.6856770833333333 0.6972222222222222 0.06927083333333334 0.1962962962962963
1 0.3263020833333333 0.7018518518518518 0.049479166666666664 0.1537037037037037
1 0.20026041666666666 0.5907407407407408 0.008854166666666666 0.018518518518518517
2 0.20520833333333333 0.5745370370370371 0.007291666666666667 0.010185185185185186
2 0.32838541666666665 0.5787037037037037 0.033854166666666664 0.044444444444444446
2 0.6604166666666667 0.5578703703703703 0.03958333333333333 0.049074074074074076
