0 0.6092592592592593 0.9330729166666667 0.22777777777777777 0.13385416666666666
0 0.6828703703703703 0.8471354166666667 0.11944444444444445 0.1828125
0 0.5694444444444444 0.8377604166666667 0.16111111111111112 0.17239583333333333
12 0.7462962962962963 0.38125 0.2537037037037037 0.125
14 0.28379629629629627 0.6885416666666667 0.562037037037037 0.057291666666666664
14 0.8027777777777778 0.65546875 0.39444444444444443 0.04114583333333333
6 0.8680555555555556 0.7559895833333333 0.08796296296296297 0.04010416666666667
1 0.575925925925926 0.95078125 0.13148148148148148 0.0984375
1 0.5615740740740741 0.8427083333333333 0.09166666666666666 0.09166666666666666
1 0.6708333333333333 0.8268229166666666 0.06759259259259259 0.07239583333333334
2 0.5680555555555555 0.7747395833333334 0.06018518518518518 0.025520833333333333
2 0.6143518518518518 0.8796875 0.07314814814814814 0.029166666666666667
2 0.6574074074074074 0.76484375 0.044444444444444446 0.022395833333333334
2 0.5388888888888889 0.7583333333333333 0.03888888888888889 0.013541666666666667
2 0.5810185185185185 0.7583333333333333 0.026851851851851852 0.011458333333333333
9 0.8324074074074074 0.9263020833333333 0.3351851851851852 0.14427083333333332
