12 0.35911458333333335 0.2569444444444444 0.0484375 0.25462962962962965
8 0.06666666666666667 0.7916666666666666 0.13229166666666667 0.07407407407407407
3 0.4752604166666667 0.7106481481481481 0.2609375 0.20833333333333334
6 0.061197916666666664 0.5851851851851851 0.12135416666666667 0.1425925925925926
6 0.20364583333333333 0.5694444444444444 0.165625 0.13333333333333333
6 0.3302083333333333 0.5583333333333333 0.09479166666666666 0.11666666666666667
0 0.30885416666666665 0.45416666666666666 0.035416666666666666 0.0712962962962963
0 0.44140625 0.7189814814814814 0.1171875 0.30092592592592593
0 0.54453125 0.44027777777777777 0.0265625 0.14722222222222223
2 0.5419270833333333 0.37916666666666665 0.013020833333333334 0.019444444444444445
2 0.39817708333333335 0.6050925925925926 0.030729166666666665 0.075
1 0.45234375 0.663425925925926 0.0765625 0.13055555555555556
1 0.30130208333333336 0.44722222222222224 0.0140625 0.037037037037037035
1 0.5484375 0.41805555555555557 0.021875 0.04722222222222222
10 0.26927083333333335 0.4726851851851852 0.030208333333333334 0.05648148148148148
