0 0.303125 0.6194444444444445 0.371875 0.9462962962962963
0 0.6979166666666666 0.5796296296296296 0.7354166666666667 0.7453703703703703
0 0.8739583333333333 0.5601851851851852 0.9328125 0.9018518518518519
12 0.4484375 0.25462962962962965 0.5114583333333333 0.4305555555555556
14 0.596875 0.30462962962962964 0.7411458333333333 0.35185185185185186
14 0.5661458333333333 0.5583333333333333 0.6036458333333333 0.5916666666666667
14 0.5817708333333333 0.5981481481481481 0.6052083333333333 0.65
14 0.07708333333333334 0.3611111111111111 0.19947916666666668 0.4083333333333333
14 0.28854166666666664 0.4398148148148148 0.35625 0.4981481481481482
3 0.36354166666666665 0.7296296296296296 0.5723958333333333 0.9027777777777778
6 0.0020833333333333333 0.6472222222222223 0.22708333333333333 0.8074074074074075
1 0.3020833333333333 0.6592592592592592 0.3494791666666667 0.7907407407407407
1 0.7015625 0.6092592592592593 0.7286458333333333 0.6731481481481482
1 0.8822916666666667 0.6083333333333333 0.9322916666666666 0.7435185185185185
2 0.8822916666666667 0.5611111111111111 0.9140625 0.6037037037037037
2 0.703125 0.5814814814814815 0.715625 0.5981481481481481
2 0.33645833333333336 0.6194444444444445 0.36614583333333334 0.6666666666666666
