0 0.16770833333333332 0.5430555555555555 0.01875 0.032407407407407406
0 0.265625 0.725925925925926 0.065625 0.4
0 0.6026041666666667 0.7620370370370371 0.078125 0.4740740740740741
12 0.409375 0.16018518518518518 0.10625 0.2537037037037037
14 0.6697916666666667 0.2518518518518518 0.027083333333333334 0.022222222222222223
14 0.42890625 0.4013888888888889 0.04010416666666667 0.04351851851851852
14 0.13307291666666668 0.38796296296296295 0.2640625 0.03148148148148148
3 0.4205729166666667 0.8527777777777777 0.2984375 0.28888888888888886
6 0.125 0.5745370370370371 0.06041666666666667 0.06944444444444445
6 0.22864583333333333 0.5782407407407407 0.046875 0.06759259259259259
1 0.609375 0.6824074074074075 0.065625 0.1814814814814815
1 0.2643229166666667 0.6703703703703704 0.0546875 0.1574074074074074
1 0.1640625 0.549074074074074 0.009375 0.020370370370370372
2 0.16770833333333332 0.5319444444444444 0.007291666666666667 0.008333333333333333
2 0.27109375 0.549074074074074 0.0359375 0.044444444444444446
2 0.5955729166666667 0.5467592592592593 0.04114583333333333 0.049074074074074076
