8 0.06666666666666667 0.9444444444444444 0.13229166666666667 0.07777777777777778
6 0.07890625 0.7268518518518519 0.11510416666666666 0.16666666666666666
6 0.22057291666666667 0.7050925925925926 0.16510416666666666 0.13425925925925927
3 0.503125 0.8407407407407408 0.21770833333333334 0.2074074074074074
12 0.4140625 0.38101851851851853 0.04583333333333333 0.2657407407407407
0 0.3658854166666667 0.7986111111111112 0.0890625 0.4027777777777778
0 0.49192708333333335 0.5458333333333333 0.0234375 0.14907407407407408
0 0.328125 0.575925925925926 0.030208333333333334 0.07037037037037037
2 0.34609375 0.6259259259259259 0.0359375 0.04814814814814815
2 0.4895833333333333 0.49166666666666664 0.013541666666666667 0.022222222222222223
1 0.49166666666666664 0.5347222222222222 0.020833333333333332 0.05092592592592592
1 0.32473958333333336 0.5712962962962963 0.013020833333333334 0.03333333333333333
1 0.36666666666666664 0.7486111111111111 0.075 0.16203703703703703
14 0.88359375 0.23472222222222222 0.17760416666666667 0.09722222222222222
14 0.3098958333333333 0.3537037037037037 0.11041666666666666 0.06111111111111111
14 0.6015625 0.2962962962962963 0.3072916666666667 0.10740740740740741
14 0.79609375 0.5981481481481481 0.027604166666666666 0.06851851851851852
10 0.28958333333333336 0.6060185185185185 0.030208333333333334 0.05092592592592592
