0 0.6520833333333333 0.9259259259259259 0.6916666666666667 1.0
12 0.43020833333333336 0.10462962962962963 0.528125 0.2675925925925926
14 0.14479166666666668 0.7527777777777778 0.18645833333333334 0.7842592592592592
14 0.365625 0.6166666666666667 0.39114583333333336 0.6342592592592593
14 0.828125 0.6185185185185185 0.9229166666666667 0.6583333333333333
14 0.815625 0.3537037037037037 0.9119791666666667 0.4074074074074074
14 0.8057291666666667 0.15648148148148147 0.9020833333333333 0.20555555555555555
3 0.37552083333333336 0.6898148148148148 0.5703125 0.875
2 0.6609375 0.9277777777777778 0.6880208333333333 0.9657407407407408
2 0.45416666666666666 0.9833333333333333 0.48020833333333335 1.0
7 0.8072916666666666 0.9527777777777777 1.0 0.9981481481481481
