0 0.34791666666666665 0.7407407407407407 0.08958333333333333 0.3611111111111111
0 0.5971354166666667 0.5342592592592592 0.0328125 0.1574074074074074
2 0.3729166666666667 0.5981481481481481 0.029166666666666667 0.05925925925925926
2 0.5958333333333333 0.47453703703703703 0.014583333333333334 0.021296296296296296
1 0.6018229166666667 0.5185185185185185 0.0234375 0.05185185185185185
1 0.3372395833333333 0.6777777777777778 0.06614583333333333 0.1388888888888889
3 0.49270833333333336 0.7731481481481481 0.21458333333333332 0.2037037037037037
6 0.0484375 0.6518518518518519 0.09583333333333334 0.15555555555555556
6 0.18098958333333334 0.638425925925926 0.16614583333333333 0.13425925925925927
6 0.29453125 0.6268518518518519 0.06302083333333333 0.12407407407407407
14 0.26614583333333336 0.3023148148148148 0.10833333333333334 0.041666666666666664
12 0.33958333333333335 0.35555555555555557 0.04895833333333333 0.20555555555555555
14 0.5614583333333333 0.2675925925925926 0.3020833333333333 0.07777777777777778
14 0.8270833333333333 0.24166666666666667 0.15833333333333333 0.07222222222222222
14 0.7395833333333334 0.5699074074074074 0.023958333333333335 0.06388888888888888
8 0.06770833333333333 0.8532407407407407 0.134375 0.058333333333333334
0 0.2786458333333333 0.5231481481481481 0.03333333333333333 0.06666666666666667
1 0.27421875 0.5199074074074074 0.018229166666666668 0.03425925925925926
10 0.240625 0.5407407407407407 0.030208333333333334 0.05925925925925926
