12 0.38697916666666665 0.27314814814814814 0.434375 0.5407407407407407
8 0.0005208333333333333 0.9268518518518518 0.0984375 0.9740740740740741
3 0.32135416666666666 0.775 0.578125 0.9694444444444444
6 0.0005208333333333333 0.6601851851851852 0.10625 0.812962962962963
6 0.109375 0.6601851851851852 0.24791666666666667 0.8
6 0.30833333333333335 0.6462962962962963 0.3651041666666667 0.7638888888888888
0 0.2484375 0.649074074074074 0.328125 1.0
0 0.42864583333333334 0.5138888888888888 0.4583333333333333 0.6592592592592592
0 0.28541666666666665 0.5638888888888889 0.315625 0.6407407407407407
0 0.9348958333333334 0.5564814814814815 0.9994791666666667 1.0
2 0.2625 0.6527777777777778 0.296875 0.6972222222222222
2 0.43645833333333334 0.5166666666666667 0.4505208333333333 0.5333333333333333
2 0.9416666666666667 0.5657407407407408 0.9911458333333333 0.6333333333333333
1 0.9526041666666667 0.6398148148148148 1.0 0.8416666666666667
1 0.24739583333333334 0.6990740740740741 0.32864583333333336 0.8472222222222222
1 0.28802083333333334 0.5814814814814815 0.30104166666666665 0.6138888888888889
1 0.43645833333333334 0.537962962962963 0.453125 0.5907407407407408
14 0.7458333333333333 0.6111111111111112 0.7770833333333333 0.6796296296296296
14 0.7625 0.24444444444444444 0.9359375 0.33240740740740743
14 0.44947916666666665 0.28425925925925927 0.7229166666666667 0.37592592592592594
14 0.2265625 0.3527777777777778 0.34010416666666665 0.41388888888888886
10 0.2484375 0.6018518518518519 0.27395833333333336 0.6518518518518519
