0 0.3067708333333333 0.687037037037037 0.409375 0.975925925925926
0 0.7520833333333333 0.6620370370370371 0.7958333333333333 0.837037037037037
0 0.8723958333333334 0.65 0.9166666666666666 0.962037037037037
12 0.39947916666666666 0.1287037037037037 0.4734375 0.28703703703703703
14 0.08489583333333334 0.43703703703703706 0.22708333333333333 0.49074074074074076
14 0.5958333333333333 0.39537037037037037 0.7369791666666666 0.4564814814814815
14 0.58125 0.674074074074074 0.6041666666666666 0.725925925925926
14 0.5614583333333333 0.6370370370370371 0.5984375 0.6675925925925926
3 0.4041666666666667 0.7925925925925926 0.5932291666666667 0.9574074074074074
6 0.0005208333333333333 0.7138888888888889 0.24114583333333334 0.8703703703703703
14 0.2953125 0.5157407407407407 0.3619791666666667 0.5694444444444444
1 0.340625 0.7277777777777777 0.39895833333333336 0.8481481481481481
1 0.8791666666666667 0.6962962962962963 0.9197916666666667 0.812962962962963
1 0.7614583333333333 0.6888888888888889 0.7916666666666666 0.7592592592592593
2 0.8776041666666666 0.65 0.90625 0.6907407407407408
2 0.7609375 0.6611111111111111 0.7760416666666666 0.6824074074074075
2 0.3567708333333333 0.6888888888888889 0.38333333333333336 0.7166666666666667
