8 0.08203125 0.7611111111111111 0.16302083333333334 0.07222222222222222
6 0.0890625 0.5611111111111111 0.11770833333333333 0.14814814814814814
6 0.23098958333333333 0.5375 0.1640625 0.12685185185185185
6 0.35052083333333334 0.5217592592592593 0.09375 0.11018518518518519
3 0.5072916666666667 0.6652777777777777 0.24791666666666667 0.18055555555555555
12 0.3690104166666667 0.23055555555555557 0.04635416666666667 0.22962962962962963
14 0.29713541666666665 0.2 0.0765625 0.04814814814814815
14 0.6065104166666667 0.14444444444444443 0.30885416666666665 0.12407407407407407
14 0.8893229166666666 0.08055555555555556 0.17864583333333334 0.08888888888888889
14 0.79296875 0.44027777777777777 0.0265625 0.06574074074074074
0 0.44635416666666666 0.6342592592592593 0.06979166666666667 0.35555555555555557
0 0.5908854166666667 0.4027777777777778 0.030729166666666665 0.15
0 0.3299479166666667 0.4199074074074074 0.034895833333333334 0.06944444444444445
2 0.46015625 0.48564814814814816 0.0328125 0.03796296296296296
2 0.5872395833333334 0.3439814814814815 0.015104166666666667 0.017592592592592594
1 0.5934895833333333 0.3875 0.021354166666666667 0.049074074074074076
1 0.45234375 0.5773148148148148 0.06197916666666667 0.14351851851851852
1 0.32369791666666664 0.4166666666666667 0.0171875 0.037037037037037035
10 0.29348958333333336 0.4439814814814815 0.0296875 0.04722222222222222
