0 0.1734375 0.5398148148148149 0.1875 0.5657407407407408
0 0.24270833333333333 0.5361111111111111 0.30625 0.9444444444444444
0 0.5786458333333333 0.5351851851851852 0.6583333333333333 1.0
12 0.39479166666666665 0.007407407407407408 0.4890625 0.18703703703703703
14 0.005729166666666666 0.37592592592592594 0.2765625 0.41388888888888886
14 0.425 0.3925925925925926 0.4635416666666667 0.42962962962962964
14 0.6708333333333333 0.2564814814814815 0.6989583333333333 0.27314814814814814
3 0.2796875 0.7175925925925926 0.5822916666666667 1.0
6 0.10885416666666667 0.5472222222222223 0.16927083333333334 0.6111111111111112
6 0.22083333333333333 0.5564814814814815 0.26510416666666664 0.6166666666666667
1 0.5901041666666667 0.6083333333333333 0.6583333333333333 0.7916666666666666
1 0.25364583333333335 0.6037037037037037 0.3020833333333333 0.7537037037037037
1 0.175 0.549074074074074 0.18541666666666667 0.5657407407407408
2 0.17708333333333334 0.5416666666666666 0.18333333333333332 0.5472222222222223
2 0.2682291666666667 0.5370370370370371 0.3 0.575925925925926
2 0.5927083333333333 0.5398148148148149 0.6317708333333333 0.5842592592592593
