0 0.18072916666666666 0.7018518518518518 0.24375 1.0
0 0.5807291666666666 0.6759259259259259 0.6682291666666667 1.0
12 0.3614583333333333 0.03888888888888889 0.48541666666666666 0.2833333333333333
14 0.4984375 0.4027777777777778 0.5234375 0.42592592592592593
14 0.259375 0.549074074074074 0.30052083333333335 0.5851851851851851
14 0.003125 0.5537037037037037 0.10364583333333334 0.5851851851851851
3 0.23802083333333332 0.8648148148148148 0.5130208333333334 1.0
6 0.0390625 0.7333333333333333 0.090625 0.8009259259259259
1 0.18958333333333333 0.7666666666666667 0.2359375 0.9333333333333333
1 0.6041666666666666 0.7435185185185185 0.6677083333333333 0.9342592592592592
