12 0.40677083333333336 0.5555555555555556 0.4640625 0.7870370370370371
6 0.0026041666666666665 0.9277777777777778 0.2546875 1.0
6 0.259375 0.9101851851851852 0.34739583333333335 0.987037037037037
0 0.8432291666666667 0.8435185185185186 0.9270833333333334 1.0
0 0.359375 0.7861111111111111 0.3921875 0.925
0 0.2703125 0.8287037037037037 0.3015625 0.9064814814814814
1 0.27395833333333336 0.8453703703703703 0.2890625 0.8824074074074074
1 0.3651041666666667 0.812037037037037 0.38697916666666665 0.8611111111111112
0 0.28489583333333335 0.9324074074074075 0.38177083333333334 1.0
1 0.2875 0.9648148148148148 0.3203125 1.0
1 0.853125 0.9083333333333333 0.9145833333333333 1.0
2 0.8473958333333333 0.8490740740740741 0.8890625 0.8972222222222223
2 0.3223958333333333 0.9305555555555556 0.35052083333333334 0.9740740740740741
2 0.3645833333333333 0.787962962962963 0.3802083333333333 0.8037037037037037
14 0.13177083333333334 0.18888888888888888 0.2109375 0.29259259259259257
14 0.221875 0.6157407407407407 0.334375 0.6731481481481482
14 0.7380208333333333 0.5351851851851852 0.8994791666666667 0.600925925925926
14 0.4640625 0.5657407407407408 0.7015625 0.6388888888888888
14 0.7317708333333334 0.8787037037037037 0.7557291666666667 0.9407407407407408
10 0.23229166666666667 0.8703703703703703 0.25885416666666666 0.9231481481481482
