0 0.7614583333333333 0.5212962962962963 0.7828125 0.6583333333333333
0 0.3416666666666667 0.5740740740740741 0.4166666666666667 0.9101851851851852
12 0.4421875 0.29444444444444445 0.49375 0.4564814814814815
14 0.24166666666666667 0.30648148148148147 0.3567708333333333 0.35648148148148145
14 0.7760416666666666 0.23333333333333334 0.9385416666666667 0.3
14 0.7526041666666666 0.5694444444444444 0.7776041666666667 0.6277777777777778
14 0.7479166666666667 0.5277777777777778 0.7625 0.5509259259259259
14 0.503125 0.387037037037037 0.5260416666666666 0.4425925925925926
3 0.4005208333333333 0.7083333333333334 0.6479166666666667 0.8925925925925926
6 0.0005208333333333333 0.5907407407407408 0.37604166666666666 0.7444444444444445
1 0.34270833333333334 0.6203703703703703 0.38958333333333334 0.7518518518518519
1 0.7635416666666667 0.55 0.7791666666666667 0.6037037037037037
2 0.7614583333333333 0.5212962962962963 0.7760416666666666 0.5388888888888889
2 0.3875 0.5787037037037037 0.4140625 0.625
