0 0.28125 0.6601851851851852 0.3625 0.9574074074074074
0 0.69375 0.6259259259259259 0.7364583333333333 0.7907407407407407
0 0.8411458333333334 0.612037037037037 0.8953125 0.9212962962962963
12 0.4171875 0.2074074074074074 0.4822916666666667 0.3675925925925926
14 0.5739583333333333 0.3638888888888889 0.7083333333333334 0.4203703703703704
14 0.5567708333333333 0.6444444444444445 0.5796875 0.6888888888888889
14 0.5369791666666667 0.6 0.5755208333333334 0.637962962962963
14 0.2640625 0.4898148148148148 0.3359375 0.5407407407407407
14 0.05677083333333333 0.40555555555555556 0.18697916666666667 0.4583333333333333
3 0.3697916666666667 0.762962962962963 0.5630208333333333 0.9342592592592592
6 0.0015625 0.6842592592592592 0.21197916666666666 0.8453703703703703
1 0.8479166666666667 0.6574074074074074 0.8932291666666666 0.7814814814814814
1 0.6989583333333333 0.6527777777777778 0.7276041666666667 0.7194444444444444
1 0.2994791666666667 0.7083333333333334 0.3484375 0.825
2 0.8479166666666667 0.612037037037037 0.8744791666666667 0.65
2 0.7020833333333333 0.6277777777777778 0.7177083333333333 0.649074074074074
2 0.31614583333333335 0.6601851851851852 0.3453125 0.7037037037037037
