0 0.34791666666666665 0.7560185185185185 0.06770833333333333 0.3435185185185185
0 0.7447916666666666 0.6129629629629629 0.03854166666666667 0.14814814814814814
0 0.971875 0.7490740740740741 0.05625 0.4074074074074074
12 0.4674479166666667 0.4 0.05677083333333333 0.18888888888888888
14 0.215625 0.3425925925925926 0.12395833333333334 0.05185185185185185
14 0.7596354166666667 0.287962962962963 0.16510416666666666 0.053703703703703705
14 0.6752604166666667 0.6037037037037037 0.024479166666666666 0.05740740740740741
14 0.6700520833333333 0.5453703703703704 0.04114583333333333 0.03888888888888889
14 0.4046875 0.42824074074074076 0.06666666666666667 0.05462962962962963
3 0.48203125 0.8087962962962963 0.24114583333333334 0.19537037037037036
6 0.14921875 0.6856481481481481 0.29739583333333336 0.16203703703703703
1 0.34427083333333336 0.700925925925926 0.06145833333333333 0.1425925925925926
1 0.7419270833333333 0.5912037037037037 0.0265625 0.05462962962962963
1 0.9778645833333334 0.6791666666666667 0.044270833333333336 0.15648148148148147
2 0.3546875 0.6046296296296296 0.029166666666666667 0.040740740740740744
2 0.7356770833333334 0.5472222222222223 0.0140625 0.012962962962962963
2 0.9713541666666666 0.5652777777777778 0.03333333333333333 0.049074074074074076
