0 0.32708333333333334 0.6537037037037037 0.3875 0.9435185185185185
0 0.7270833333333333 0.6240740740740741 0.7619791666666667 0.7907407407407407
0 0.8526041666666667 0.6083333333333333 0.90625 0.9120370370370371
12 0.41354166666666664 0.1527777777777778 0.48072916666666665 0.3074074074074074
14 0.078125 0.41203703703703703 0.20833333333333334 0.44814814814814813
14 0.5864583333333333 0.362962962962963 0.7192708333333333 0.40555555555555556
14 0.5692708333333333 0.6398148148148148 0.5921875 0.687037037037037
14 0.5484375 0.5962962962962963 0.5864583333333333 0.6324074074074074
14 0.28020833333333334 0.4861111111111111 0.35 0.5342592592592592
3 0.39114583333333336 0.7518518518518519 0.5833333333333334 0.9287037037037037
6 0.0015625 0.6842592592592592 0.22760416666666666 0.8388888888888889
2 0.8604166666666667 0.6083333333333333 0.8875 0.6462962962962963
2 0.7328125 0.6240740740740741 0.7458333333333333 0.6416666666666667
2 0.35520833333333335 0.6555555555555556 0.3796875 0.6907407407407408
1 0.8625 0.6546296296296297 0.90625 0.7759259259259259
1 0.73125 0.6509259259259259 0.7552083333333334 0.7101851851851851
1 0.33489583333333334 0.6944444444444444 0.3848958333333333 0.8138888888888889
