0 0.07546296296296297 0.7966145833333333 0.0824074074074074 0.12864583333333332
0 0.4222222222222222 0.77421875 0.07592592592592592 0.0359375
0 0.3194444444444444 0.7622395833333333 0.06851851851851852 0.06614583333333333
0 0.20324074074074075 0.840625 0.10648148148148148 0.21875
0 0.21851851851851853 0.74765625 0.11666666666666667 0.04635416666666667
12 0.5958333333333333 0.3776041666666667 0.23425925925925925 0.12083333333333333
14 0.5837962962962963 0.6411458333333333 0.04537037037037037 0.015625
14 0.19212962962962962 0.6494791666666667 0.3824074074074074 0.014583333333333334
6 0.425 0.7377604166666667 0.07407407407407407 0.0328125
2 0.06620370370370371 0.7411458333333333 0.03796296296296296 0.015625
2 0.425 0.7658854166666667 0.06666666666666667 0.024479166666666666
2 0.32222222222222224 0.7419270833333333 0.04814814814814815 0.025520833333333333
2 0.2310185185185185 0.7419270833333333 0.062037037037037036 0.0203125
2 0.2125 0.7338541666666667 0.03796296296296296 0.016666666666666666
1 0.06898148148148148 0.7776041666666667 0.03981481481481482 0.04791666666666667
1 0.20324074074074075 0.8166666666666667 0.09166666666666666 0.09270833333333334
1 0.3175925925925926 0.77890625 0.05555555555555555 0.030729166666666665
9 0.6541666666666667 0.8981770833333333 0.3527777777777778 0.1421875
10 0.5291666666666667 0.903125 0.07685185185185185 0.05625
