12 0.4236979166666667 0.4726851851851852 0.09114583333333333 0.18055555555555555
14 0.88359375 0.2625 0.0453125 0.08611111111111111
6 0.8794270833333333 0.7583333333333333 0.24114583333333334 0.12407407407407407
3 0.5875 0.8342592592592593 0.14583333333333334 0.1259259259259259
3 0.4359375 0.8537037037037037 0.10833333333333334 0.18703703703703703
3 0.05755208333333333 0.812037037037037 0.1140625 0.15185185185185185
0 0.48854166666666665 0.8203703703703704 0.059375 0.26851851851851855
0 0.5630208333333333 0.7912037037037037 0.034375 0.2564814814814815
0 0.24947916666666667 0.7458333333333333 0.05625 0.19166666666666668
2 0.47890625 0.7092592592592593 0.025520833333333333 0.03333333333333333
2 0.5611979166666666 0.6824074074074075 0.019270833333333334 0.027777777777777776
2 0.23984375 0.6722222222222223 0.0296875 0.03333333333333333
1 0.4984375 0.7856481481481481 0.03333333333333333 0.11018518518518519
1 0.5638020833333334 0.7583333333333333 0.03177083333333333 0.0962962962962963
7 0.6533854166666667 0.7435185185185185 0.10052083333333334 0.05185185185185185
7 0.4203125 0.7393518518518518 0.058333333333333334 0.03611111111111111
7 0.36223958333333334 0.7439814814814815 0.04010416666666667 0.041666666666666664
14 0.42135416666666664 0.6615740740740741 0.11770833333333333 0.03611111111111111
14 0.96328125 0.6824074074074075 0.04114583333333333 0.044444444444444446
