0 0.29375 0.6111111111111112 0.3796875 0.9638888888888889
0 0.7036458333333333 0.5851851851851851 0.7401041666666667 0.7462962962962963
0 0.9041666666666667 0.5879629629629629 0.9630208333333333 0.9638888888888889
12 0.4479166666666667 0.3277777777777778 0.5072916666666667 0.5037037037037037
14 0.628125 0.3111111111111111 0.7838541666666666 0.36574074074074076
14 0.5953125 0.5731481481481482 0.6354166666666666 0.6101851851851852
14 0.6098958333333333 0.6157407407407407 0.63125 0.6657407407407407
14 0.09791666666666667 0.3453703703703704 0.22291666666666668 0.38981481481481484
14 0.31666666666666665 0.43333333333333335 0.3848958333333333 0.49166666666666664
3 0.34479166666666666 0.7490740740740741 0.5744791666666667 0.9351851851851852
6 0.0015625 0.6435185185185185 0.24479166666666666 0.7907407407407407
2 0.9125 0.5898148148148148 0.94375 0.6296296296296297
2 0.7078125 0.5861111111111111 0.7229166666666667 0.6037037037037037
2 0.33125 0.6129629629629629 0.3645833333333333 0.6611111111111111
1 0.29322916666666665 0.6601851851851852 0.34739583333333335 0.8064814814814815
1 0.7078125 0.6138888888888889 0.7333333333333333 0.6759259259259259
1 0.9130208333333333 0.6435185185185185 0.9682291666666667 0.787962962962963
