0 0.43796296296296294 0.9484375 0.2388888888888889 0.103125
0 0.44537037037037036 0.8380208333333333 0.08333333333333333 0.11770833333333333
0 0.2828703703703704 0.8096354166666667 0.041666666666666664 0.058854166666666666
0 0.34120370370370373 0.8947916666666667 0.10277777777777777 0.21041666666666667
0 0.31203703703703706 0.84140625 0.07592592592592592 0.12135416666666667
12 0.6069444444444444 0.40703125 0.24351851851851852 0.1140625
14 0.11851851851851852 0.70625 0.22777777777777777 0.028125
14 0.47638888888888886 0.6885416666666667 0.41574074074074074 0.03333333333333333
14 0.8976851851851851 0.6736979166666667 0.04537037037037037 0.018229166666666668
6 0.5259259259259259 0.7877604166666666 0.09259259259259259 0.0359375
6 0.7407407407407407 0.77578125 0.07592592592592592 0.0359375
2 0.4527777777777778 0.9135416666666667 0.06851851851851852 0.036458333333333336
2 0.43425925925925923 0.790625 0.046296296296296294 0.021875
2 0.36203703703703705 0.8010416666666667 0.05555555555555555 0.025
2 0.3347222222222222 0.7833333333333333 0.04351851851851852 0.014583333333333334
2 0.2865740740740741 0.7893229166666667 0.023148148148148147 0.0140625
1 0.38981481481481484 0.9658854166666667 0.1111111111111111 0.06822916666666666
1 0.3435185185185185 0.8721354166666667 0.08703703703703704 0.0953125
1 0.44351851851851853 0.85234375 0.06296296296296296 0.0734375
1 0.2833333333333333 0.8135416666666667 0.03333333333333333 0.020833333333333332
9 0.7092592592592593 0.9390625 0.43333333333333335 0.121875
