0 0.3302083333333333 0.5601851851851852 0.4265625 0.9064814814814814
0 0.6348958333333333 0.47129629629629627 0.6786458333333333 0.6212962962962963
12 0.3375 0.25833333333333336 0.38385416666666666 0.4537037037037037
14 0.7744791666666667 0.19814814814814816 0.9484375 0.26296296296296295
14 0.23958333333333334 0.275 0.35104166666666664 0.3175925925925926
14 0.46145833333333336 0.3592592592592593 0.525 0.41388888888888886
14 0.75 0.49907407407407406 0.8026041666666667 0.5472222222222223
14 0.75 0.5453703703703704 0.7796875 0.6074074074074074
3 0.3885416666666667 0.6796296296296296 0.6114583333333333 0.8759259259259259
6 0.005729166666666666 0.5638888888888889 0.37135416666666665 0.7074074074074074
1 0.6453125 0.5037037037037037 0.6677083333333333 0.5518518518518518
1 0.33645833333333336 0.6046296296296296 0.3932291666666667 0.7379629629629629
2 0.6421875 0.47314814814814815 0.6552083333333333 0.49166666666666664
2 0.38697916666666665 0.5601851851851852 0.41510416666666666 0.6157407407407407
