12 0.43697916666666664 0.4962962962962963 0.5 0.7481481481481481
6 0.005208333333333333 0.8574074074074074 0.2859375 1.0
6 0.2859375 0.8453703703703703 0.35989583333333336 0.9648148148148148
3 0.359375 0.9629629629629629 0.603125 0.9981481481481481
0 0.8541666666666666 0.7685185185185185 0.9234375 1.0
0 0.30416666666666664 0.8342592592592593 0.3963541666666667 1.0
0 0.37083333333333335 0.7203703703703703 0.39010416666666664 0.8379629629629629
0 0.2916666666666667 0.7620370370370371 0.3265625 0.8333333333333334
1 0.29583333333333334 0.7759259259259259 0.31145833333333334 0.812037037037037
1 0.375 0.7472222222222222 0.38958333333333334 0.7953703703703704
1 0.309375 0.8796296296296297 0.3703125 0.9990740740740741
1 0.8588541666666667 0.85 0.9234375 1.0
2 0.8583333333333333 0.7870370370370371 0.89375 0.8388888888888889
2 0.3619791666666667 0.8361111111111111 0.39166666666666666 0.8842592592592593
2 0.37447916666666664 0.7231481481481481 0.38645833333333335 0.7388888888888889
14 0.15260416666666668 0.12037037037037036 0.23229166666666667 0.225
14 0.2453125 0.5527777777777778 0.3536458333333333 0.6074074074074074
14 0.765625 0.4740740740740741 0.9302083333333333 0.5370370370370371
14 0.7505208333333333 0.8111111111111111 0.7802083333333333 0.8768518518518519
14 0.5161458333333333 0.5027777777777778 0.7260416666666667 0.5731481481481482
10 0.25625 0.7953703703703704 0.28541666666666665 0.8518518518518519
