0 0.48046875 0.7199074074074074 0.10364583333333334 0.32685185185185184
0 0.8333333333333334 0.5703703703703704 0.041666666666666664 0.15925925925925927
12 0.5049479166666667 0.3597222222222222 0.049479166666666664 0.18611111111111112
14 0.40963541666666664 0.3055555555555556 0.1015625 0.040740740740740744
14 0.94140625 0.24166666666666667 0.0765625 0.05740740740740741
14 0.8864583333333333 0.586574074074074 0.026041666666666668 0.06574074074074074
14 0.8947916666666667 0.5300925925925926 0.04791666666666667 0.041666666666666664
14 0.6010416666666667 0.39305555555555555 0.06875 0.05277777777777778
14 0.1296875 0.5513888888888889 0.07916666666666666 0.062037037037037036
3 0.60390625 0.7837962962962963 0.25677083333333334 0.18611111111111112
6 0.30885416666666665 0.6328703703703704 0.340625 0.13055555555555556
2 0.49505208333333334 0.5800925925925926 0.030729166666666665 0.04351851851851852
2 0.8283854166666667 0.5027777777777778 0.0140625 0.012962962962962963
1 0.8341145833333333 0.5513888888888889 0.021354166666666667 0.05462962962962963
1 0.4588541666666667 0.6712962962962963 0.05625 0.1388888888888889
