0 0.3653645833333333 0.6736111111111112 0.0515625 0.30277777777777776
0 0.6872395833333333 0.6310185185185185 0.059895833333333336 0.31574074074074077
14 0.16536458333333334 0.3976851851851852 0.04739583333333333 0.030555555555555555
14 0.3703125 0.23287037037037037 0.023958333333333335 0.013888888888888888
14 0.8794270833333333 0.18611111111111112 0.10989583333333333 0.044444444444444446
3 0.5018229166666667 0.5791666666666667 0.18802083333333333 0.20092592592592592
2 0.68125 0.4912037037037037 0.027083333333333334 0.03611111111111111
2 0.35546875 0.5375 0.027604166666666666 0.030555555555555555
1 0.35885416666666664 0.6300925925925925 0.036458333333333336 0.10462962962962963
1 0.6895833333333333 0.5810185185185185 0.041666666666666664 0.12685185185185185
7 0.9018229166666667 0.5375 0.19635416666666666 0.10833333333333334
