0 0.3390625 0.95 0.3729166666666667 1.0
0 0.4979166666666667 0.937037037037037 0.5390625 1.0
0 0.8192708333333333 0.8694444444444445 0.8432291666666667 0.9259259259259259
0 0.8739583333333333 0.8592592592592593 0.8973958333333333 0.9064814814814814
0 0.9078125 0.8657407407407407 0.9203125 0.9157407407407407
12 0.3411458333333333 0.000925925925925926 0.396875 0.08703703703703704
14 0.4739583333333333 0.000925925925925926 0.6078125 0.12407407407407407
2 0.353125 0.95 0.3723958333333333 0.9722222222222222
2 0.5078125 0.937962962962963 0.53125 0.9731481481481481
2 0.8776041666666666 0.8583333333333333 0.8869791666666667 0.8703703703703703
1 0.8770833333333333 0.8796296296296297 0.8927083333333333 0.9064814814814814
1 0.8239583333333333 0.8842592592592593 0.8395833333333333 0.9222222222222223
1 0.34427083333333336 0.987037037037037 0.35989583333333336 1.0
1 0.5083333333333333 0.9888888888888889 0.5354166666666667 0.9972222222222222
