12 0.359375 0.2111111111111111 0.4046875 0.4601851851851852
8 0.0005208333333333333 0.8629629629629629 0.134375 0.937962962962963
3 0.35208333333333336 0.6759259259259259 0.6213541666666667 0.8870370370370371
6 0.0171875 0.6157407407407407 0.13645833333333332 0.7462962962962963
6 0.140625 0.5916666666666667 0.30625 0.7287037037037037
6 0.29322916666666665 0.5768518518518518 0.39375 0.6925925925925925
0 0.384375 0.687962962962963 0.5078125 0.9527777777777777
0 0.51875 0.42407407407407405 0.5520833333333334 0.5675925925925925
0 0.3078125 0.49074074074074076 0.34479166666666666 0.5703703703703704
2 0.38177083333333334 0.687962962962963 0.40989583333333335 0.7555555555555555
2 0.5234375 0.42777777777777776 0.5390625 0.4462962962962963
1 0.528125 0.45185185185185184 0.5505208333333333 0.5027777777777778
1 0.41041666666666665 0.6925925925925925 0.4973958333333333 0.8018518518518518
1 0.3125 0.5064814814814815 0.32864583333333336 0.5462962962962963
14 0.2484375 0.27870370370370373 0.35989583333333336 0.3398148148148148
14 0.44583333333333336 0.1824074074074074 0.7536458333333333 0.2935185185185185
14 0.7807291666666667 0.5037037037037037 0.8067708333333333 0.5740740740740741
14 0.7869791666666667 0.12407407407407407 0.9807291666666667 0.23055555555555557
10 0.275 0.5324074074074074 0.30416666666666664 0.5833333333333334
