12 0.375 0.29739583333333336 0.6064814814814815 0.428125
8 0.7092592592592593 0.7447916666666666 0.9731481481481481 0.8505208333333333
14 0.7277777777777777 0.14895833333333333 0.8351851851851851 0.19947916666666668
14 0.7712962962962963 0.35625 0.875 0.3880208333333333
14 0.7824074074074074 0.44166666666666665 0.8870370370370371 0.471875
14 0.8055555555555556 0.5546875 0.925 0.5744791666666667
14 0.6796296296296296 0.43697916666666664 0.7203703703703703 0.46145833333333336
14 0.000925925925925926 0.6151041666666667 0.3111111111111111 0.6401041666666667
0 0.175 0.6817708333333333 0.29259259259259257 0.9572916666666667
0 0.08796296296296297 0.7046875 0.14907407407407408 0.8895833333333333
0 0.002777777777777778 0.6979166666666666 0.08981481481481482 0.9104166666666667
1 0.1787037037037037 0.7255208333333333 0.25833333333333336 0.8296875
1 0.08981481481481482 0.7380208333333333 0.1527777777777778 0.8109375
1 0.000925925925925926 0.7302083333333333 0.07407407407407407 0.8380208333333333
2 0.21203703703703702 0.6854166666666667 0.28055555555555556 0.7135416666666666
2 0.09907407407407408 0.7072916666666667 0.14722222222222223 0.7296875
2 0.020370370370370372 0.6989583333333333 0.06666666666666667 0.7140625
2 0.000925925925925926 0.7046875 0.037037037037037035 0.728125
