0 0.36302083333333335 0.7486111111111111 0.065625 0.33611111111111114
0 0.7721354166666666 0.6050925925925926 0.03697916666666667 0.15092592592592594
12 0.4786458333333333 0.39166666666666666 0.05625 0.19074074074074074
14 0.43723958333333335 0.42083333333333334 0.033854166666666664 0.062037037037037036
14 0.2630208333333333 0.33240740740740743 0.12083333333333333 0.046296296296296294
14 0.8158854166666667 0.2712962962962963 0.1640625 0.06111111111111111
14 0.7276041666666667 0.5949074074074074 0.026041666666666668 0.06574074074074074
14 0.7255208333333333 0.5388888888888889 0.040625 0.03888888888888889
3 0.5158854166666667 0.7944444444444444 0.24322916666666666 0.19814814814814816
6 0.17239583333333333 0.6768518518518518 0.34375 0.1574074074074074
2 0.38307291666666665 0.600462962962963 0.027604166666666666 0.03981481481481482
2 0.7604166666666666 0.537962962962963 0.013541666666666667 0.014814814814814815
1 0.76796875 0.5810185185185185 0.024479166666666666 0.05648148148148148
1 0.35546875 0.6837962962962963 0.0484375 0.1361111111111111
