0 0.6658854166666667 0.8717592592592592 0.0328125 0.09722222222222222
0 0.7799479166666666 0.9217592592592593 0.06614583333333333 0.15648148148148147
12 0.49322916666666666 0.4976851851851852 0.06041666666666667 0.09537037037037037
14 0.5450520833333333 0.7837962962962963 0.19635416666666666 0.026851851851851852
14 0.06979166666666667 0.5444444444444444 0.09895833333333333 0.08888888888888889
14 0.07552083333333333 0.2523148148148148 0.08645833333333333 0.09537037037037037
14 0.08541666666666667 0.04861111111111111 0.08333333333333333 0.09537037037037037
1 0.6658854166666667 0.8805555555555555 0.025520833333333333 0.06481481481481481
1 0.7916666666666666 0.950925925925926 0.03854166666666667 0.06481481481481481
2 0.6671875 0.8314814814814815 0.013541666666666667 0.018518518518518517
2 0.7708333333333334 0.8578703703703704 0.03229166666666667 0.032407407407407406
7 0.5661458333333333 0.9092592592592592 0.1 0.09074074074074075
7 0.9356770833333333 0.924537037037037 0.12864583333333332 0.12685185185185185
7 0.71953125 0.9138888888888889 0.0421875 0.07222222222222222
7 0.41822916666666665 0.8916666666666667 0.058333333333333334 0.06111111111111111
