0 0.2851851851851852 0.8609375 0.44166666666666665 1.0
0 0.05277777777777778 0.7739583333333333 0.11296296296296296 0.834375
0 0.1111111111111111 0.7765625 0.2212962962962963 0.8484375
0 0.25277777777777777 0.7697916666666667 0.32314814814814813 0.8916666666666667
0 0.16666666666666666 0.7619791666666667 0.25925925925925924 0.8536458333333333
12 0.42777777777777776 0.36041666666666666 0.6666666666666666 0.47708333333333336
14 0.6370370370370371 0.675 0.6814814814814815 0.6911458333333333
14 0.02962962962962963 0.6786458333333333 0.45092592592592595 0.6911458333333333
6 0.45740740740740743 0.7614583333333333 0.5305555555555556 0.7963541666666667
6 0.23333333333333334 0.7682291666666666 0.32592592592592595 0.803125
1 0.26851851851851855 0.8098958333333334 0.3212962962962963 0.8760416666666667
1 0.11666666666666667 0.8130208333333333 0.1925925925925926 0.85
1 0.06296296296296296 0.79375 0.10648148148148148 0.8354166666666667
1 0.28425925925925927 0.8885416666666667 0.3453703703703704 0.9604166666666667
2 0.33611111111111114 0.8619791666666666 0.40370370370370373 0.890625
2 0.26666666666666666 0.7703125 0.3111111111111111 0.7984375
2 0.14166666666666666 0.7765625 0.19814814814814816 0.8020833333333334
2 0.1675925925925926 0.7661458333333333 0.21388888888888888 0.784375
2 0.07592592592592592 0.7744791666666667 0.10648148148148148 0.7911458333333333
9 0.40370370370370373 0.871875 0.7833333333333333 1.0
10 0.42314814814814816 0.9291666666666667 0.5101851851851852 0.9911458333333333
