0 0.3458333333333333 0.5703703703703704 0.428125 0.8972222222222223
0 0.7427083333333333 0.49722222222222223 0.7692708333333333 0.6259259259259259
12 0.415625 0.27685185185185185 0.4713541666666667 0.475
14 0.7895833333333333 0.20462962962962963 0.95625 0.2759259259259259
14 0.471875 0.3768518518518518 0.5401041666666667 0.42685185185185187
14 0.7677083333333333 0.55 0.7921875 0.6074074074074074
14 0.7635416666666667 0.5064814814814815 0.7953125 0.5388888888888889
14 0.2515625 0.29259259259259257 0.36614583333333334 0.3398148148148148
3 0.4010416666666667 0.687037037037037 0.6536458333333334 0.8833333333333333
6 0.0328125 0.5787037037037037 0.38958333333333334 0.7379629629629629
1 0.346875 0.6083333333333333 0.39114583333333336 0.7379629629629629
1 0.7479166666666667 0.524074074074074 0.7666666666666667 0.5796296296296296
2 0.746875 0.4981481481481482 0.7578125 0.512962962962963
2 0.3927083333333333 0.5722222222222222 0.4197916666666667 0.625
