0 0.2828125 0.6083333333333333 0.36302083333333335 0.9444444444444444
0 0.69375 0.575925925925926 0.7255208333333333 0.7407407407407407
0 0.8791666666666667 0.5768518518518518 0.940625 0.9416666666666667
12 0.44375 0.2935185185185185 0.5046875 0.4685185185185185
14 0.6072916666666667 0.29907407407407405 0.7552083333333334 0.35
14 0.575 0.5564814814814815 0.6151041666666667 0.5898148148148148
14 0.5890625 0.5962962962962963 0.6109375 0.6462962962962963
14 0.07916666666666666 0.34074074074074073 0.20572916666666666 0.38425925925925924
14 0.2942708333333333 0.4222222222222222 0.36354166666666665 0.4824074074074074
3 0.3411458333333333 0.725925925925926 0.5625 0.912962962962963
6 0.0010416666666666667 0.6287037037037037 0.22552083333333334 0.787962962962963
2 0.8859375 0.5740740740740741 0.9171875 0.6111111111111112
2 0.7026041666666667 0.575 0.7161458333333334 0.5962962962962963
2 0.3177083333333333 0.6092592592592593 0.35 0.6592592592592592
1 0.278125 0.6537037037037037 0.32760416666666664 0.8018518518518518
1 0.6989583333333333 0.6027777777777777 0.7239583333333334 0.6666666666666666
1 0.8869791666666667 0.6231481481481481 0.9395833333333333 0.7611111111111111
