0 0.26979166666666665 0.9296296296296296 0.3375 1.0
0 0.4296875 0.9074074074074074 0.4890625 1.0
0 0.759375 0.8305555555555556 0.7875 0.8870370370370371
0 0.8098958333333334 0.8166666666666667 0.8333333333333334 0.8685185185185185
0 0.8463541666666666 0.8212962962962963 0.8567708333333334 0.8759259259259259
12 0.30364583333333334 0.000925925925925926 0.3546875 0.05925925925925926
14 0.44895833333333335 0.004629629629629629 0.5536458333333333 0.10092592592592593
14 0.9348958333333334 0.5944444444444444 0.95625 0.6129629629629629
1 0.815625 0.8398148148148148 0.83125 0.8685185185185185
1 0.7651041666666667 0.8472222222222222 0.7828125 0.8870370370370371
1 0.27395833333333336 0.9694444444444444 0.29583333333333334 1.0
1 0.45260416666666664 0.962037037037037 0.48854166666666665 1.0
2 0.28177083333333336 0.9296296296296296 0.3020833333333333 0.9583333333333334
2 0.44947916666666665 0.9083333333333333 0.4744791666666667 0.9481481481481482
2 0.8166666666666667 0.8175925925925925 0.8260416666666667 0.8314814814814815
