0 0.3824074074074074 0.7192708333333333 0.44351851851851853 0.7640625
0 0.5462962962962963 0.7427083333333333 0.5962962962962963 0.7864583333333334
12 0.13055555555555556 0.0671875 0.4074074074074074 0.28541666666666665
14 0.637962962962963 0.5854166666666667 0.6833333333333333 0.5973958333333333
14 0.7388888888888889 0.5390625 0.7888888888888889 0.5734375
11 0.004629629629629629 0.9026041666666667 0.23981481481481481 0.9947916666666666
1 0.39166666666666666 0.7276041666666667 0.43703703703703706 0.7588541666666667
1 0.5537037037037037 0.7505208333333333 0.5814814814814815 0.7729166666666667
2 0.3888888888888889 0.7197916666666667 0.4074074074074074 0.7276041666666667
8 0.6425925925925926 0.7921875 0.700925925925926 0.8239583333333333
