0 0.3458333333333333 0.7893518518518519 0.06770833333333333 0.33611111111111114
0 0.6880208333333333 0.6981481481481482 0.065625 0.3425925925925926
12 0.43802083333333336 0.07777777777777778 0.10625 0.15
14 0.8729166666666667 0.22083333333333333 0.11770833333333333 0.03425925925925926
14 0.16015625 0.5287037037037037 0.044270833333333336 0.03148148148148148
14 0.36041666666666666 0.3365740740740741 0.023958333333333335 0.017592592592592594
3 0.4940104166666667 0.7231481481481481 0.20572916666666666 0.21481481481481482
2 0.3294270833333333 0.6425925925925926 0.0265625 0.03888888888888889
2 0.6729166666666667 0.5472222222222223 0.028125 0.037037037037037035
1 0.3390625 0.7425925925925926 0.046875 0.11666666666666667
1 0.6890625 0.6467592592592593 0.05 0.1398148148148148
7 0.9046875 0.5652777777777778 0.190625 0.08796296296296297
