12 0.3890625 0.5268518518518519 0.059375 0.23333333333333334
6 0.02578125 0.8694444444444445 0.050520833333333334 0.1537037037037037
6 0.13255208333333332 0.862037037037037 0.14947916666666666 0.1388888888888889
6 0.2625 0.8337962962962963 0.10520833333333333 0.1175925925925926
3 0.4166666666666667 0.9425925925925925 0.259375 0.11481481481481481
0 0.9091145833333333 0.8310185185185185 0.08802083333333334 0.33796296296296297
0 0.24973958333333332 0.9083333333333333 0.09427083333333333 0.18333333333333332
0 0.37604166666666666 0.7069444444444445 0.026041666666666668 0.14166666666666666
0 0.2515625 0.7300925925925926 0.035416666666666666 0.075
1 0.37473958333333335 0.6907407407407408 0.021354166666666667 0.053703703703703705
1 0.24505208333333334 0.7273148148148149 0.013020833333333334 0.03796296296296296
1 0.24375 0.8981481481481481 0.06145833333333333 0.12037037037037036
1 0.9122395833333333 0.8384259259259259 0.07239583333333334 0.18425925925925926
2 0.8979166666666667 0.7055555555555556 0.046875 0.05740740740740741
2 0.26588541666666665 0.8324074074074074 0.0296875 0.03888888888888889
2 0.371875 0.649537037037037 0.0125 0.017592592592592594
14 0.11901041666666666 0.08703703703703704 0.08072916666666667 0.11296296296296296
14 0.23567708333333334 0.5083333333333333 0.11614583333333334 0.05555555555555555
14 0.7888020833333333 0.4125 0.1671875 0.07685185185185185
14 0.5458333333333333 0.4532407407407407 0.240625 0.08611111111111111
14 0.7098958333333333 0.7481481481481481 0.028125 0.07222222222222222
10 0.20989583333333334 0.7537037037037037 0.030208333333333334 0.05555555555555555
