0 0.25052083333333336 0.5935185185185186 0.31614583333333335 0.9861111111111112
0 0.6458333333333334 0.5231481481481481 0.7171875 0.9472222222222222
12 0.3697916666666667 0.000925925925925926 0.4947916666666667 0.1537037037037037
14 0.14739583333333334 0.4537037037037037 0.19479166666666667 0.49166666666666664
14 0.3770833333333333 0.287962962962963 0.4015625 0.3101851851851852
14 0.8640625 0.20555555555555555 0.9927083333333333 0.25555555555555554
3 0.346875 0.7046296296296296 0.5744791666666667 0.9851851851851852
2 0.26510416666666664 0.5925925925925926 0.2984375 0.6407407407407407
2 0.6552083333333333 0.5231481481481481 0.6901041666666666 0.5657407407407408
1 0.25416666666666665 0.6611111111111111 0.30520833333333336 0.8018518518518518
1 0.6583333333333333 0.5851851851851851 0.7182291666666667 0.7537037037037037
