0 0.3333333333333333 0.7976851851851852 0.08125 0.2972222222222222
0 0.7184895833333333 0.6935185185185185 0.04010416666666667 0.15925925925925927
0 0.8880208333333334 0.7648148148148148 0.052083333333333336 0.3333333333333333
12 0.4708333333333333 0.31527777777777777 0.065625 0.17685185185185184
14 0.6580729166666667 0.3662037037037037 0.14322916666666666 0.05277777777777778
14 0.5807291666666666 0.649537037037037 0.022916666666666665 0.05648148148148148
14 0.56875 0.6027777777777777 0.04479166666666667 0.037037037037037035
14 0.31145833333333334 0.48935185185185187 0.06458333333333334 0.05277777777777778
14 0.12708333333333333 0.40555555555555556 0.12708333333333333 0.046296296296296294
3 0.46822916666666664 0.8356481481481481 0.19791666666666666 0.18425925925925926
6 0.11041666666666666 0.7430555555555556 0.21770833333333334 0.15462962962962962
2 0.8817708333333333 0.6175925925925926 0.027083333333333334 0.03518518518518519
2 0.7158854166666667 0.6203703703703703 0.013020833333333334 0.014814814814814815
2 0.3411458333333333 0.6689814814814815 0.029166666666666667 0.03425925925925926
1 0.8940104166666667 0.7087962962962963 0.044270833333333336 0.13055555555555556
1 0.7197916666666667 0.6666666666666666 0.027083333333333334 0.05925925925925926
1 0.3190104166666667 0.7638888888888888 0.0515625 0.13518518518518519
