0 0.42890625 0.7245370370370371 0.09947916666666666 0.3435185185185185
0 0.7481770833333333 0.5666666666666667 0.04635416666666667 0.1574074074074074
12 0.4309895833333333 0.35555555555555557 0.0484375 0.18518518518518517
14 0.3546875 0.30694444444444446 0.109375 0.04537037037037037
14 0.5513020833333333 0.3962962962962963 0.06510416666666667 0.053703703703703705
14 0.07421875 0.5583333333333333 0.08072916666666667 0.06481481481481481
14 0.9166666666666666 0.2337962962962963 0.16666666666666666 0.05277777777777778
14 0.8268229166666666 0.5837962962962963 0.027604166666666666 0.06388888888888888
14 0.8388020833333333 0.5254629629629629 0.05260416666666667 0.03981481481481482
3 0.55234375 0.7847222222222222 0.23385416666666667 0.20277777777777778
6 0.2552083333333333 0.638425925925926 0.353125 0.14166666666666666
2 0.44609375 0.5763888888888888 0.03177083333333333 0.04722222222222222
2 0.7372395833333333 0.49675925925925923 0.016145833333333335 0.017592592592592594
1 0.7479166666666667 0.5425925925925926 0.025 0.05555555555555555
1 0.4109375 0.6726851851851852 0.059375 0.14166666666666666
