0 0.3177083333333333 0.7574074074074074 0.10625 0.3037037037037037
0 0.39296875 0.7148148148148148 0.0484375 0.17037037037037037
0 0.2981770833333333 0.7092592592592593 0.024479166666666666 0.15925925925925927
2 0.30416666666666664 0.6365740740740741 0.011458333333333333 0.01574074074074074
2 0.31979166666666664 0.6342592592592593 0.027083333333333334 0.03148148148148148
2 0.38203125 0.6462962962962963 0.015104166666666667 0.022222222222222223
1 0.3223958333333333 0.7180555555555556 0.0375 0.08981481481481482
1 0.39401041666666664 0.6898148148148148 0.0234375 0.05
1 0.2994791666666667 0.6981481481481482 0.010416666666666666 0.06851851851851852
6 0.52578125 0.7069444444444445 0.17135416666666667 0.08796296296296297
8 0.09583333333333334 0.7509259259259259 0.06354166666666666 0.11296296296296296
10 0.06458333333333334 0.6620370370370371 0.04479166666666667 0.06296296296296296
11 0.41432291666666665 0.8541666666666666 0.16822916666666668 0.13055555555555556
12 0.39010416666666664 0.1527777777777778 0.07395833333333333 0.14629629629629629
14 0.36770833333333336 0.46805555555555556 0.42291666666666666 0.14722222222222223
