3 0.44609375 0.6810185185185185 0.2734375 0.2101851851851852
8 0.04244791666666667 0.7342592592592593 0.08385416666666666 0.040740740740740744
6 0.1625 0.5342592592592592 0.26145833333333335 0.15925925925925927
6 0.37135416666666665 0.512962962962963 0.08125 0.11296296296296296
0 0.6328125 0.575 0.06875 0.3592592592592593
0 0.309375 0.5611111111111111 0.0625 0.3
0 0.44895833333333335 0.4013888888888889 0.022916666666666665 0.12129629629629629
0 0.35963541666666665 0.40879629629629627 0.034895833333333334 0.07685185185185185
12 0.4244791666666667 0.1875 0.042708333333333334 0.3194444444444444
2 0.6234375 0.41805555555555557 0.03229166666666667 0.04722222222222222
2 0.32760416666666664 0.43425925925925923 0.03333333333333333 0.044444444444444446
2 0.453125 0.350462962962963 0.013541666666666667 0.017592592592592594
1 0.4471354166666667 0.3851851851851852 0.018229166666666668 0.040740740740740744
1 0.35260416666666666 0.4050925925925926 0.017708333333333333 0.03611111111111111
1 0.6388020833333333 0.5185185185185185 0.04739583333333333 0.13333333333333333
1 0.31328125 0.5222222222222223 0.033854166666666664 0.11481481481481481
14 0.3359375 0.17685185185185184 0.10625 0.05740740740740741
14 0.8276041666666667 0.462037037037037 0.03333333333333333 0.07222222222222222
14 0.6375 0.13055555555555556 0.32395833333333335 0.1037037037037037
14 0.9111979166666667 0.07916666666666666 0.14427083333333332 0.08425925925925926
