0 0.3194444444444444 0.8692708333333333 0.412962962962963 1.0
0 0.4148148148148148 0.8822916666666667 0.5064814814814815 1.0
0 0.5083333333333333 0.8838541666666667 0.5805555555555556 1.0
0 0.6768518518518518 0.875 0.7601851851851852 1.0
2 0.35648148148148145 0.8744791666666667 0.40555555555555556 0.89375
2 0.4148148148148148 0.8776041666666666 0.4675925925925926 0.8989583333333333
2 0.5083333333333333 0.884375 0.5611111111111111 0.9072916666666667
2 0.6962962962962963 0.8770833333333333 0.7379629629629629 0.8916666666666667
1 0.33425925925925926 0.9072916666666667 0.4212962962962963 0.9895833333333334
1 0.42407407407407405 0.9213541666666667 0.5092592592592593 1.0
1 0.5138888888888888 0.9213541666666667 0.5777777777777777 0.9963541666666667
1 0.6796296296296296 0.903125 0.7537037037037037 0.9630208333333333
11 0.0824074074074074 0.9359375 0.22870370370370371 0.971875
12 0.42407407407407405 0.4197916666666667 0.6694444444444444 0.5729166666666666
14 0.018518518518518517 0.7708333333333334 0.9907407407407407 0.8041666666666667
14 0.18703703703703703 0.8333333333333334 0.36574074074074076 0.8588541666666667
