11 0.4328125 0.8518518518518519 0.509375 0.9990740740740741
13 0.05625 0.5092592592592593 0.10729166666666666 0.562037037037037
11 0.8942708333333333 0.8833333333333333 1.0 0.9944444444444445
0 0.32135416666666666 0.5203703703703704 0.3890625 0.9361111111111111
0 0.0005208333333333333 0.4962962962962963 0.08385416666666666 0.9703703703703703
2 0.01875 0.49722222222222223 0.059895833333333336 0.5453703703703704
2 0.3458333333333333 0.524074074074074 0.3875 0.5740740740740741
1 0.32395833333333335 0.5861111111111111 0.3671875 0.7407407407407407
1 0.0020833333333333333 0.5685185185185185 0.08541666666666667 0.7305555555555555
10 0.08385416666666666 0.5277777777777778 0.10104166666666667 0.562037037037037
