0 0.7002604166666667 0.975 0.0265625 0.05
0 0.7489583333333333 0.9722222222222222 0.016666666666666666 0.05555555555555555
0 0.7729166666666667 0.9740740740740741 0.021875 0.05185185185185185
12 0.35625 0.05555555555555555 0.05520833333333333 0.1037037037037037
14 0.87421875 0.7412037037037037 0.0203125 0.01574074074074074
14 0.92578125 0.6625 0.0328125 0.049074074074074076
14 0.44114583333333335 0.11898148148148148 0.128125 0.1824074074074074
1 0.75078125 0.9810185185185185 0.011979166666666667 0.030555555555555555
1 0.7015625 0.9819444444444444 0.026041666666666668 0.03611111111111111
2 0.75078125 0.9541666666666667 0.009895833333333333 0.012037037037037037
