0 0.05625 0.7046296296296296 0.13697916666666668 1.0
0 0.18333333333333332 0.7148148148148148 0.26145833333333335 1.0
0 0.40729166666666666 0.7240740740740741 0.4546875 0.9546296296296296
12 0.42135416666666664 0.06666666666666667 0.50625 0.2064814814814815
14 0.8921875 0.6444444444444445 0.9130208333333333 0.6990740740740741
1 0.059895833333333336 0.7703703703703704 0.128125 0.9333333333333333
1 0.19114583333333332 0.7805555555555556 0.25 0.9287037037037037
1 0.41510416666666666 0.7657407407407407 0.44375 0.8592592592592593
2 0.41302083333333334 0.725 0.43385416666666665 0.7481481481481481
2 0.07864583333333333 0.7037037037037037 0.11770833333333333 0.7481481481481481
2 0.20208333333333334 0.7157407407407408 0.234375 0.762962962962963
