0 0.48385416666666664 0.825925925925926 0.053125 0.34814814814814815
0 0.5567708333333333 0.8398148148148148 0.06041666666666667 0.32037037037037036
0 0.8825520833333333 0.8217592592592593 0.21822916666666667 0.35648148148148145
0 0.5229166666666667 0.7393518518518518 0.03854166666666667 0.06388888888888888
12 0.36770833333333336 0.2513888888888889 0.053125 0.11388888888888889
14 0.7325520833333333 0.4078703703703704 0.024479166666666666 0.026851851851851852
14 0.7776041666666667 0.3347222222222222 0.027083333333333334 0.05648148148148148
11 0.6653645833333334 0.9208333333333333 0.19114583333333332 0.13240740740740742
1 0.8890625 0.8949074074074074 0.17395833333333333 0.2101851851851852
1 0.5552083333333333 0.7851851851851852 0.046875 0.1259259259259259
1 0.4869791666666667 0.7810185185185186 0.04479166666666667 0.14351851851851852
2 0.859375 0.7074074074074074 0.090625 0.12222222222222222
2 0.5557291666666667 0.700462962962963 0.026041666666666668 0.03796296296296296
2 0.48880208333333336 0.6731481481481482 0.0296875 0.04259259259259259
2 0.5348958333333333 0.7125 0.014583333333333334 0.026851851851851852
