12 0.44947916666666665 0.5569444444444445 0.06875 0.23055555555555557
3 0.45859375 0.9430555555555555 0.2515625 0.11388888888888889
6 0.12447916666666667 0.8513888888888889 0.24791666666666667 0.14907407407407408
6 0.30364583333333334 0.8180555555555555 0.10208333333333333 0.09537037037037037
0 0.27786458333333336 0.9115740740740741 0.07135416666666666 0.17685185185185184
0 0.8033854166666666 0.85 0.06927083333333334 0.3
0 0.34791666666666665 0.7111111111111111 0.022916666666666665 0.11481481481481481
0 0.29401041666666666 0.725462962962963 0.03177083333333333 0.07314814814814814
1 0.2877604166666667 0.7212962962962963 0.0140625 0.03888888888888889
1 0.34739583333333335 0.6939814814814815 0.015625 0.04351851851851852
1 0.27578125 0.8939814814814815 0.059895833333333336 0.11018518518518519
1 0.8088541666666667 0.8384259259259259 0.05625 0.1398148148148148
2 0.7934895833333333 0.7282407407407407 0.033854166666666664 0.04351851851851852
2 0.29322916666666665 0.8361111111111111 0.026041666666666668 0.027777777777777776
2 0.3463541666666667 0.6597222222222222 0.011458333333333333 0.013888888888888888
14 0.8296875 0.4337962962962963 0.16875 0.06944444444444445
14 0.28046875 0.5069444444444444 0.11510416666666666 0.05648148148148148
14 0.17083333333333334 0.09537037037037037 0.08020833333333334 0.09259259259259259
14 0.6052083333333333 0.46296296296296297 0.20416666666666666 0.07592592592592592
14 0.7442708333333333 0.7671296296296296 0.025 0.06388888888888888
10 0.2520833333333333 0.7439814814814815 0.029166666666666667 0.04722222222222222
