0 0.1859375 0.687962962962963 0.0625 0.26481481481481484
0 0.2713541666666667 0.7041666666666667 0.059375 0.2935185185185185
0 0.36614583333333334 0.7333333333333333 0.05416666666666667 0.3537037037037037
0 0.4078125 0.7324074074074074 0.04375 0.30925925925925923
0 0.5520833333333334 0.6578703703703703 0.06875 0.1638888888888889
12 0.6473958333333333 0.19537037037037036 0.10520833333333333 0.21851851851851853
13 0.8028645833333333 0.6800925925925926 0.39427083333333335 0.14537037037037037
2 0.17552083333333332 0.5726851851851852 0.019791666666666666 0.03425925925925926
2 0.26953125 0.575925925925926 0.024479166666666666 0.03518518518518519
2 0.36302083333333335 0.5745370370370371 0.03333333333333333 0.03611111111111111
2 0.40703125 0.5925925925925926 0.022395833333333334 0.02962962962962963
2 0.540625 0.5939814814814814 0.027083333333333334 0.03796296296296296
1 0.2674479166666667 0.6652777777777777 0.043229166666666666 0.11944444444444445
1 0.36171875 0.6773148148148148 0.0484375 0.1361111111111111
1 0.409375 0.6907407407407408 0.036458333333333336 0.12962962962962962
1 0.5401041666666667 0.6851851851851852 0.04375 0.1111111111111111
7 0.4783854166666667 0.7421296296296296 0.08489583333333334 0.11574074074074074
7 0.8838541666666667 0.6675925925925926 0.22916666666666666 0.1
