12 0.3625 0.24768518518518517 0.06458333333333334 0.15092592592592594
11 0.65390625 0.9217592592592593 0.18385416666666668 0.14166666666666666
11 0.7565104166666666 0.8907407407407407 0.09947916666666666 0.10740740740740741
14 0.8533854166666667 0.49398148148148147 0.03697916666666667 0.03796296296296296
14 0.7171875 0.399537037037037 0.03125 0.05092592592592592
14 0.7645833333333333 0.3365740740740741 0.030208333333333334 0.06574074074074074
14 0.6578125 0.6620370370370371 0.015625 0.044444444444444446
0 0.475 0.8296296296296296 0.051041666666666666 0.34074074074074073
0 0.5364583333333334 0.8402777777777778 0.05416666666666667 0.3194444444444444
0 0.575 0.7875 0.041666666666666664 0.20462962962962963
2 0.4783854166666667 0.6884259259259259 0.030729166666666665 0.05092592592592592
2 0.53984375 0.7046296296296296 0.024479166666666666 0.04814814814814815
2 0.5669270833333333 0.7064814814814815 0.025520833333333333 0.03888888888888889
1 0.47604166666666664 0.7944444444444444 0.04791666666666667 0.1388888888888889
1 0.540625 0.7921296296296296 0.03854166666666667 0.1175925925925926
1 0.575 0.7856481481481481 0.030208333333333334 0.10833333333333334
