12 0.39814814814814814 0.3098958333333333 0.6305555555555555 0.4395833333333333
8 0.6814814814814815 0.7536458333333333 0.9435185185185185 0.8505208333333333
14 0.7361111111111112 0.1515625 0.8435185185185186 0.20260416666666667
14 0.7564814814814815 0.353125 0.8703703703703703 0.3927083333333333
14 0.7666666666666667 0.44427083333333334 0.8777777777777778 0.475
14 0.7833333333333333 0.5546875 0.9037037037037037 0.578125
14 0.6638888888888889 0.4395833333333333 0.712037037037037 0.465625
14 0.000925925925925926 0.6010416666666667 0.2898148148148148 0.63125
9 0.2564814814814815 0.7354166666666667 0.6157407407407407 1.0
0 0.07314814814814814 0.6880208333333333 0.1388888888888889 0.8807291666666667
0 0.18796296296296297 0.6729166666666667 0.3111111111111111 0.9348958333333334
0 0.000925925925925926 0.6791666666666667 0.0712962962962963 0.8901041666666667
2 0.22314814814814815 0.6703125 0.30277777777777776 0.7026041666666667
2 0.08055555555555556 0.690625 0.1287037037037037 0.7145833333333333
2 0.000925925925925926 0.6822916666666666 0.05648148148148148 0.7114583333333333
1 0.000925925925925926 0.7161458333333334 0.06481481481481481 0.7916666666666666
1 0.06851851851851852 0.7265625 0.13703703703703704 0.7927083333333333
1 0.19537037037037036 0.7135416666666666 0.2759259259259259 0.8161458333333333
