12 0.40260416666666665 0.24305555555555555 0.09791666666666667 0.25833333333333336
13 0.5372395833333333 0.7138888888888889 0.3828125 0.11481481481481481
13 0.20416666666666666 0.7425925925925926 0.12083333333333333 0.09074074074074075
7 0.050520833333333334 0.8490740740740741 0.096875 0.14444444444444443
7 0.70546875 0.8356481481481481 0.16510416666666666 0.1175925925925926
7 0.5744791666666667 0.8532407407407407 0.10833333333333334 0.1175925925925926
0 0.30390625 0.7050925925925926 0.0671875 0.13796296296296295
0 0.12864583333333332 0.8203703703703704 0.07083333333333333 0.34444444444444444
1 0.12473958333333333 0.787962962962963 0.0453125 0.13703703703703704
1 0.30442708333333335 0.7351851851851852 0.0421875 0.07037037037037037
2 0.290625 0.6685185185185185 0.026041666666666668 0.040740740740740744
2 0.11953125 0.6694444444444444 0.0390625 0.03333333333333333
14 0.7638020833333333 0.6361111111111111 0.07135416666666666 0.08703703703703704
