0 0.12291666666666666 0.5666666666666667 0.19427083333333334 0.8777777777777778
0 0.2791666666666667 0.5472222222222223 0.36666666666666664 0.9888888888888889
0 0.40677083333333336 0.5611111111111111 0.47239583333333335 0.9824074074074074
0 0.5645833333333333 0.575925925925926 0.6098958333333333 0.8101851851851852
11 0.5276041666666667 0.8361111111111111 0.8145833333333333 1.0
2 0.13125 0.5675925925925925 0.1609375 0.6027777777777777
2 0.29791666666666666 0.5472222222222223 0.32916666666666666 0.5805555555555556
2 0.4244791666666667 0.5564814814814815 0.4552083333333333 0.6018518518518519
2 0.5729166666666666 0.5740740740740741 0.5901041666666667 0.6018518518518519
1 0.125 0.6212962962962963 0.1609375 0.7277777777777777
1 0.2833333333333333 0.6129629629629629 0.35208333333333336 0.774074074074074
1 0.4161458333333333 0.6268518518518519 0.46979166666666666 0.7759259259259259
1 0.5697916666666667 0.6185185185185185 0.6057291666666667 0.7111111111111111
