12 0.37604166666666666 0.000925925925925926 0.4979166666666667 0.17592592592592593
13 0.0005208333333333333 0.6851851851851852 0.16197916666666667 0.7453703703703703
14 0.009895833333333333 0.4101851851851852 0.16041666666666668 0.5222222222222223
14 0.17708333333333334 0.487962962962963 0.3067708333333333 0.5722222222222222
14 0.3072916666666667 0.5435185185185185 0.42083333333333334 0.6101851851851852
0 0.15520833333333334 0.675 0.22916666666666666 1.0
0 0.3177083333333333 0.6731481481481482 0.39114583333333336 1.0
0 0.415625 0.6796296296296296 0.42864583333333334 0.7194444444444444
2 0.41875 0.6842592592592592 0.42552083333333335 0.6925925925925925
2 0.33125 0.6768518518518518 0.3651041666666667 0.7222222222222222
2 0.178125 0.675 0.21145833333333333 0.7203703703703703
1 0.1640625 0.737037037037037 0.22239583333333332 0.8740740740740741
1 0.325 0.7490740740740741 0.37864583333333335 0.887962962962963
1 0.41875 0.6935185185185185 0.4270833333333333 0.712037037037037
10 0.14375 0.6953703703703704 0.16041666666666668 0.7388888888888889
