12 0.3515625 0.06574074074074074 0.06041666666666667 0.12222222222222222
14 0.44635416666666666 0.11574074074074074 0.12604166666666666 0.1925925925925926
14 0.8729166666666667 0.7189814814814814 0.03333333333333333 0.06018518518518518
14 0.9268229166666667 0.65 0.043229166666666666 0.07222222222222222
14 0.9049479166666666 0.3388888888888889 0.025520833333333333 0.06666666666666667
0 0.7033854166666667 0.9703703703703703 0.0265625 0.05925925925925926
0 0.7515625 0.961574074074074 0.017708333333333333 0.06388888888888888
0 0.7747395833333334 0.9680555555555556 0.028645833333333332 0.06388888888888888
1 0.7033854166666667 0.9791666666666666 0.022395833333333334 0.03981481481481482
1 0.75390625 0.9712962962962963 0.013020833333333334 0.027777777777777776
1 0.775 0.9814814814814815 0.025 0.037037037037037035
2 0.7528645833333333 0.9435185185185185 0.011979166666666667 0.014814814814814815
