8 0.1421875 0.8101851851851852 0.17604166666666668 0.08333333333333333
7 0.2046875 0.5587962962962963 0.17395833333333333 0.10092592592592593
11 0.41171875 0.5041666666666667 0.058854166666666666 0.08611111111111111
6 0.6046875 0.5296296296296297 0.10520833333333333 0.14814814814814814
6 0.43515625 0.575 0.07864583333333333 0.08333333333333333
6 0.7638020833333333 0.5060185185185185 0.13177083333333334 0.13796296296296295
3 0.5955729166666667 0.8101851851851852 0.42135416666666664 0.3574074074074074
12 0.5299479166666666 0.14675925925925926 0.0984375 0.2916666666666667
14 0.20234375 0.16712962962962963 0.0203125 0.049074074074074076
14 0.2791666666666667 0.027314814814814816 0.04791666666666667 0.05277777777777778
14 0.7346354166666667 0.10231481481481482 0.11614583333333334 0.11574074074074074
0 0.5140625 0.5148148148148148 0.09479166666666666 0.2740740740740741
0 0.72109375 0.5513888888888889 0.13489583333333333 0.20277777777777778
0 0.9109375 0.34953703703703703 0.03125 0.1527777777777778
0 0.7848958333333333 0.37592592592592594 0.041666666666666664 0.09814814814814815
1 0.77734375 0.37407407407407406 0.0203125 0.04814814814814815
1 0.91171875 0.33055555555555555 0.028645833333333332 0.05555555555555555
1 0.73671875 0.5791666666666667 0.0859375 0.13055555555555556
1 0.5127604166666667 0.5412037037037037 0.08489583333333334 0.15833333333333333
2 0.50078125 0.4078703703703704 0.043229166666666666 0.05462962962962963
2 0.6721354166666667 0.4837962962962963 0.0453125 0.049074074074074076
2 0.91484375 0.2847222222222222 0.0171875 0.025
10 0.728125 0.40694444444444444 0.035416666666666666 0.06018518518518518
