0 0.07135416666666666 0.8217592592592593 0.08854166666666667 0.35648148148148145
0 0.18828125 0.8291666666666667 0.0796875 0.3416666666666667
0 0.39557291666666666 0.7972222222222223 0.0578125 0.20555555555555555
12 0.37447916666666664 0.10324074074074074 0.08229166666666667 0.1398148148148148
14 0.8544270833333333 0.6435185185185185 0.021354166666666667 0.06111111111111111
11 0.39505208333333336 0.9671296296296297 0.27447916666666666 0.06574074074074074
2 0.19166666666666668 0.6837962962962963 0.036458333333333336 0.04722222222222222
2 0.07109375 0.6648148148148149 0.034895833333333334 0.044444444444444446
1 0.1890625 0.8004629629629629 0.057291666666666664 0.14907407407407408
1 0.06380208333333333 0.7935185185185185 0.06510416666666667 0.15925925925925927
1 0.390625 0.7662037037037037 0.030208333333333334 0.09166666666666666
2 0.4088541666666667 0.7101851851851851 0.016666666666666666 0.03333333333333333
