11 0.6567708333333333 0.9203703703703704 0.13333333333333333 0.15925925925925927
12 0.3690104166666667 0.05092592592592592 0.09635416666666667 0.1
13 0.09739583333333333 0.575 0.16666666666666666 0.04259259259259259
0 0.2591145833333333 0.7462962962962963 0.0765625 0.40925925925925927
1 0.2546875 0.6861111111111111 0.05625 0.15185185185185185
2 0.24921875 0.5712962962962963 0.03802083333333333 0.04259259259259259
14 0.09557291666666666 0.32037037037037036 0.17135416666666667 0.1388888888888889
14 0.24401041666666667 0.39814814814814814 0.11822916666666666 0.0962962962962963
14 0.36302083333333335 0.45 0.11770833333333333 0.10925925925925926
10 0.16171875 0.5879629629629629 0.0171875 0.040740740740740744
