13 0.10286458333333333 0.6620370370370371 0.1640625 0.07962962962962963
12 0.45364583333333336 0.07731481481481481 0.1125 0.1527777777777778
11 0.6125 0.9430555555555555 0.11354166666666667 0.10648148148148148
0 0.48203125 0.8078703703703703 0.0703125 0.36944444444444446
0 0.21354166666666666 0.8115740740740741 0.08020833333333334 0.3768518518518518
0 0.018229166666666668 0.8194444444444444 0.035416666666666666 0.3574074074074074
0 0.43984375 0.6481481481481481 0.008854166666666666 0.037037037037037035
2 0.43854166666666666 0.6347222222222222 0.005208333333333333 0.006481481481481481
1 0.43984375 0.649537037037037 0.0078125 0.019444444444444445
2 0.48151041666666666 0.6444444444444445 0.0328125 0.04259259259259259
2 0.21510416666666668 0.6481481481481481 0.0375 0.04814814814814815
2 0.014583333333333334 0.6638888888888889 0.028125 0.044444444444444446
1 0.0171875 0.7912037037037037 0.03333333333333333 0.14351851851851852
1 0.21588541666666666 0.7583333333333333 0.0609375 0.13518518518518519
1 0.47317708333333336 0.7467592592592592 0.0453125 0.14351851851851852
10 0.175 0.6675925925925926 0.015625 0.03518518518518519
