0 0.29259259259259257 0.8854166666666666 0.41388888888888886 1.0
0 0.4537037037037037 0.8911458333333333 0.562037037037037 1.0
0 0.6546296296296297 0.8838541666666667 0.7231481481481481 1.0
12 0.4287037037037037 0.4432291666666667 0.6675925925925926 0.565625
14 0.003703703703703704 0.78125 0.9768518518518519 0.8130208333333333
1 0.4722222222222222 0.9296875 0.5518518518518518 1.0
1 0.30925925925925923 0.9177083333333333 0.4 1.0
1 0.6509259259259259 0.9109375 0.7111111111111111 0.9708333333333333
2 0.3314814814814815 0.8864583333333333 0.3787037037037037 0.9015625
2 0.45555555555555555 0.8921875 0.5101851851851852 0.9125
2 0.6648148148148149 0.8864583333333333 0.700925925925926 0.8979166666666667
11 0.05740740740740741 0.9427083333333334 0.18796296296296297 0.9791666666666666
