0 0.0015625 0.7083333333333334 0.021354166666666667 0.9666666666666667
0 0.16666666666666666 0.6861111111111111 0.24427083333333333 1.0
0 0.2921875 0.7092592592592593 0.375 1.0
0 0.39114583333333336 0.7240740740740741 0.465625 0.9907407407407407
3 0.7630208333333334 0.7944444444444444 0.8427083333333333 0.9194444444444444
2 0.0010416666666666667 0.712037037037037 0.01875 0.7481481481481481
2 0.1875 0.687962962962963 0.22864583333333333 0.7398148148148148
2 0.3140625 0.7046296296296296 0.35052083333333334 0.7638888888888888
2 0.41770833333333335 0.7333333333333333 0.4390625 0.7722222222222223
1 0.16354166666666667 0.7620370370370371 0.2375 0.9444444444444444
1 0.2994791666666667 0.775 0.36302083333333335 0.9518518518518518
1 0.403125 0.7777777777777778 0.43802083333333336 0.887962962962963
