12 0.5388888888888889 0.528125 0.23703703703703705 0.14791666666666667
14 0.8291666666666667 0.01953125 0.03796296296296296 0.016145833333333335
14 0.8439814814814814 0.0828125 0.03981481481481482 0.015625
14 0.8555555555555555 0.15260416666666668 0.046296296296296294 0.014583333333333334
14 0.8777777777777778 0.23515625 0.046296296296296294 0.0109375
14 0.8888888888888888 0.31484375 0.05 0.013020833333333334
14 0.9046296296296297 0.42473958333333334 0.040740740740740744 0.0140625
14 0.924074074074074 0.51875 0.037037037037037035 0.015625
14 0.9828703703703704 0.5513020833333333 0.03425925925925926 0.022395833333333334
14 0.9412037037037037 0.62421875 0.03796296296296296 0.011979166666666667
14 0.9689814814814814 0.7338541666666667 0.03796296296296296 0.015625
14 0.9175925925925926 0.74453125 0.03888888888888889 0.0484375
14 0.5027777777777778 0.8408854166666667 0.9944444444444445 0.0234375
14 0.2152777777777778 0.89140625 0.1675925925925926 0.019270833333333334
0 0.6569444444444444 0.9669270833333333 0.0824074074074074 0.06614583333333333
0 0.4847222222222222 0.96328125 0.15092592592592594 0.0734375
0 0.3106481481481482 0.96484375 0.1287037037037037 0.0703125
2 0.4625 0.9434895833333333 0.07314814814814814 0.025520833333333333
2 0.6560185185185186 0.940625 0.03981481481481482 0.01875
1 0.6509259259259259 0.9765625 0.05925925925925926 0.041666666666666664
1 0.31296296296296294 0.9791666666666666 0.08518518518518518 0.041666666666666664
1 0.4759259259259259 0.98515625 0.09074074074074075 0.0296875
