0 0.0328125 0.6953703703703704 0.10989583333333333 1.0
0 0.15885416666666666 0.7212962962962963 0.2390625 1.0
0 0.28541666666666665 0.7351851851851852 0.3546875 1.0
2 0.057291666666666664 0.7046296296296296 0.10364583333333334 0.7592592592592593
2 0.1828125 0.725925925925926 0.215625 0.7648148148148148
2 0.31197916666666664 0.7342592592592593 0.3411458333333333 0.7685185185185185
1 0.043229166666666666 0.7712962962962963 0.109375 0.9453703703703704
1 0.16614583333333333 0.7814814814814814 0.22552083333333334 0.9314814814814815
1 0.296875 0.7842592592592592 0.34427083333333336 0.8870370370370371
14 0.7864583333333334 0.6509259259259259 0.8140625 0.737037037037037
13 0.746875 0.6277777777777778 1.0 0.8064814814814815
