0 0.0020833333333333333 0.725925925925926 0.016666666666666666 0.9601851851851851
0 0.12395833333333334 0.6861111111111111 0.190625 1.0
0 0.23958333333333334 0.700925925925926 0.30625 1.0
0 0.35572916666666665 0.7074074074074074 0.40520833333333334 0.9768518518518519
2 0.0005208333333333333 0.7175925925925926 0.014583333333333334 0.7518518518518519
2 0.14270833333333333 0.6888888888888889 0.17239583333333333 0.7379629629629629
2 0.2552083333333333 0.7018518518518518 0.290625 0.7407407407407407
2 0.36614583333333334 0.7083333333333334 0.3932291666666667 0.7416666666666667
1 0.0015625 0.7805555555555556 0.013541666666666667 0.8694444444444445
1 0.12291666666666666 0.7592592592592593 0.18958333333333333 0.9074074074074074
1 0.24166666666666667 0.7620370370370371 0.3 0.9101851851851852
1 0.35833333333333334 0.7546296296296297 0.3958333333333333 0.8657407407407407
11 0.35 0.9416666666666667 0.5911458333333334 1.0
14 0.8557291666666667 0.6083333333333333 0.8822916666666667 0.6907407407407408
13 0.8109375 0.5842592592592593 1.0 0.7435185185185185
