12 0.2953125 0.16666666666666666 0.36354166666666665 0.27037037037037037
6 0.0020833333333333333 0.8759259259259259 0.178125 1.0
14 0.028125 0.6472222222222223 0.0734375 0.6981481481481482
14 0.07760416666666667 0.6694444444444444 0.15104166666666666 0.7490740740740741
14 0.1484375 0.7203703703703703 0.2234375 0.8018518518518518
11 0.6510416666666666 0.962037037037037 0.7755208333333333 1.0
11 0.8213541666666667 0.9527777777777777 0.9484375 1.0
0 0.4484375 0.8398148148148148 0.490625 1.0
0 0.35208333333333336 0.8537037037037037 0.40260416666666665 1.0
0 0.22916666666666666 0.875 0.24479166666666666 0.9351851851851852
0 0.24791666666666667 0.8685185185185185 0.26145833333333335 0.9333333333333333
2 0.4609375 0.8407407407407408 0.4791666666666667 0.8731481481481481
2 0.3640625 0.8564814814814815 0.38229166666666664 0.8898148148148148
2 0.38125 0.862037037037037 0.39739583333333334 0.887962962962963
2 0.25104166666666666 0.8694444444444445 0.25677083333333334 0.8805555555555555
2 0.2328125 0.875 0.23958333333333334 0.8842592592592593
1 0.23229166666666667 0.8870370370370371 0.2421875 0.9120370370370371
1 0.24791666666666667 0.8824074074074074 0.2604166666666667 0.9083333333333333
1 0.4552083333333333 0.8777777777777778 0.4864583333333333 0.9546296296296296
1 0.359375 0.8972222222222223 0.39427083333333335 0.9851851851851852
