0 0.17109375 0.6884259259259259 0.06197916666666667 0.27314814814814814
0 0.25885416666666666 0.7069444444444445 0.05 0.2953703703703704
0 0.35572916666666665 0.736574074074074 0.06145833333333333 0.36203703703703705
0 0.390625 0.7296296296296296 0.04479166666666667 0.30925925925925923
0 0.54296875 0.649537037037037 0.0640625 0.14166666666666666
3 0.37421875 0.7527777777777778 0.1453125 0.12777777777777777
2 0.16927083333333334 0.5694444444444444 0.020833333333333332 0.03333333333333333
2 0.2674479166666667 0.5763888888888888 0.027604166666666666 0.032407407407407406
2 0.34739583333333335 0.5791666666666667 0.03125 0.03981481481481482
2 0.39348958333333334 0.5958333333333333 0.025520833333333333 0.03425925925925926
2 0.534375 0.6046296296296296 0.026041666666666668 0.046296296296296294
1 0.25703125 0.6754629629629629 0.034895833333333334 0.12685185185185185
1 0.3489583333333333 0.6768518518518518 0.04895833333333333 0.13703703703703704
1 0.3921875 0.6953703703703704 0.0375 0.1259259259259259
1 0.5328125 0.6680555555555555 0.04791666666666667 0.0824074074074074
12 0.63125 0.20277777777777778 0.11354166666666667 0.22777777777777777
13 0.79296875 0.6972222222222222 0.41302083333333334 0.1574074074074074
