12 0.3125 0.000925925925925926 0.36614583333333334 0.1037037037037037
14 0.36770833333333336 0.000925925925925926 0.509375 0.18888888888888888
14 0.9145833333333333 0.5916666666666667 0.9515625 0.6564814814814814
14 0.8619791666666666 0.6666666666666666 0.8958333333333334 0.7185185185185186
14 0.8963541666666667 0.27870370370370373 0.9244791666666666 0.3314814814814815
2 0.0578125 0.9537037037037037 0.10833333333333334 1.0
0 0.6958333333333333 0.9203703703703704 0.7208333333333333 0.9814814814814815
0 0.7484375 0.9101851851851852 0.7677083333333333 0.9601851851851851
14 0.8 0.9398148148148148 0.809375 0.9722222222222222
0 0.7796875 0.9138888888888889 0.790625 0.9648148148148148
2 0.7505208333333333 0.9083333333333333 0.7625 0.9212962962962963
1 0.7520833333333333 0.9314814814814815 0.7661458333333333 0.9564814814814815
1 0.6989583333333333 0.937037037037037 0.7171875 0.9768518518518519
