12 0.47734375 0.09722222222222222 0.0984375 0.17962962962962964
14 0.9033854166666667 0.663425925925926 0.0203125 0.058333333333333334
0 0.24375 0.8606481481481482 0.09270833333333334 0.27870370370370373
0 0.4361979166666667 0.8217592592592593 0.04739583333333333 0.19537037037037036
0 0.10104166666666667 0.8523148148148149 0.06979166666666667 0.2953703703703704
2 0.10260416666666666 0.7314814814814815 0.036458333333333336 0.053703703703703705
2 0.24635416666666668 0.7421296296296296 0.028125 0.05277777777777778
2 0.43723958333333335 0.7458333333333333 0.021354166666666667 0.03796296296296296
1 0.10182291666666667 0.8518518518518519 0.06510416666666667 0.15555555555555556
1 0.24036458333333333 0.8583333333333333 0.05260416666666667 0.15185185185185185
1 0.43515625 0.8157407407407408 0.0296875 0.08703703703703704
