0 0.13541666666666666 0.8486111111111111 0.06354166666666666 0.30277777777777776
0 0.246875 0.8587962962962963 0.07708333333333334 0.2824074074074074
0 0.44921875 0.8361111111111111 0.04739583333333333 0.23148148148148148
12 0.46458333333333335 0.14027777777777778 0.08125 0.14351851851851852
14 0.9309895833333334 0.6657407407407407 0.0265625 0.06111111111111111
1 0.13515625 0.8481481481481481 0.06302083333333333 0.1574074074074074
1 0.24348958333333334 0.8481481481481481 0.06302083333333333 0.15
1 0.4510416666666667 0.8115740740740741 0.035416666666666666 0.08981481481481482
2 0.13072916666666667 0.725462962962963 0.0375 0.049074074074074076
2 0.24270833333333333 0.737037037037037 0.03333333333333333 0.03888888888888889
2 0.44453125 0.736574074074074 0.019270833333333334 0.030555555555555555
