8 0.00625 0.7046296296296296 0.1875 0.7907407407407407
7 0.0005208333333333333 0.45555555555555555 0.125 0.5703703703703704
11 0.21875 0.42962962962962964 0.278125 0.524074074074074
6 0.2609375 0.4212962962962963 0.5484375 0.5879629629629629
6 0.5958333333333333 0.41388888888888886 0.6541666666666667 0.5388888888888889
3 0.4 0.5740740740740741 0.7364583333333333 0.8731481481481481
12 0.4921875 0.000925925925925926 0.5390625 0.24259259259259258
0 0.5380208333333333 0.3537037037037037 0.6057291666666667 0.5814814814814815
0 0.6869791666666667 0.35555555555555557 0.7661458333333333 0.725
0 0.6916666666666667 0.2898148148148148 0.7255208333333333 0.35462962962962963
0 0.5854166666666667 0.32222222222222224 0.6255208333333333 0.40370370370370373
1 0.6911458333333333 0.425 0.7651041666666667 0.5712962962962963
1 0.5479166666666667 0.42592592592592593 0.60625 0.5740740740740741
1 0.6921875 0.3074074074074074 0.7166666666666667 0.3527777777777778
1 0.5869791666666667 0.3425925925925926 0.6067708333333334 0.3824074074074074
2 0.5395833333333333 0.35462962962962963 0.5796875 0.39444444444444443
2 0.6895833333333333 0.35462962962962963 0.725 0.40370370370370373
2 0.7109375 0.2898148148148148 0.7234375 0.3101851851851852
14 0.5463541666666667 0.06574074074074074 0.6270833333333333 0.1527777777777778
14 0.715625 0.000925925925925926 0.975 0.09444444444444444
