11 0.6838541666666667 0.8611111111111112 0.18541666666666667 0.24259259259259258
12 0.3653645833333333 0.028703703703703703 0.08385416666666666 0.05555555555555555
0 0.2833333333333333 0.6796296296296296 0.06875 0.3907407407407407
13 0.07109375 0.5342592592592592 0.14114583333333333 0.06481481481481481
14 0.3338541666666667 0.4027777777777778 0.10520833333333333 0.07592592592592592
14 0.228125 0.35555555555555557 0.10208333333333333 0.08148148148148149
14 0.08854166666666667 0.287962962962963 0.16875 0.1388888888888889
1 0.2799479166666667 0.6138888888888889 0.0640625 0.13518518518518519
2 0.28020833333333334 0.5138888888888888 0.03229166666666667 0.05
10 0.12942708333333333 0.5337962962962963 0.016145833333333335 0.03796296296296296
