12 0.44635416666666666 0.06527777777777778 0.10833333333333334 0.1287037037037037
13 0.12734375 0.6680555555555555 0.2328125 0.06944444444444445
0 0.27630208333333334 0.8138888888888889 0.06927083333333334 0.37222222222222223
0 0.3645833333333333 0.8291666666666667 0.08125 0.30833333333333335
0 0.4921875 0.6689814814814815 0.009375 0.028703703703703703
1 0.49270833333333336 0.6717592592592593 0.007291666666666667 0.01574074074074074
2 0.49192708333333335 0.6583333333333333 0.005729166666666666 0.007407407407407408
2 0.27682291666666664 0.6560185185185186 0.03802083333333333 0.041666666666666664
2 0.39010416666666664 0.7134259259259259 0.030208333333333334 0.05462962962962963
1 0.3494791666666667 0.7805555555555556 0.05 0.11666666666666667
1 0.2734375 0.7615740740740741 0.05520833333333333 0.13240740740740742
14 0.08072916666666667 0.38842592592592595 0.09895833333333333 0.1175925925925926
14 0.19791666666666666 0.44027777777777777 0.10208333333333333 0.0787037037037037
14 0.2877604166666667 0.48009259259259257 0.06302083333333333 0.062037037037037036
14 0.35078125 0.5069444444444444 0.04739583333333333 0.04722222222222222
14 0.4322916666666667 0.5476851851851852 0.11354166666666667 0.06759259259259259
11 0.6580729166666667 0.9685185185185186 0.11927083333333334 0.06296296296296296
10 0.23125 0.6736111111111112 0.013541666666666667 0.04351851851851852
