8 0.05755208333333333 0.8768518518518519 0.1140625 0.05
3 0.4583333333333333 0.7981481481481482 0.26145833333333335 0.21296296296296297
12 0.44479166666666664 0.3638888888888889 0.059375 0.28888888888888886
6 0.11458333333333333 0.6680555555555555 0.228125 0.15833333333333333
6 0.3302083333333333 0.6439814814814815 0.08020833333333334 0.125
6 0.25677083333333334 0.6152777777777778 0.052083333333333336 0.06018518518518518
0 0.26510416666666664 0.7555555555555555 0.08020833333333334 0.2722222222222222
0 0.7330729166666666 0.6828703703703703 0.0703125 0.36203703703703705
0 0.3098958333333333 0.5365740740740741 0.035416666666666666 0.06944444444444445
0 0.3796875 0.5254629629629629 0.01875 0.1175925925925926
1 0.30364583333333334 0.5333333333333333 0.016666666666666666 0.03518518518518519
1 0.37838541666666664 0.5078703703703704 0.015104166666666667 0.04537037037037037
1 0.25677083333333334 0.7092592592592593 0.05520833333333333 0.12962962962962962
1 0.73828125 0.6263888888888889 0.0515625 0.1287037037037037
14 0.7661458333333333 0.5652777777777778 0.022916666666666665 0.062037037037037036
14 0.2916666666666667 0.3162037037037037 0.109375 0.05648148148148148
14 0.60234375 0.2652777777777778 0.25364583333333335 0.09537037037037037
14 0.8546875 0.2162037037037037 0.17916666666666667 0.08055555555555556
2 0.728125 0.5287037037037037 0.036458333333333336 0.044444444444444446
2 0.27708333333333335 0.6407407407407407 0.028125 0.04814814814814815
2 0.3846354166666667 0.475462962962963 0.0109375 0.01574074074074074
10 0.2716145833333333 0.562037037037037 0.0296875 0.05185185185185185
