12 0.35208333333333336 0.20925925925925926 0.39791666666666664 0.3055555555555556
14 0.6359375 0.2 0.6625 0.2796296296296296
14 0.7177083333333333 0.2611111111111111 0.7802083333333333 0.36018518518518516
14 0.8005208333333333 0.6240740740740741 0.9015625 0.6657407407407407
10 0.6729166666666667 0.7842592592592592 0.7244791666666667 0.8592592592592593
0 0.28020833333333334 0.8101851851851852 0.31302083333333336 0.962037037037037
0 0.4088541666666667 0.8046296296296296 0.4322916666666667 0.875
2 0.28489583333333335 0.8138888888888889 0.2994791666666667 0.8342592592592593
2 0.4125 0.8074074074074075 0.4234375 0.825925925925926
1 0.4114583333333333 0.8277777777777777 0.43072916666666666 0.8638888888888889
1 0.28229166666666666 0.8351851851851851 0.30572916666666666 0.899074074074074
