8 0.09401041666666667 0.763425925925926 0.1828125 0.09907407407407408
6 0.2994791666666667 0.5370370370370371 0.275 0.15185185185185185
6 0.46145833333333336 0.513425925925926 0.04895833333333333 0.12129629629629629
3 0.5408854166666667 0.6981481481481482 0.3026041666666667 0.22407407407407406
12 0.49973958333333335 0.1712962962962963 0.04739583333333333 0.2796296296296296
11 0.12526041666666668 0.5185185185185185 0.06614583333333333 0.11666666666666667
0 0.67734375 0.5597222222222222 0.07239583333333334 0.36574074074074076
0 0.5002604166666667 0.4930555555555556 0.059895833333333336 0.1935185185185185
0 0.5716145833333334 0.38981481481481484 0.024479166666666666 0.12962962962962962
0 0.47109375 0.4041666666666667 0.0234375 0.075
1 0.6799479166666667 0.5106481481481482 0.0484375 0.13796296296296295
1 0.49895833333333334 0.5143518518518518 0.05 0.11574074074074074
1 0.5721354166666667 0.37407407407407406 0.0171875 0.05185185185185185
1 0.47239583333333335 0.40324074074074073 0.013541666666666667 0.041666666666666664
2 0.503125 0.41898148148148145 0.027083333333333334 0.03611111111111111
2 0.5768229166666666 0.3351851851851852 0.011979166666666667 0.014814814814814815
2 0.6606770833333333 0.4023148148148148 0.03802083333333333 0.04351851851851852
14 0.9828125 0.4361111111111111 0.03125 0.07962962962962963
14 0.7690104166666667 0.08888888888888889 0.3515625 0.1425925925925926
14 0.4361979166666667 0.17592592592592593 0.07135416666666666 0.05925925925925926
10 0.43697916666666664 0.42777777777777776 0.027083333333333334 0.046296296296296294
