12 0.4244791666666667 0.008333333333333333 0.5166666666666667 0.17592592592592593
14 0.884375 0.6083333333333333 0.9104166666666667 0.6796296296296296
11 0.290625 0.9259259259259259 0.5708333333333333 0.9990740740740741
11 0.709375 0.9166666666666666 0.8317708333333333 1.0
0 0.4005208333333333 0.6935185185185185 0.44583333333333336 0.8861111111111111
0 0.18958333333333333 0.6805555555555556 0.26197916666666665 1.0
0 0.053125 0.6666666666666666 0.12864583333333332 1.0
2 0.06354166666666666 0.6675925925925926 0.11302083333333333 0.7203703703703703
2 0.20520833333333333 0.6814814814814815 0.24947916666666667 0.7351851851851852
2 0.41302083333333334 0.6916666666666667 0.43697916666666664 0.7305555555555555
1 0.4114583333333333 0.7398148148148148 0.43854166666666666 0.8203703703703704
1 0.19479166666666667 0.7481481481481481 0.2557291666666667 0.8972222222222223
1 0.06197916666666667 0.7379629629629629 0.1296875 0.8916666666666667
