0 0.6552083333333333 0.5324074074074074 0.7385416666666667 0.862037037037037
0 0.4640625 0.5435185185185185 0.5229166666666667 0.6796296296296296
0 0.20416666666666666 0.48333333333333334 0.3177083333333333 0.7342592592592593
2 0.2390625 0.4981481481481482 0.271875 0.5259259259259259
2 0.4817708333333333 0.5435185185185185 0.50625 0.5777777777777777
2 0.6734375 0.5351851851851852 0.7057291666666666 0.5731481481481482
1 0.47708333333333336 0.5879629629629629 0.5041666666666667 0.6481481481481481
1 0.6744791666666666 0.5990740740740741 0.7203125 0.6990740740740741
3 0.4109375 0.6351851851851852 0.559375 0.8916666666666667
3 0.5661458333333333 0.6583333333333333 0.7619791666666667 0.8379629629629629
6 0.8536458333333333 0.5805555555555556 0.9416666666666667 0.7314814814814815
6 0.9442708333333333 0.5824074074074074 1.0 0.7203703703703703
7 0.3890625 0.5907407407407408 0.43645833333333334 0.6342592592592593
7 0.7166666666666667 0.5972222222222222 0.7890625 0.6574074074074074
12 0.4192708333333333 0.19166666666666668 0.5322916666666667 0.3925925925925926
14 0.384375 0.5120370370370371 0.540625 0.5324074074074074
14 0.0005208333333333333 0.24259259259259258 0.06822916666666666 0.31296296296296294
14 0.0109375 0.000925925925925926 0.053125 0.046296296296296294
