0 0.015364583333333333 0.8060185185185185 0.0296875 0.31574074074074077
0 0.17942708333333332 0.8069444444444445 0.0765625 0.3861111111111111
0 0.3151041666666667 0.8162037037037037 0.07395833333333333 0.3675925925925926
0 0.46953125 0.7620370370370371 0.0546875 0.22777777777777777
12 0.45364583333333336 0.047685185185185185 0.08958333333333333 0.09351851851851851
14 0.9265625 0.6101851851851852 0.020833333333333332 0.053703703703703705
11 0.5299479166666666 0.9495370370370371 0.27447916666666666 0.09351851851851851
2 0.18177083333333333 0.6361111111111111 0.03333333333333333 0.046296296296296294
2 0.015885416666666666 0.6615740740740741 0.0203125 0.025
2 0.31015625 0.6513888888888889 0.03177083333333333 0.03981481481481482
2 0.46432291666666664 0.6625 0.016145833333333335 0.026851851851851852
1 0.47291666666666665 0.737037037037037 0.0375 0.08333333333333333
1 0.30963541666666666 0.774537037037037 0.05677083333333333 0.16203703703703703
1 0.18177083333333333 0.7722222222222223 0.07291666666666667 0.16296296296296298
1 0.01484375 0.7537037037037037 0.024479166666666666 0.10740740740740741
