12 0.43828125 0.14583333333333334 0.07552083333333333 0.17314814814814813
8 0.2864583333333333 0.8805555555555555 0.16666666666666666 0.2388888888888889
11 0.7192708333333333 0.8282407407407407 0.15416666666666667 0.0787037037037037
11 0.7981770833333334 0.8050925925925926 0.0828125 0.0824074074074074
14 0.853125 0.48009259259259257 0.028125 0.030555555555555555
14 0.73046875 0.3921296296296296 0.030729166666666665 0.04537037037037037
14 0.7721354166666666 0.3296296296296296 0.0296875 0.06851851851851852
0 0.59609375 0.8171296296296297 0.06822916666666666 0.36574074074074076
0 0.515625 0.7796296296296297 0.046875 0.2722222222222222
0 0.6575520833333334 0.7527777777777778 0.0328125 0.20925925925925926
0 0.68984375 0.6333333333333333 0.015104166666666667 0.05
0 0.6690104166666667 0.6342592592592593 0.016145833333333335 0.10740740740740741
2 0.6510416666666666 0.6606481481481481 0.017708333333333333 0.025
2 0.5841145833333333 0.663425925925926 0.0328125 0.04722222222222222
2 0.5184895833333333 0.6620370370370371 0.024479166666666666 0.03148148148148148
1 0.5182291666666666 0.7328703703703704 0.03229166666666667 0.08981481481481482
1 0.5958333333333333 0.7856481481481481 0.06666666666666667 0.1527777777777778
1 0.6609375 0.7273148148148149 0.023958333333333335 0.0824074074074074
2 0.4359375 0.6777777777777778 0.01875 0.014814814814814815
