11 0.9528645833333333 0.9185185185185185 0.09427083333333333 0.15
11 0.61484375 0.8972222222222223 0.14322916666666666 0.17962962962962964
12 0.3390625 0.05 0.0875 0.09814814814814815
0 0.23385416666666667 0.6972222222222222 0.07604166666666666 0.40185185185185185
1 0.23854166666666668 0.6324074074074074 0.05625 0.14444444444444443
2 0.23541666666666666 0.5277777777777778 0.034375 0.05185185185185185
14 0.3265625 0.41805555555555557 0.09895833333333333 0.09351851851851851
14 0.23359375 0.3699074074074074 0.0765625 0.0824074074074074
14 0.153125 0.33055555555555555 0.08333333333333333 0.09444444444444444
14 0.054427083333333334 0.27685185185185185 0.1078125 0.12962962962962962
13 0.06510416666666667 0.5268518518518519 0.12916666666666668 0.05925925925925926
10 0.11432291666666666 0.5375 0.0171875 0.03796296296296296
