12 0.42407407407407405 0.4432291666666667 0.6712962962962963 0.5885416666666666
14 0.8203703703703704 0.04479166666666667 0.8805555555555555 0.0734375
14 0.8296296296296296 0.11822916666666666 0.912962962962963 0.14010416666666667
14 0.8537037037037037 0.20677083333333332 0.9212962962962963 0.22864583333333333
14 0.8638888888888889 0.2833333333333333 0.9388888888888889 0.3020833333333333
14 0.8888888888888888 0.39375 0.9574074074074074 0.415625
14 0.9166666666666666 0.48854166666666665 0.9731481481481481 0.5057291666666667
14 0.9333333333333333 0.5927083333333333 0.9953703703703703 0.6135416666666667
14 0.9574074074074074 0.7046875 1.0 0.7239583333333334
14 0.9027777777777778 0.6989583333333333 0.9574074074074074 0.7520833333333333
14 0.001851851851851852 0.8119791666666667 0.9768518518518519 0.8322916666666667
14 0.14629629629629629 0.8630208333333333 0.3175925925925926 0.88125
11 0.025925925925925925 0.9625 0.1648148148148148 1.0
0 0.6194444444444445 0.9098958333333333 0.7074074074074074 0.9989583333333333
0 0.4287037037037037 0.9135416666666667 0.5611111111111111 1.0
0 0.2675925925925926 0.9067708333333333 0.3907407407407407 1.0
2 0.6444444444444445 0.9098958333333333 0.6898148148148148 0.9328125
2 0.4444444444444444 0.9098958333333333 0.5055555555555555 0.9411458333333333
1 0.6231481481481481 0.9364583333333333 0.7018518518518518 0.9942708333333333
1 0.4537037037037037 0.9552083333333333 0.5333333333333333 1.0
1 0.275 0.9395833333333333 0.3768518518518518 1.0
