12 0.4041666666666667 0.000925925925925926 0.5088541666666667 0.17222222222222222
13 0.00625 0.649074074074074 0.18541666666666667 0.7212962962962963
14 0.0020833333333333333 0.362962962962963 0.1734375 0.49537037037037035
14 0.18958333333333333 0.462037037037037 0.3203125 0.549074074074074
11 0.53125 0.9398148148148148 0.6411458333333333 1.0
0 0.43333333333333335 0.6620370370370371 0.5020833333333333 1.0
0 0.16979166666666667 0.6462962962962963 0.24010416666666667 1.0
0 0.4239583333333333 0.6583333333333333 0.43645833333333334 0.6962962962962963
2 0.42604166666666665 0.6592592592592592 0.4328125 0.6666666666666666
1 0.4276041666666667 0.6685185185185185 0.4348958333333333 0.687037037037037
2 0.47239583333333335 0.6638888888888889 0.5026041666666666 0.7083333333333334
1 0.43333333333333335 0.7092592592592593 0.48072916666666665 0.8472222222222222
2 0.19114583333333332 0.6481481481481481 0.22604166666666667 0.6898148148148148
1 0.17604166666666668 0.7101851851851851 0.23697916666666666 0.8407407407407408
10 0.159375 0.6703703703703704 0.17291666666666666 0.7055555555555556
