0 0.44166666666666665 0.8314814814814815 0.08125 0.26666666666666666
0 0.5200520833333333 0.8009259259259259 0.0453125 0.26481481481481484
0 0.9830729166666666 0.8333333333333334 0.033854166666666664 0.26296296296296295
0 0.2046875 0.7546296296296297 0.07395833333333333 0.1962962962962963
2 0.1953125 0.6754629629629629 0.027083333333333334 0.026851851851851852
2 0.4421875 0.711574074074074 0.021875 0.028703703703703703
2 0.5140625 0.6824074074074075 0.020833333333333332 0.02962962962962963
1 0.45807291666666666 0.7925925925925926 0.04635416666666667 0.10555555555555556
1 0.5203125 0.7625 0.03125 0.09537037037037037
3 0.39296875 0.8675925925925926 0.10677083333333333 0.20925925925925926
3 0.5520833333333334 0.8472222222222222 0.13645833333333332 0.14629629629629629
6 0.7479166666666667 0.7592592592592593 0.06875 0.11666666666666667
6 0.82109375 0.7597222222222222 0.0796875 0.1175925925925926
6 0.8921875 0.7550925925925925 0.07083333333333333 0.11388888888888889
6 0.9549479166666667 0.750462962962963 0.0578125 0.11944444444444445
3 0.0296875 0.8231481481481482 0.05625 0.16111111111111112
12 0.4427083333333333 0.47453703703703703 0.08958333333333333 0.16574074074074074
7 0.6153645833333333 0.7481481481481481 0.1171875 0.07407407407407407
14 0.8375 0.26944444444444443 0.05 0.07037037037037037
14 0.9690104166666667 0.43842592592592594 0.06197916666666667 0.08425925925925926
14 0.36354166666666665 0.6662037037037037 0.15208333333333332 0.03611111111111111
14 0.7809895833333333 0.41944444444444445 0.019270833333333334 0.03333333333333333
