0 0.06614583333333333 0.8037037037037037 0.08125 0.3925925925925926
0 0.20026041666666666 0.8143518518518519 0.07239583333333334 0.3712962962962963
0 0.3854166666666667 0.7606481481481482 0.057291666666666664 0.22870370370370371
12 0.36796875 0.06805555555555555 0.08802083333333334 0.13425925925925927
14 0.8450520833333334 0.6055555555555555 0.021354166666666667 0.05555555555555555
11 0.4080729166666667 0.9416666666666667 0.2765625 0.11666666666666667
2 0.06875 0.6314814814814815 0.034375 0.044444444444444446
2 0.19973958333333333 0.6518518518518519 0.030729166666666665 0.040740740740740744
2 0.396875 0.6657407407407407 0.019791666666666666 0.03518518518518519
1 0.19947916666666668 0.7643518518518518 0.057291666666666664 0.15462962962962962
1 0.06588541666666667 0.7592592592592593 0.07135416666666666 0.15925925925925927
1 0.3848958333333333 0.7305555555555555 0.03125 0.08888888888888889
