3 0.46328125 0.8689814814814815 0.2421875 0.18981481481481483
6 0.11927083333333334 0.749537037037037 0.22395833333333334 0.14351851851851852
6 0.3046875 0.7236111111111111 0.140625 0.11203703703703703
12 0.45338541666666665 0.4361111111111111 0.06614583333333333 0.25555555555555554
8 0.06666666666666667 0.9476851851851852 0.13020833333333334 0.06018518518518518
0 0.27890625 0.8652777777777778 0.08489583333333334 0.21574074074074073
0 0.784375 0.7800925925925926 0.06666666666666667 0.36018518518518516
0 0.3703125 0.6078703703703704 0.017708333333333333 0.11388888888888889
0 0.3098958333333333 0.6194444444444445 0.03229166666666667 0.07037037037037037
1 0.30364583333333334 0.6180555555555556 0.015625 0.041666666666666664
1 0.3690104166666667 0.5921296296296297 0.015104166666666667 0.04351851851851852
1 0.2703125 0.8078703703703703 0.06145833333333333 0.0787037037037037
1 0.78984375 0.7222222222222222 0.0515625 0.12962962962962962
2 0.7770833333333333 0.6157407407407407 0.03333333333333333 0.03518518518518519
2 0.37135416666666665 0.5592592592592592 0.011458333333333333 0.014814814814814815
14 0.2947916666666667 0.4009259259259259 0.109375 0.053703703703703705
14 0.6236979166666666 0.35509259259259257 0.2171875 0.0787037037037037
14 0.84375 0.32175925925925924 0.16875 0.07314814814814814
14 0.18333333333333332 0.024074074074074074 0.07916666666666666 0.046296296296296294
10 0.26953125 0.6439814814814815 0.0296875 0.04722222222222222
