0 0.01796875 0.8472222222222222 0.03177083333333333 0.3055555555555556
0 0.50703125 0.8162037037037037 0.0578125 0.3675925925925926
0 0.55078125 0.7847222222222222 0.03177083333333333 0.2324074074074074
0 0.575 0.8268518518518518 0.075 0.34074074074074073
0 0.809375 0.8134259259259259 0.16770833333333332 0.3731481481481482
3 0.6247395833333333 0.7666666666666667 0.0640625 0.0962962962962963
2 0.0125 0.7277777777777777 0.019791666666666666 0.046296296296296294
2 0.5140625 0.6597222222222222 0.030208333333333334 0.04722222222222222
2 0.5484375 0.6888888888888889 0.025 0.03518518518518519
2 0.5802083333333333 0.6856481481481481 0.027083333333333334 0.049074074074074076
2 0.771875 0.675 0.0875 0.09259259259259259
1 0.5096354166666667 0.7657407407407407 0.049479166666666664 0.13518518518518519
1 0.57734375 0.7800925925925926 0.043229166666666666 0.14537037037037037
1 0.8119791666666667 0.8759259259259259 0.140625 0.23333333333333334
12 0.38307291666666665 0.2412037037037037 0.06302083333333333 0.12314814814814815
