0 0.11979166666666667 0.8574074074074074 0.06979166666666667 0.2851851851851852
0 0.23411458333333332 0.8592592592592593 0.07760416666666667 0.2814814814814815
0 0.43776041666666665 0.8481481481481481 0.04739583333333333 0.22407407407407406
12 0.46041666666666664 0.14675925925925926 0.08020833333333334 0.13796296296296295
14 0.9130208333333333 0.6731481481481482 0.019791666666666666 0.05740740740740741
2 0.12083333333333333 0.7361111111111112 0.03958333333333333 0.04259259259259259
2 0.22760416666666666 0.7458333333333333 0.034375 0.05092592592592592
2 0.434375 0.7430555555555556 0.019791666666666666 0.025
1 0.11744791666666667 0.8652777777777778 0.06822916666666666 0.15833333333333333
1 0.23046875 0.861574074074074 0.059895833333333336 0.15648148148148147
1 0.44114583333333335 0.8189814814814815 0.03333333333333333 0.09907407407407408
