0 0.13046875 0.825 0.0734375 0.35
0 0.2390625 0.8342592592592593 0.07291666666666667 0.3314814814814815
0 0.440625 0.7976851851851852 0.05625 0.22314814814814815
12 0.43125 0.11481481481481481 0.08229166666666667 0.14074074074074075
14 0.9174479166666667 0.6430555555555556 0.019270833333333334 0.06388888888888888
11 0.43776041666666665 0.9708333333333333 0.2713541666666667 0.058333333333333334
1 0.12838541666666667 0.8018518518518518 0.06510416666666667 0.1537037037037037
1 0.2359375 0.8055555555555556 0.053125 0.15925925925925927
1 0.44088541666666664 0.7708333333333334 0.030729166666666665 0.09351851851851851
2 0.4393229166666667 0.7018518518518518 0.018229166666666668 0.03333333333333333
2 0.24010416666666667 0.6925925925925925 0.03125 0.046296296296296294
2 0.13385416666666666 0.674537037037037 0.03229166666666667 0.04722222222222222
