0 0.1046875 0.674074074074074 0.16979166666666667 1.0
0 0.2203125 0.6907407407407408 0.2916666666666667 1.0
0 0.43333333333333335 0.7 0.4822916666666667 0.9342592592592592
12 0.42291666666666666 0.05555555555555555 0.50625 0.20092592592592592
14 0.9244791666666666 0.6212962962962963 0.946875 0.6768518518518518
11 0.33958333333333335 0.9574074074074074 0.5916666666666667 0.9990740740740741
2 0.1171875 0.6759259259259259 0.15625 0.7268518518518519
2 0.234375 0.6925925925925925 0.26614583333333336 0.7361111111111112
2 0.44427083333333334 0.7018518518518518 0.4635416666666667 0.725
1 0.1046875 0.7490740740740741 0.1640625 0.9074074074074074
1 0.2203125 0.7546296296296297 0.2833333333333333 0.9027777777777778
1 0.44635416666666666 0.7462962962962963 0.475 0.8333333333333334
