13 0.07630208333333334 0.6236111111111111 0.13385416666666666 0.06018518518518518
11 0.57734375 0.9324074074074075 0.1140625 0.13518518518518519
12 0.4002604166666667 0.075 0.0953125 0.14814814814814814
0 0.16276041666666666 0.7865740740740741 0.08697916666666666 0.42685185185185187
0 0.4393229166666667 0.7703703703703704 0.059895833333333336 0.37777777777777777
0 0.40546875 0.6037037037037037 0.0109375 0.03518518518518519
0 0.010677083333333334 0.8018518518518518 0.0203125 0.3962962962962963
11 0.96875 0.9319444444444445 0.0625 0.1361111111111111
2 0.16119791666666666 0.6018518518518519 0.0359375 0.053703703703703705
2 0.4466145833333333 0.6032407407407407 0.034895833333333334 0.05277777777777778
2 0.4049479166666667 0.5930555555555556 0.005729166666666666 0.008333333333333333
1 0.40625 0.6060185185185185 0.00625 0.017592592592592594
1 0.16145833333333334 0.712037037037037 0.06354166666666666 0.1388888888888889
1 0.43072916666666666 0.7050925925925926 0.042708333333333334 0.13796296296296295
10 0.13619791666666667 0.6212962962962963 0.016145833333333335 0.03148148148148148
