7 0.034895833333333334 0.4583333333333333 0.20885416666666667 0.5666666666666667
8 0.021354166666666667 0.7138888888888889 0.21145833333333333 0.7953703703703704
11 0.3078125 0.4212962962962963 0.36770833333333336 0.49722222222222223
6 0.33697916666666666 0.4111111111111111 0.5005208333333333 0.5685185185185185
6 0.5770833333333333 0.387037037037037 0.7432291666666667 0.5305555555555556
3 0.4036458333333333 0.5787037037037037 0.7875 0.8833333333333333
12 0.49114583333333334 0.000925925925925926 0.5635416666666667 0.20277777777777778
0 0.4984375 0.32592592592592595 0.5817708333333333 0.5796296296296296
0 0.740625 0.31851851851851853 0.8515625 0.7537037037037037
0 0.7927083333333333 0.2361111111111111 0.825 0.3851851851851852
0 0.6786458333333333 0.287962962962963 0.7166666666666667 0.3768518518518518
2 0.5083333333333333 0.3277777777777778 0.5510416666666667 0.38333333333333336
2 0.7432291666666667 0.32222222222222224 0.7895833333333333 0.3824074074074074
2 0.8057291666666667 0.24351851851851852 0.8197916666666667 0.262037037037037
1 0.6822916666666666 0.31203703703703706 0.6989583333333333 0.3509259259259259
1 0.7958333333333333 0.26851851851851855 0.8192708333333333 0.32592592592592595
1 0.7557291666666667 0.4064814814814815 0.8395833333333333 0.5740740740740741
1 0.5041666666666667 0.4027777777777778 0.5703125 0.5722222222222222
14 0.07864583333333333 0.09722222222222222 0.1078125 0.1287037037037037
14 0.5973958333333333 0.032407407407407406 0.7130208333333333 0.12777777777777777
10 0.63125 0.33240740740740743 0.6619791666666667 0.39444444444444443
