11 0.6588541666666666 0.8018518518518518 0.8473958333333333 0.9907407407407407
12 0.3645833333333333 0.000925925925925926 0.4635416666666667 0.11296296296296296
0 0.3015625 0.5305555555555556 0.375 0.9314814814814815
2 0.3177083333333333 0.5398148148148149 0.3458333333333333 0.587037037037037
1 0.30052083333333335 0.600925925925926 0.3625 0.7407407407407407
13 0.0005208333333333333 0.5509259259259259 0.19270833333333334 0.6083333333333333
14 0.296875 0.38796296296296295 0.434375 0.4898148148148148
14 0.16875 0.33055555555555555 0.2942708333333333 0.4222222222222222
14 0.0005208333333333333 0.22870370370370371 0.165625 0.3814814814814815
10 0.1734375 0.562962962962963 0.19010416666666666 0.6018518518518519
