12 0.4473958333333333 0.09722222222222222 0.115625 0.1925925925925926
13 0.08489583333333334 0.7148148148148148 0.16875 0.06851851851851852
14 0.08125 0.46111111111111114 0.16145833333333334 0.10925925925925926
14 0.2375 0.5314814814814814 0.12604166666666666 0.08703703703703704
14 0.35885416666666664 0.5800925925925926 0.1125 0.06574074074074074
0 0.19869791666666667 0.8337962962962963 0.0703125 0.33240740740740743
0 0.39088541666666665 0.8430555555555556 0.07239583333333334 0.3138888888888889
0 0.4203125 0.7064814814814815 0.013541666666666667 0.03888888888888889
2 0.42083333333333334 0.6930555555555555 0.00625 0.008333333333333333
1 0.421875 0.7069444444444445 0.007291666666666667 0.017592592592592594
2 0.19505208333333332 0.6981481481481482 0.0328125 0.053703703703703705
2 0.3971354166666667 0.7143518518518519 0.033854166666666664 0.05462962962962963
1 0.38723958333333336 0.8148148148148148 0.0453125 0.13333333333333333
1 0.19348958333333333 0.8115740740740741 0.0609375 0.1398148148148148
10 0.15260416666666668 0.7199074074074074 0.01875 0.041666666666666664
