0 0.009114583333333334 0.7152777777777778 0.016145833333333335 0.22870370370370371
0 0.18802083333333333 0.7898148148148149 0.07708333333333334 0.4203703703703704
0 0.3098958333333333 0.8027777777777778 0.08125 0.39444444444444443
0 0.4127604166666667 0.7620370370370371 0.0984375 0.25555555555555554
2 0.008333333333333333 0.6236111111111111 0.015625 0.03425925925925926
2 0.18828125 0.6060185185185185 0.03697916666666667 0.05092592592592592
2 0.31015625 0.6236111111111111 0.03802083333333333 0.05277777777777778
2 0.40677083333333336 0.65 0.028125 0.03148148148148148
1 0.18489583333333334 0.7490740740740741 0.07395833333333333 0.1648148148148148
1 0.3065104166666667 0.75 0.059895833333333336 0.15925925925925927
1 0.40338541666666666 0.7333333333333333 0.03802083333333333 0.10555555555555556
