12 0.43828125 0.06712962962962964 0.10677083333333333 0.13240740740740742
11 0.66796875 0.9587962962962963 0.1171875 0.0824074074074074
0 0.2794270833333333 0.8037037037037037 0.06302083333333333 0.3925925925925926
0 0.33307291666666666 0.7944444444444444 0.0484375 0.34629629629629627
0 0.49140625 0.6504629629629629 0.0109375 0.03981481481481482
13 0.14140625 0.6291666666666667 0.20885416666666667 0.058333333333333334
1 0.27734375 0.7328703703703704 0.0515625 0.13796296296296295
1 0.32760416666666664 0.7458333333333333 0.034375 0.13240740740740742
2 0.34088541666666666 0.6462962962962963 0.028645833333333332 0.05
2 0.28671875 0.6287037037037037 0.0359375 0.037037037037037035
1 0.49244791666666665 0.6518518518518519 0.0067708333333333336 0.018518518518518517
2 0.4921875 0.6388888888888888 0.00625 0.009259259259259259
14 0.0984375 0.36203703703703705 0.12291666666666666 0.1259259259259259
14 0.20052083333333334 0.412962962962963 0.08854166666666667 0.08518518518518518
14 0.29270833333333335 0.4537037037037037 0.07604166666666666 0.05925925925925926
14 0.38828125 0.5009259259259259 0.1171875 0.07962962962962963
10 0.23255208333333333 0.6402777777777777 0.016145833333333335 0.03611111111111111
