12 0.4466145833333333 0.10185185185185185 0.1140625 0.20185185185185187
0 0.23203125 0.8435185185185186 0.07135416666666666 0.31296296296296294
0 0.33177083333333335 0.8625 0.06875 0.2712962962962963
0 0.45390625 0.7194444444444444 0.0109375 0.03148148148148148
2 0.45390625 0.7087962962962963 0.0067708333333333336 0.010185185185185186
1 0.4549479166666667 0.7217592592592592 0.0078125 0.017592592592592594
2 0.3502604166666667 0.7560185185185185 0.030729166666666665 0.04722222222222222
2 0.2328125 0.7101851851851851 0.035416666666666666 0.040740740740740744
1 0.22994791666666667 0.8166666666666667 0.05572916666666667 0.13333333333333333
1 0.32473958333333336 0.8439814814814814 0.050520833333333334 0.1287037037037037
13 0.09583333333333334 0.7273148148148149 0.190625 0.062037037037037036
14 0.040625 0.4476851851851852 0.075 0.08796296296296297
14 0.153125 0.4930555555555556 0.10416666666666667 0.07685185185185185
14 0.2721354166666667 0.5462962962962963 0.12135416666666667 0.07962962962962963
14 0.39401041666666664 0.5935185185185186 0.10885416666666667 0.07777777777777778
10 0.18880208333333334 0.7296296296296296 0.015104166666666667 0.040740740740740744
