13 0.08880208333333334 0.7138888888888889 0.1765625 0.06666666666666667
12 0.4627604166666667 0.10833333333333334 0.1046875 0.21481481481481482
14 0.08645833333333333 0.4546296296296296 0.171875 0.1259259259259259
14 0.24713541666666666 0.5217592592592593 0.1296875 0.0787037037037037
14 0.3703125 0.5712962962962963 0.11145833333333334 0.07407407407407407
0 0.20416666666666666 0.8333333333333334 0.07395833333333333 0.3333333333333333
0 0.4395833333333333 0.8393518518518519 0.06770833333333333 0.3212962962962963
0 0.4278645833333333 0.6930555555555555 0.0078125 0.026851851851851852
2 0.4276041666666667 0.6837962962962963 0.00625 0.010185185185185186
2 0.44505208333333335 0.7041666666666667 0.0296875 0.04722222222222222
1 0.42994791666666665 0.8069444444444445 0.04739583333333333 0.14166666666666666
1 0.20677083333333332 0.7967592592592593 0.06041666666666667 0.1361111111111111
10 0.16380208333333332 0.7106481481481481 0.016145833333333335 0.03796296296296296
