0 0.0984375 0.6611111111111111 0.178125 1.0
0 0.21822916666666667 0.6675925925925926 0.2984375 1.0
0 0.35572916666666665 0.675 0.4119791666666667 0.95
1 0.10572916666666667 0.7268518518518519 0.17395833333333333 0.8851851851851852
1 0.228125 0.7305555555555555 0.284375 0.8777777777777778
1 0.36666666666666664 0.7222222222222222 0.40208333333333335 0.8333333333333334
2 0.121875 0.6666666666666666 0.15677083333333333 0.7138888888888889
2 0.23645833333333333 0.6731481481481482 0.2765625 0.7175925925925926
2 0.3776041666666667 0.6787037037037037 0.4015625 0.7138888888888889
11 0.3338541666666667 0.8916666666666667 0.5802083333333333 1.0
14 0.8411458333333334 0.5851851851851851 0.86875 0.6638888888888889
14 0.5994791666666667 0.8740740740740741 0.8229166666666666 1.0
13 0.8114583333333333 0.5694444444444444 1.0 0.7083333333333334
