0 0.11979166666666667 0.7814814814814814 0.07916666666666666 0.43703703703703706
0 0.24114583333333334 0.7865740740740741 0.08125 0.41388888888888886
0 0.36171875 0.7310185185185185 0.0765625 0.2601851851851852
2 0.1171875 0.5888888888888889 0.03854166666666667 0.05
2 0.24192708333333332 0.6050925925925926 0.03697916666666667 0.049074074074074076
2 0.34817708333333336 0.6208333333333333 0.033854166666666664 0.028703703703703703
1 0.11692708333333333 0.7143518518518519 0.06927083333333334 0.15648148148148147
1 0.23802083333333332 0.7194444444444444 0.06041666666666667 0.1537037037037037
1 0.34713541666666664 0.7 0.03697916666666667 0.10555555555555556
11 0.4596354166666667 0.9222222222222223 0.2765625 0.15555555555555556
