12 0.4270833333333333 0.012962962962962963 0.525 0.17592592592592593
11 0.3385416666666667 0.9407407407407408 0.5760416666666667 1.0
14 0.8927083333333333 0.6138888888888889 0.9151041666666667 0.6796296296296296
11 0.7177083333333333 0.9259259259259259 0.84375 1.0
0 0.1984375 0.6944444444444444 0.2828125 1.0
0 0.40677083333333336 0.7138888888888889 0.4578125 0.9
0 0.058854166666666666 0.6796296296296296 0.14010416666666667 0.9981481481481481
2 0.07864583333333333 0.6888888888888889 0.12083333333333333 0.7425925925925926
2 0.22447916666666667 0.7 0.2630208333333333 0.7574074074074074
2 0.42604166666666665 0.712037037037037 0.4453125 0.7490740740740741
1 0.41822916666666665 0.7555555555555555 0.4484375 0.8481481481481481
1 0.21145833333333333 0.7657407407407407 0.26614583333333336 0.9194444444444444
1 0.06927083333333334 0.7592592592592593 0.13802083333333334 0.9101851851851852
