0 0.0890625 0.8379629629629629 0.07395833333333333 0.32407407407407407
0 0.22161458333333334 0.8449074074074074 0.07239583333333334 0.3101851851851852
0 0.4278645833333333 0.8166666666666667 0.0421875 0.23333333333333334
12 0.47161458333333334 0.10740740740740741 0.08489583333333334 0.15
14 0.9002604166666667 0.6587962962962963 0.0234375 0.058333333333333334
11 0.4328125 0.9791666666666666 0.2635416666666667 0.03611111111111111
2 0.09322916666666667 0.6949074074074074 0.0375 0.041666666666666664
2 0.21744791666666666 0.7134259259259259 0.03177083333333333 0.05092592592592592
2 0.4236979166666667 0.7199074074074074 0.019270833333333334 0.030555555555555555
1 0.0921875 0.8273148148148148 0.06666666666666667 0.1638888888888889
1 0.22057291666666667 0.8296296296296296 0.058854166666666666 0.14629629629629629
1 0.42864583333333334 0.7907407407407407 0.025 0.08703703703703704
