0 0.07421875 0.8305555555555556 0.0421875 0.3388888888888889
0 0.27317708333333335 0.8157407407407408 0.07447916666666667 0.3685185185185185
0 0.40520833333333334 0.8263888888888888 0.08333333333333333 0.3472222222222222
0 0.5359375 0.7935185185185185 0.04583333333333333 0.2574074074074074
2 0.078125 0.6773148148148148 0.03333333333333333 0.03611111111111111
2 0.27395833333333336 0.6550925925925926 0.036458333333333336 0.049074074074074076
2 0.4015625 0.6722222222222223 0.035416666666666666 0.04814814814814815
2 0.5302083333333333 0.6800925925925926 0.016666666666666666 0.026851851851851852
6 0.028645833333333332 0.8050925925925926 0.05625 0.13796296296296295
1 0.07369791666666667 0.7731481481481481 0.0421875 0.10740740740740741
1 0.27421875 0.799074074074074 0.07447916666666667 0.17592592592592593
1 0.40260416666666665 0.8060185185185185 0.06145833333333333 0.1787037037037037
