0 0.190625 0.7726851851851851 0.053125 0.30092592592592593
0 0.36432291666666666 0.7935185185185185 0.07239583333333334 0.412962962962963
0 0.48932291666666666 0.799074074074074 0.0640625 0.40185185185185185
0 0.6309895833333333 0.7384259259259259 0.049479166666666664 0.24537037037037038
11 0.7283854166666667 0.9435185185185185 0.2994791666666667 0.11296296296296296
1 0.184375 0.7175925925925926 0.034375 0.10925925925925926
1 0.36328125 0.7356481481481482 0.0640625 0.15833333333333333
1 0.4875 0.7449074074074075 0.05416666666666667 0.1712962962962963
1 0.6315104166666666 0.7087962962962963 0.0359375 0.09907407407407408
2 0.6286458333333333 0.6310185185185185 0.022916666666666665 0.025
2 0.4856770833333333 0.6231481481481481 0.03177083333333333 0.044444444444444446
2 0.36223958333333334 0.6055555555555555 0.033854166666666664 0.04259259259259259
2 0.18697916666666667 0.6305555555555555 0.027083333333333334 0.022222222222222223
