12 0.6533854166666667 0.19212962962962962 0.10989583333333333 0.24351851851851852
7 0.47734375 0.7449074074074075 0.09114583333333333 0.13055555555555556
13 0.8041666666666667 0.6819444444444445 0.39166666666666666 0.1361111111111111
7 0.953125 0.8287037037037037 0.09375 0.10185185185185185
7 0.8614583333333333 0.9092592592592592 0.10416666666666667 0.15
0 0.5421875 0.6759259259259259 0.042708333333333334 0.19814814814814816
0 0.39895833333333336 0.7342592592592593 0.057291666666666664 0.30185185185185187
0 0.3614583333333333 0.7472222222222222 0.058333333333333334 0.3611111111111111
0 0.27838541666666666 0.7222222222222222 0.05260416666666667 0.2962962962962963
0 0.19166666666666668 0.700925925925926 0.052083333333333336 0.2740740740740741
2 0.1875 0.5884259259259259 0.026041666666666668 0.03981481481481482
2 0.27239583333333334 0.5958333333333333 0.026041666666666668 0.04537037037037037
2 0.35703125 0.5861111111111111 0.033854166666666664 0.03888888888888889
2 0.38359375 0.6055555555555555 0.022395833333333334 0.040740740740740744
2 0.5502604166666667 0.600462962962963 0.033854166666666664 0.04351851851851852
1 0.5403645833333334 0.6865740740740741 0.05364583333333333 0.10648148148148148
1 0.3963541666666667 0.6990740740740741 0.026041666666666668 0.12222222222222222
1 0.35963541666666665 0.6833333333333333 0.049479166666666664 0.12962962962962962
1 0.27369791666666665 0.6837962962962963 0.044270833333333336 0.11574074074074074
