12 0.43984375 0.08472222222222223 0.12135416666666667 0.1675925925925926
13 0.08958333333333333 0.711574074074074 0.17604166666666668 0.06574074074074074
0 0.34036458333333336 0.8439814814814814 0.08177083333333333 0.31203703703703706
0 0.21041666666666667 0.8337962962962963 0.071875 0.33240740740740743
0 0.43515625 0.7027777777777777 0.0109375 0.03518518518518519
2 0.4356770833333333 0.6898148148148148 0.0046875 0.007407407407407408
2 0.35104166666666664 0.7143518518518519 0.03125 0.04537037037037037
2 0.21458333333333332 0.6939814814814815 0.034375 0.04351851851851852
1 0.21015625 0.8027777777777778 0.058854166666666666 0.1388888888888889
1 0.33984375 0.8236111111111111 0.04739583333333333 0.14907407407407408
1 0.43645833333333334 0.7050925925925926 0.007291666666666667 0.017592592592592594
14 0.090625 0.45601851851851855 0.171875 0.11574074074074074
14 0.2546875 0.5226851851851851 0.12291666666666666 0.08425925925925926
14 0.375 0.5768518518518518 0.11145833333333334 0.07962962962962963
10 0.16822916666666668 0.7148148148148148 0.016666666666666666 0.04259259259259259
