0 0.11666666666666667 0.7592592592592593 0.18697916666666667 1.0
0 0.2328125 0.7712962962962963 0.30625 1.0
0 0.353125 0.7796296296296297 0.3958333333333333 1.0
2 0.13697916666666668 0.7601851851851852 0.17083333333333334 0.8074074074074075
2 0.24947916666666667 0.7712962962962963 0.284375 0.8138888888888889
2 0.36875 0.7824074074074074 0.3921875 0.812962962962963
1 0.11770833333333333 0.8277777777777777 0.18072916666666666 0.9777777777777777
1 0.23958333333333334 0.8314814814814815 0.2916666666666667 0.975925925925926
1 0.359375 0.8287037037037037 0.390625 0.937962962962963
14 0.8546875 0.7018518518518518 0.8760416666666667 0.7527777777777778
13 0.8125 0.6370370370370371 1.0 0.8296296296296296
