12 0.39114583333333336 0.19074074074074074 0.453125 0.3148148148148148
14 0.36822916666666666 0.8731481481481481 0.4739583333333333 0.912962962962963
14 0.8614583333333333 0.4101851851851852 0.9244791666666666 0.5101851851851852
14 0.8302083333333333 0.000925925925925926 0.8911458333333333 0.11944444444444445
0 0.56875 0.9324074074074075 0.6 1.0
0 0.5302083333333333 0.9490740740740741 0.5703125 1.0
2 0.2828125 0.9638888888888889 0.3182291666666667 1.0
2 0.5416666666666666 0.9546296296296296 0.56875 0.9842592592592593
2 0.5755208333333334 0.9287037037037037 0.5911458333333334 0.950925925925926
1 0.5729166666666666 0.9611111111111111 0.5973958333333333 0.9972222222222222
7 0.6942708333333333 0.9731481481481481 0.834375 1.0
