0 0.1046875 0.8245370370370371 0.078125 0.3509259259259259
0 0.21666666666666667 0.8310185185185185 0.07395833333333333 0.33796296296296297
0 0.41822916666666665 0.799074074074074 0.051041666666666666 0.2222222222222222
12 0.41041666666666665 0.11388888888888889 0.084375 0.15
14 0.89765625 0.6462962962962963 0.021354166666666667 0.05555555555555555
11 0.42291666666666666 0.9703703703703703 0.2760416666666667 0.05740740740740741
2 0.21953125 0.6875 0.033854166666666664 0.04351851851851852
2 0.4315104166666667 0.7074074074074074 0.018229166666666668 0.03518518518518519
2 0.1140625 0.674537037037037 0.035416666666666666 0.04537037037037037
1 0.41875 0.7703703703703704 0.023958333333333335 0.0962962962962963
1 0.21744791666666666 0.8041666666666667 0.0578125 0.14907407407407408
1 0.103125 0.799537037037037 0.06354166666666666 0.15833333333333333
