0 0.058854166666666666 0.649074074074074 0.14010416666666667 1.0
0 0.18229166666666666 0.6537037037037037 0.25885416666666666 1.0
0 0.34270833333333334 0.6481481481481481 0.4109375 0.912962962962963
2 0.08020833333333334 0.6555555555555556 0.11458333333333333 0.7
2 0.19895833333333332 0.6564814814814814 0.23697916666666666 0.7046296296296296
2 0.35520833333333335 0.6592592592592592 0.37916666666666665 0.6888888888888889
1 0.0625 0.7194444444444444 0.13385416666666666 0.8768518518518519
1 0.19010416666666666 0.7138888888888889 0.2484375 0.8694444444444445
1 0.34791666666666665 0.6990740740740741 0.37864583333333335 0.8185185185185185
11 0.28802083333333334 0.8777777777777778 0.546875 1.0
11 0.5635416666666667 0.8351851851851851 0.8041666666666667 0.9944444444444445
14 0.8015625 0.537962962962963 0.8260416666666667 0.6111111111111112
13 0.7479166666666667 0.5092592592592593 1.0 0.6638888888888889
