12 0.3145833333333333 0.000925925925925926 0.3723958333333333 0.11944444444444445
14 0.375 0.014814814814814815 0.5020833333333333 0.21203703703703702
14 0.8552083333333333 0.6898148148148148 0.8848958333333333 0.7425925925925926
14 0.903125 0.6194444444444445 0.9411458333333333 0.6796296296296296
14 0.8479166666666667 0.06759259259259259 0.896875 0.08981481481481482
0 0.6869791666666667 0.9444444444444444 0.7135416666666666 1.0
0 0.7395833333333334 0.9361111111111111 0.759375 0.9953703703703703
0 0.7661458333333333 0.9314814814814815 0.7864583333333334 0.9990740740740741
1 0.6901041666666666 0.9666666666666667 0.7098958333333333 0.9990740740740741
1 0.7453125 0.9574074074074074 0.7572916666666667 0.9842592592592593
1 0.7734375 0.95 0.7864583333333334 0.9935185185185185
2 0.7442708333333333 0.9361111111111111 0.7557291666666667 0.95
14 0.8869791666666667 0.30833333333333335 0.9135416666666667 0.35555555555555557
