12 0.3140625 0.000925925925925926 0.3723958333333333 0.11018518518518519
14 0.9072916666666667 0.6064814814814815 0.9432291666666667 0.6648148148148149
14 0.8473958333333333 0.6777777777777778 0.890625 0.7379629629629629
14 0.37447916666666664 0.006481481481481481 0.5015625 0.20277777777777778
0 0.6895833333333333 0.9333333333333333 0.715625 1.0
0 0.7375 0.9194444444444444 0.7598958333333333 0.9796296296296296
0 0.7682291666666666 0.9259259259259259 0.7833333333333333 0.9842592592592593
1 0.7395833333333334 0.9435185185185185 0.7609375 0.9722222222222222
1 0.6916666666666667 0.9490740740740741 0.7109375 0.9953703703703703
2 0.7427083333333333 0.9231481481481482 0.7567708333333333 0.9388888888888889
14 0.8817708333333333 0.2916666666666667 0.9145833333333333 0.34444444444444444
