0 0.01171875 0.8388888888888889 0.022395833333333334 0.2851851851851852
0 0.2140625 0.8337962962962963 0.07708333333333334 0.33240740740740743
0 0.34453125 0.8444444444444444 0.08489583333333334 0.30925925925925923
0 0.44765625 0.8324074074074074 0.07447916666666667 0.25
3 0.8057291666666667 0.8277777777777777 0.078125 0.13518518518518519
2 0.010677083333333334 0.7152777777777778 0.0203125 0.03611111111111111
2 0.21302083333333333 0.6958333333333333 0.0375 0.05648148148148148
2 0.3424479166666667 0.7175925925925926 0.034895833333333334 0.05185185185185185
2 0.43020833333333336 0.7277777777777777 0.019791666666666666 0.027777777777777776
1 0.21015625 0.8407407407407408 0.07552083333333333 0.19074074074074074
1 0.33984375 0.8439814814814814 0.0671875 0.17314814814814813
1 0.43802083333333336 0.8023148148148148 0.03958333333333333 0.09351851851851851
1 0.01015625 0.8175925925925925 0.019270833333333334 0.11851851851851852
