0 0.11770833333333333 0.8527777777777777 0.08958333333333333 0.29444444444444445
0 0.22395833333333334 0.8587962962962963 0.07604166666666666 0.2824074074074074
0 0.5151041666666667 0.8675925925925926 0.04375 0.26481481481481484
2 0.11223958333333334 0.7273148148148149 0.033854166666666664 0.04351851851851852
2 0.22994791666666667 0.7472222222222222 0.03177083333333333 0.03888888888888889
2 0.515625 0.7578703703703704 0.026041666666666668 0.03425925925925926
1 0.10520833333333333 0.850462962962963 0.06458333333333334 0.15462962962962962
1 0.22161458333333334 0.8597222222222223 0.05572916666666667 0.15462962962962962
1 0.51796875 0.8472222222222222 0.0359375 0.11296296296296296
14 0.8283854166666667 0.725 0.024479166666666666 0.07407407407407407
13 0.8888020833333333 0.7393518518518518 0.22239583333333332 0.1527777777777778
