0 0.05026041666666667 0.8041666666666667 0.08177083333333333 0.39166666666666666
0 0.17109375 0.8027777777777778 0.07447916666666667 0.39444444444444443
0 0.33880208333333334 0.737037037037037 0.07135416666666666 0.24814814814814815
2 0.04739583333333333 0.6351851851851852 0.036458333333333336 0.05185185185185185
2 0.16953125 0.6328703703703704 0.04114583333333333 0.04722222222222222
2 0.34401041666666665 0.6337962962962963 0.022395833333333334 0.041666666666666664
1 0.05026041666666667 0.7564814814814815 0.07552083333333333 0.15555555555555556
1 0.1703125 0.7486111111111111 0.06041666666666667 0.15092592592592594
1 0.3294270833333333 0.7087962962962963 0.03802083333333333 0.10648148148148148
11 0.38255208333333335 0.9143518518518519 0.26614583333333336 0.1712962962962963
11 0.6309895833333333 0.8768518518518519 0.24010416666666667 0.16296296296296298
14 0.76015625 0.5375 0.016145833333333335 0.06944444444444445
13 0.8544270833333333 0.524537037037037 0.2859375 0.18611111111111112
