0 0.7046875 0.9305555555555556 0.7265625 1.0
0 0.7536458333333333 0.9175925925925926 0.7760416666666666 0.9953703703703703
2 0.3260416666666667 0.9740740740740741 0.3609375 1.0
2 0.7583333333333333 0.924074074074074 0.7723958333333333 0.9407407407407408
1 0.70625 0.95 0.725 0.9972222222222222
1 0.7557291666666667 0.9453703703703704 0.7729166666666667 0.975
1 0.7880208333333333 0.9416666666666667 0.8020833333333334 0.9916666666666667
12 0.31302083333333336 0.002777777777777778 0.3734375 0.11296296296296296
14 0.36614583333333334 0.000925925925925926 0.5338541666666666 0.20092592592592592
14 0.921875 0.6138888888888889 0.96875 0.6759259259259259
14 0.8708333333333333 0.044444444444444446 0.9380208333333333 0.11944444444444445
