0 0.04401041666666667 0.7689814814814815 0.08385416666666666 0.42314814814814816
0 0.17395833333333333 0.7666666666666667 0.084375 0.40555555555555556
0 0.37578125 0.7041666666666667 0.07760416666666667 0.23055555555555557
1 0.03697916666666667 0.7092592592592593 0.06666666666666667 0.15925925925925927
1 0.17135416666666667 0.7037037037037037 0.05520833333333333 0.14814814814814814
1 0.3640625 0.6703703703703704 0.04479166666666667 0.08703703703703704
2 0.03619791666666667 0.5861111111111111 0.034895833333333334 0.05185185185185185
2 0.17395833333333333 0.5925925925925926 0.035416666666666666 0.053703703703703705
2 0.37786458333333334 0.6101851851851852 0.021354166666666667 0.02962962962962963
11 0.35859375 0.8907407407407407 0.25364583333333335 0.2
11 0.6265625 0.8495370370370371 0.25416666666666665 0.1712962962962963
14 0.7541666666666667 0.5157407407407407 0.027083333333333334 0.07962962962962963
13 0.85 0.5527777777777778 0.3 0.17407407407407408
