0 0.02421875 0.8310185185185185 0.04739583333333333 0.33796296296296297
0 0.2 0.8379629629629629 0.06875 0.32407407407407407
0 0.2864583333333333 0.8398148148148148 0.058333333333333334 0.32037037037037036
1 0.02421875 0.8092592592592592 0.04739583333333333 0.17037037037037037
1 0.19583333333333333 0.8106481481481481 0.05416666666666667 0.1361111111111111
1 0.28671875 0.8009259259259259 0.0515625 0.12962962962962962
2 0.02421875 0.6828703703703703 0.0359375 0.03981481481481482
2 0.19348958333333333 0.7023148148148148 0.034895833333333334 0.04722222222222222
2 0.28932291666666665 0.7143518518518519 0.034895833333333334 0.06759259259259259
12 0.45 0.25462962962962965 0.13229166666666667 0.2574074074074074
7 0.1296875 0.8814814814814815 0.09166666666666666 0.16111111111111112
7 0.6 0.95 0.12083333333333333 0.1
7 0.6635416666666667 0.8847222222222222 0.13541666666666666 0.1398148148148148
7 0.7921875 0.8768518518518519 0.16041666666666668 0.12962962962962962
14 0.86875 0.6666666666666666 0.07604166666666666 0.10185185185185185
13 0.5325520833333334 0.7541666666666667 0.6098958333333333 0.10833333333333334
