0 0.496875 0.7527777777777778 0.5302083333333333 0.9009259259259259
0 0.6197916666666666 0.7555555555555555 0.7036458333333333 1.0
0 0.8151041666666666 0.7305555555555555 0.8776041666666666 0.8962962962962963
1 0.5015625 0.7768518518518519 0.528125 0.8518518518518519
1 0.6395833333333333 0.8277777777777777 0.6953125 0.9324074074074075
1 0.81875 0.7805555555555556 0.8692708333333333 0.8972222222222223
2 0.5088541666666667 0.7527777777777778 0.5208333333333334 0.774074074074074
2 0.6432291666666666 0.7666666666666667 0.6802083333333333 0.8111111111111111
2 0.8322916666666667 0.7407407407407407 0.8609375 0.7777777777777778
12 0.3807291666666667 0.4166666666666667 0.45364583333333336 0.5287037037037037
3 0.8161458333333333 0.8851851851851852 1.0 0.9990740740740741
3 0.0734375 0.8833333333333333 0.346875 1.0
3 0.0010416666666666667 0.8194444444444444 0.13489583333333333 1.0
3 0.33541666666666664 0.8537037037037037 0.49322916666666666 1.0
7 0.2796875 0.8064814814814815 0.328125 0.8574074074074074
7 0.4005208333333333 0.8064814814814815 0.45729166666666665 0.8564814814814815
7 0.7401041666666667 0.7898148148148149 0.8182291666666667 0.8657407407407407
7 0.5354166666666667 0.8444444444444444 0.6041666666666666 0.9138888888888889
14 0.896875 0.24166666666666667 0.9895833333333334 0.35
14 0.8479166666666667 0.43333333333333335 0.875 0.49537037037037035
14 0.41822916666666665 0.7018518518518518 0.5213541666666667 0.7527777777777778
