0 0.12526041666666668 0.8638888888888889 0.10677083333333333 0.2722222222222222
0 0.22239583333333332 0.8736111111111111 0.06979166666666667 0.25277777777777777
0 0.5080729166666667 0.8837962962962963 0.0421875 0.2324074074074074
1 0.10677083333333333 0.8740740740740741 0.06145833333333333 0.15925925925925927
1 0.21744791666666666 0.8865740740740741 0.05260416666666667 0.14722222222222223
1 0.5083333333333333 0.8814814814814815 0.036458333333333336 0.12222222222222222
2 0.11744791666666667 0.7597222222222222 0.0359375 0.05092592592592592
2 0.22421875 0.7782407407407408 0.0390625 0.04722222222222222
2 0.5065104166666666 0.7898148148148149 0.025520833333333333 0.04259259259259259
14 0.8263020833333333 0.7578703703703704 0.022395833333333334 0.0824074074074074
13 0.88046875 0.7703703703703704 0.2390625 0.17592592592592593
