0 0.4588541666666667 0.9277777777777778 0.5005208333333333 1.0
0 0.5484375 0.9435185185185185 0.5854166666666667 1.0
0 0.8505208333333333 0.8833333333333333 0.8713541666666667 0.9490740740740741
0 0.8770833333333333 0.8703703703703703 0.8973958333333333 0.937037037037037
0 0.8979166666666667 0.8833333333333333 0.9291666666666667 0.950925925925926
2 0.32864583333333336 0.9555555555555556 0.3578125 1.0
2 0.465625 0.9305555555555556 0.496875 0.9851851851851852
2 0.55 0.9462962962962963 0.5864583333333333 0.9888888888888889
2 0.8807291666666667 0.8759259259259259 0.8911458333333333 0.8925925925925926
2 0.8973958333333333 0.8814814814814815 0.9057291666666667 0.8953703703703704
1 0.8994791666666667 0.9037037037037037 0.9239583333333333 0.9435185185185185
1 0.8796875 0.8981481481481481 0.8947916666666667 0.9305555555555556
1 0.8484375 0.9018518518518519 0.8708333333333333 0.9462962962962963
12 0.3723958333333333 0.000925925925925926 0.4348958333333333 0.04537037037037037
14 0.4984375 0.000925925925925926 0.6166666666666667 0.13333333333333333
