0 0.062239583333333334 0.7898148148148149 0.07864583333333333 0.4203703703703704
0 0.18880208333333334 0.7944444444444444 0.06510416666666667 0.3814814814814815
0 0.4440104166666667 0.7324074074074074 0.04635416666666667 0.2537037037037037
2 0.05911458333333333 0.6064814814814815 0.0390625 0.05925925925925926
2 0.19609375 0.6287037037037037 0.04010416666666667 0.046296296296296294
2 0.44166666666666665 0.6333333333333333 0.03125 0.03888888888888889
1 0.0546875 0.7287037037037037 0.06875 0.1574074074074074
1 0.18723958333333332 0.7412037037037037 0.06197916666666667 0.1527777777777778
1 0.4440104166666667 0.7143518518518519 0.049479166666666664 0.10277777777777777
11 0.37552083333333336 0.912962962962963 0.25625 0.17407407407407408
11 0.64375 0.9087962962962963 0.24375 0.17685185185185184
14 0.775 0.5777777777777777 0.029166666666666667 0.08703703703703704
13 0.86640625 0.6268518518518519 0.2671875 0.1685185185185185
