0 0.3528645833333333 0.8388888888888889 0.10572916666666667 0.32222222222222224
0 0.415625 0.7578703703703704 0.03125 0.09722222222222222
0 0.4544270833333333 0.8333333333333334 0.08177083333333333 0.3333333333333333
0 0.5322916666666667 0.8430555555555556 0.06354166666666666 0.3138888888888889
2 0.3421875 0.7194444444444444 0.051041666666666666 0.06666666666666667
2 0.4205729166666667 0.7236111111111111 0.0265625 0.041666666666666664
2 0.44375 0.6916666666666667 0.03854166666666667 0.05185185185185185
2 0.5231770833333333 0.7148148148148148 0.028645833333333332 0.05925925925925926
2 0.4908854166666667 0.7481481481481481 0.021354166666666667 0.040740740740740744
1 0.3651041666666667 0.8773148148148148 0.09270833333333334 0.21944444444444444
1 0.4473958333333333 0.8069444444444445 0.06458333333333334 0.14351851851851852
1 0.5276041666666667 0.8208333333333333 0.06041666666666667 0.15092592592592594
12 0.3651041666666667 0.22777777777777777 0.096875 0.12407407407407407
11 0.6541666666666667 0.9444444444444444 0.19791666666666666 0.1111111111111111
11 0.7729166666666667 0.9259259259259259 0.13541666666666666 0.14444444444444443
13 0.6893229166666667 0.7087962962962963 0.16302083333333334 0.1712962962962963
