0 0.1828125 0.8805555555555555 0.052083333333333336 0.2388888888888889
0 0.2203125 0.8939814814814815 0.08020833333333334 0.21203703703703702
0 0.43333333333333335 0.8810185185185185 0.05625 0.23796296296296296
0 0.515625 0.8657407407407407 0.07916666666666666 0.26851851851851855
0 0.5619791666666667 0.8796296296296297 0.040625 0.24074074074074073
0 0.6091145833333333 0.9023148148148148 0.05260416666666667 0.19537037037037036
2 0.18645833333333334 0.8013888888888889 0.023958333333333335 0.049074074074074076
2 0.21744791666666666 0.8143518518518519 0.04010416666666667 0.05277777777777778
2 0.42526041666666664 0.7856481481481481 0.0359375 0.04351851851851852
2 0.5130208333333334 0.7560185185185185 0.03854166666666667 0.05092592592592592
2 0.55859375 0.7800925925925926 0.0296875 0.05277777777777778
2 0.5903645833333333 0.8097222222222222 0.0203125 0.03425925925925926
1 0.18307291666666667 0.9050925925925926 0.0421875 0.14351851851851852
1 0.21067708333333332 0.9305555555555556 0.06302083333333333 0.1388888888888889
1 0.4317708333333333 0.9092592592592592 0.057291666666666664 0.1648148148148148
1 0.5161458333333333 0.874537037037037 0.06979166666666667 0.15462962962962962
1 0.56953125 0.8856481481481482 0.04010416666666667 0.15648148148148147
1 0.6096354166666667 0.8680555555555556 0.0484375 0.08796296296296297
12 0.5661458333333333 0.21157407407407408 0.06458333333333334 0.15833333333333333
13 0.80078125 0.7652777777777777 0.17760416666666667 0.175
