0 0.0020833333333333333 0.6953703703703704 0.10572916666666667 1.0
0 0.1109375 0.7083333333333334 0.18489583333333334 1.0
0 0.3921875 0.7185185185185186 0.4515625 0.9833333333333333
0 0.9671875 0.7277777777777777 0.9859375 0.8055555555555556
1 0.0005208333333333333 0.7601851851851852 0.05625 0.9296296296296296
1 0.11354166666666667 0.7787037037037037 0.175 0.9314814814814815
1 0.409375 0.7777777777777778 0.440625 0.8935185185185185
2 0.008854166666666666 0.6962962962962963 0.0515625 0.7490740740740741
2 0.12916666666666668 0.712037037037037 0.17291666666666666 0.7703703703703704
2 0.4083333333333333 0.7287037037037037 0.4395833333333333 0.7675925925925926
13 0.696875 0.6462962962962963 0.9880208333333333 0.8268518518518518
