0 0.0125 0.5435185185185185 0.0984375 0.9694444444444444
0 0.14739583333333334 0.562962962962963 0.22291666666666668 0.9601851851851851
0 0.390625 0.5861111111111111 0.45208333333333334 0.8055555555555556
2 0.028125 0.5416666666666666 0.06666666666666667 0.5944444444444444
2 0.17135416666666667 0.5638888888888889 0.20989583333333334 0.6074074074074074
2 0.39479166666666665 0.5898148148148148 0.42239583333333336 0.6268518518518519
1 0.010416666666666666 0.6101851851851852 0.08177083333333333 0.7666666666666667
1 0.15625 0.6212962962962963 0.2125 0.7666666666666667
1 0.39427083333333335 0.6287037037037037 0.43645833333333334 0.7203703703703703
11 0.24947916666666667 0.7824074074074074 0.48854166666666665 0.9861111111111112
11 0.5098958333333333 0.774074074074074 0.75625 0.9425925925925925
14 0.7526041666666666 0.4925925925925926 0.7953125 0.5768518518518518
13 0.7140625 0.462037037037037 1.0 0.6194444444444445
