0 0.625 0.9473958333333333 0.7018518518518518 1.0
0 0.6222222222222222 0.8369791666666667 0.7666666666666667 1.0
0 0.7203703703703703 0.8234375 0.8342592592592593 0.971875
0 0.8537037037037037 0.8333333333333334 0.975925925925926 0.9640625
1 0.6574074074074074 0.8703125 0.7583333333333333 0.9682291666666667
1 0.7314814814814815 0.8567708333333334 0.8185185185185185 0.9395833333333333
1 0.875 0.8677083333333333 0.9703703703703703 0.9489583333333333
2 0.6722222222222223 0.8369791666666667 0.7203703703703703 0.8661458333333333
2 0.7287037037037037 0.8260416666666667 0.774074074074074 0.8463541666666666
2 0.875 0.8286458333333333 0.9351851851851852 0.859375
2 0.6351851851851852 0.9484375 0.700925925925926 0.9791666666666666
12 0.6990740740740741 0.37395833333333334 0.9685185185185186 0.5104166666666666
11 0.42685185185185187 0.8942708333333333 0.562037037037037 0.9302083333333333
14 0.010185185185185186 0.7302083333333333 1.0 0.7973958333333333
6 0.006481481481481481 0.8598958333333333 0.08888888888888889 0.9130208333333333
