0 0.05234375 0.8893518518518518 0.0984375 0.2212962962962963
0 0.3807291666666667 0.8541666666666666 0.13229166666666667 0.2916666666666667
0 0.4752604166666667 0.8527777777777777 0.044270833333333336 0.2740740740740741
0 0.5283854166666667 0.8328703703703704 0.0984375 0.33425925925925926
0 0.6065104166666667 0.8472222222222222 0.08177083333333333 0.3055555555555556
1 0.04479166666666667 0.9305555555555556 0.057291666666666664 0.1388888888888889
1 0.37864583333333335 0.8967592592592593 0.0875 0.2064814814814815
1 0.47630208333333335 0.8546296296296296 0.033854166666666664 0.15185185185185185
1 0.51796875 0.8342592592592593 0.058854166666666666 0.15185185185185185
1 0.6106770833333334 0.8324074074074074 0.06197916666666667 0.16296296296296298
2 0.05625 0.8125 0.04895833333333333 0.05462962962962963
2 0.36041666666666666 0.7472222222222222 0.04375 0.06481481481481481
2 0.475 0.7439814814814815 0.030208333333333334 0.049074074074074076
2 0.5078125 0.7032407407407407 0.0375 0.049074074074074076
2 0.575 0.7527777777777778 0.021875 0.05
2 0.6065104166666667 0.7143518518518519 0.0328125 0.049074074074074076
12 0.44557291666666665 0.22916666666666666 0.07864583333333333 0.1287037037037037
11 0.7432291666666667 0.9407407407407408 0.22291666666666668 0.11851851851851852
11 0.8723958333333334 0.9217592592592593 0.13958333333333334 0.13055555555555556
13 0.7721354166666666 0.7050925925925926 0.17135416666666667 0.15462962962962962
