0 0.08489583333333334 0.7703703703703704 0.15989583333333332 1.0
0 0.30625 0.7324074074074074 0.4114583333333333 1.0
0 0.4713541666666667 0.7129629629629629 0.5354166666666667 0.9990740740740741
0 0.5322916666666667 0.675 0.6166666666666667 1.0
0 0.61875 0.6898148148148148 0.6864583333333333 1.0
0 0.5958333333333333 0.7333333333333333 0.6286458333333333 0.7888888888888889
2 0.10260416666666666 0.7768518518518519 0.14895833333333333 0.8388888888888889
2 0.3151041666666667 0.7268518518518519 0.353125 0.787962962962963
2 0.478125 0.7148148148148148 0.5125 0.7657407407407407
2 0.5338541666666666 0.6787037037037037 0.5734375 0.725
2 0.6010416666666667 0.7444444444444445 0.6203125 0.7712962962962963
2 0.6255208333333333 0.6888888888888889 0.6572916666666667 0.7407407407407407
1 0.09427083333333333 0.8592592592592593 0.159375 1.0
1 0.31666666666666665 0.799074074074074 0.39114583333333336 1.0
1 0.475 0.7768518518518519 0.5369791666666667 0.937962962962963
1 0.5296875 0.7555555555555555 0.5947916666666667 0.8870370370370371
1 0.6270833333333333 0.7462962962962963 0.6807291666666667 0.9027777777777778
11 0.6734375 0.8583333333333333 0.8942708333333333 1.0
12 0.4609375 0.13240740740740742 0.5557291666666667 0.2777777777777778
11 0.84375 0.8407407407407408 0.9963541666666667 0.9935185185185185
14 0.8119791666666667 0.26481481481481484 0.8734375 0.3648148148148148
13 0.7223958333333333 0.6074074074074074 0.89375 0.7305555555555555
