0 0.025 0.5611111111111111 0.10104166666666667 0.9842592592592593
0 0.14739583333333334 0.5805555555555556 0.21458333333333332 0.9722222222222222
0 0.44166666666666665 0.5990740740740741 0.4869791666666667 0.8462962962962963
2 0.0421875 0.5601851851851852 0.08385416666666666 0.6074074074074074
2 0.16510416666666666 0.5851851851851851 0.20104166666666667 0.6314814814814815
2 0.4505208333333333 0.6018518518518519 0.47552083333333334 0.6361111111111111
1 0.025 0.6314814814814815 0.0953125 0.7861111111111111
1 0.153125 0.6453703703703704 0.20989583333333334 0.7916666666666666
1 0.4505208333333333 0.6416666666666667 0.4817708333333333 0.7583333333333333
11 0.25 0.8166666666666667 0.5171875 1.0
11 0.5166666666666667 0.8101851851851852 0.7567708333333333 0.9879629629629629
14 0.7692708333333333 0.549074074074074 0.7895833333333333 0.6222222222222222
13 0.725 0.5175925925925926 0.9640625 0.7129629629629629
