0 0.3703125 0.6990740740740741 0.41458333333333336 0.9462962962962963
0 0.4125 0.7074074074074074 0.453125 0.9453703703703704
1 0.3723958333333333 0.7453703703703703 0.4166666666666667 0.8638888888888889
1 0.41510416666666666 0.7518518518518519 0.45416666666666666 0.8611111111111112
2 0.37395833333333334 0.7046296296296296 0.39791666666666664 0.7342592592592593
2 0.41302083333333334 0.712037037037037 0.43854166666666666 0.7425925925925926
12 0.35052083333333334 0.3851851851851852 0.4557291666666667 0.5305555555555556
5 0.22447916666666667 0.8814814814814815 0.3140625 1.0
5 0.31614583333333335 0.7953703703703704 0.38333333333333336 0.9787037037037037
5 0.465625 0.8731481481481481 0.8182291666666667 1.0
5 0.46458333333333335 0.8472222222222222 0.5171875 0.9120370370370371
