0 0.596875 0.8546296296296296 0.034375 0.13703703703703704
0 0.7309895833333333 0.899537037037037 0.07239583333333334 0.20092592592592592
0 0.9611979166666667 0.8694444444444445 0.07760416666666667 0.18518518518518517
2 0.5947916666666667 0.8 0.013541666666666667 0.016666666666666666
2 0.7372395833333333 0.8231481481481482 0.0421875 0.04259259259259259
2 0.9580729166666667 0.8004629629629629 0.0265625 0.04537037037037037
1 0.596875 0.8476851851851852 0.025 0.06759259259259259
1 0.7380208333333333 0.9226851851851852 0.052083333333333336 0.11574074074074074
1 0.9572916666666667 0.8958333333333334 0.057291666666666664 0.12685185185185185
12 0.4471354166666667 0.475462962962963 0.08697916666666666 0.13055555555555556
3 0.08359375 0.9259259259259259 0.16614583333333333 0.14814814814814814
3 0.23802083333333332 0.9629629629629629 0.23229166666666667 0.07407407407407407
3 0.4080729166666667 0.9305555555555556 0.20364583333333333 0.1388888888888889
7 0.36744791666666665 0.862037037037037 0.0546875 0.05185185185185185
7 0.4934895833333333 0.8694444444444445 0.050520833333333334 0.06296296296296296
7 0.8674479166666667 0.8662037037037037 0.1078125 0.07314814814814814
3 0.9223958333333333 0.9712962962962963 0.084375 0.05740740740740741
14 0.5317708333333333 0.7555555555555555 0.13020833333333334 0.06666666666666667
14 0.0328125 0.5236111111111111 0.06458333333333334 0.06388888888888888
14 0.028645833333333332 0.23287037037037037 0.05625 0.08981481481481482
14 0.054427083333333334 0.027314814814814816 0.04739583333333333 0.05277777777777778
