0 0.052083333333333336 0.7787037037037037 0.08645833333333333 0.4222222222222222
0 0.17213541666666668 0.7726851851851851 0.0796875 0.39351851851851855
0 0.34791666666666665 0.7111111111111111 0.078125 0.2388888888888889
2 0.04348958333333333 0.5967592592592592 0.03802083333333333 0.05277777777777778
2 0.17473958333333334 0.6018518518518519 0.03802083333333333 0.046296296296296294
2 0.3578125 0.6166666666666667 0.023958333333333335 0.03888888888888889
1 0.04453125 0.7203703703703703 0.0703125 0.16296296296296298
1 0.17265625 0.7143518518518519 0.0546875 0.14722222222222223
1 0.33229166666666665 0.6814814814814815 0.03854166666666667 0.1
11 0.36822916666666666 0.9 0.26145833333333335 0.18333333333333332
11 0.6265625 0.8425925925925926 0.240625 0.15925925925925927
14 0.7645833333333333 0.5305555555555556 0.028125 0.12037037037037036
13 0.85859375 0.5398148148148149 0.2828125 0.18888888888888888
