0 0.08229166666666667 0.7981481481481482 0.078125 0.40370370370370373
0 0.203125 0.8074074074074075 0.07916666666666666 0.3851851851851852
0 0.4908854166666667 0.7592592592592593 0.0453125 0.24814814814814815
1 0.07838541666666667 0.7384259259259259 0.06510416666666667 0.1527777777777778
1 0.19869791666666667 0.7555555555555555 0.06197916666666667 0.1537037037037037
1 0.49270833333333336 0.7351851851851852 0.041666666666666664 0.11296296296296296
2 0.08307291666666666 0.624537037037037 0.0359375 0.05092592592592592
2 0.19895833333333332 0.6430555555555556 0.036458333333333336 0.06018518518518518
2 0.49244791666666665 0.6537037037037037 0.0296875 0.037037037037037035
11 0.40208333333333335 0.9356481481481481 0.2552083333333333 0.1287037037037037
11 0.6486979166666667 0.9273148148148148 0.2296875 0.14537037037037037
14 0.79609375 0.612037037037037 0.0140625 0.05555555555555555
13 0.8736979166666666 0.6412037037037037 0.2526041666666667 0.1638888888888889
