0 0.028645833333333332 0.5787037037037037 0.10572916666666667 1.0
0 0.15052083333333333 0.5898148148148148 0.225 0.9981481481481481
0 0.42083333333333334 0.6092592592592593 0.47552083333333334 0.8675925925925926
2 0.04635416666666667 0.5805555555555556 0.08697916666666666 0.6287037037037037
2 0.16979166666666667 0.5953703703703703 0.20260416666666667 0.6518518518518519
2 0.43020833333333336 0.6166666666666667 0.45625 0.649074074074074
1 0.03177083333333333 0.6407407407407407 0.1 0.8101851851851852
1 0.15625 0.6611111111111111 0.2140625 0.8055555555555556
1 0.43072916666666666 0.6601851851851852 0.471875 0.7722222222222223
11 0.2546875 0.8453703703703703 0.5265625 1.0
11 0.5203125 0.8203703703703704 0.7541666666666667 1.0
14 0.7770833333333333 0.562037037037037 0.7921875 0.6166666666666667
13 0.734375 0.5175925925925926 1.0 0.712037037037037
