0 0.4973958333333333 0.8444444444444444 0.04895833333333333 0.3111111111111111
0 0.5580729166666667 0.8560185185185185 0.09427083333333333 0.287962962962963
0 0.58828125 0.7773148148148148 0.0546875 0.1787037037037037
1 0.4986979166666667 0.8296296296296296 0.04114583333333333 0.12962962962962962
1 0.5575520833333333 0.9064814814814814 0.09114583333333333 0.18703703703703703
1 0.5859375 0.8087962962962963 0.04583333333333333 0.08425925925925926
2 0.50546875 0.7222222222222222 0.028645833333333332 0.046296296296296294
2 0.53984375 0.7509259259259259 0.05364583333333333 0.07037037037037037
2 0.5786458333333333 0.7375 0.0375 0.049074074074074076
11 0.70625 0.9462962962962963 0.17916666666666667 0.10740740740740741
12 0.38697916666666665 0.275 0.06770833333333333 0.1111111111111111
11 0.8127604166666667 0.9351851851851852 0.13177083333333334 0.1259259259259259
14 0.6869791666666667 0.6921296296296297 0.015625 0.06388888888888888
14 0.7966145833333333 0.36574074074074076 0.050520833333333334 0.06481481481481481
13 0.7447916666666666 0.7324074074074074 0.16354166666666667 0.15555555555555556
