0 0.33828125 0.8486111111111111 0.07135416666666666 0.30277777777777776
0 0.39088541666666665 0.7972222222222223 0.04010416666666667 0.17222222222222222
0 0.46979166666666666 0.8009259259259259 0.04895833333333333 0.18518518518518517
0 0.09244791666666667 0.7564814814814815 0.027604166666666666 0.11666666666666667
2 0.33567708333333335 0.725 0.030729166666666665 0.03333333333333333
2 0.39791666666666664 0.7236111111111111 0.022916666666666665 0.026851851851851852
2 0.4661458333333333 0.7300925925925926 0.017708333333333333 0.025
2 0.09479166666666666 0.7148148148148148 0.009375 0.009259259259259259
1 0.09322916666666667 0.7425925925925926 0.013541666666666667 0.03148148148148148
1 0.33255208333333336 0.812962962962963 0.034895833333333334 0.1037037037037037
1 0.39088541666666665 0.7847222222222222 0.0234375 0.075
1 0.4703125 0.775 0.026041666666666668 0.053703703703703705
6 0.6682291666666667 0.7939814814814815 0.18333333333333332 0.0824074074074074
10 0.23177083333333334 0.7412037037037037 0.03125 0.04722222222222222
11 0.44088541666666664 0.9449074074074074 0.1953125 0.11018518518518519
12 0.38723958333333336 0.17731481481481481 0.0703125 0.16574074074074074
14 0.5151041666666667 0.562037037037037 0.40520833333333334 0.11666666666666667
14 0.06770833333333333 0.5666666666666667 0.13020833333333334 0.06851851851851852
14 0.09973958333333334 0.07314814814814814 0.1296875 0.12962962962962962
