0 0.06770833333333333 0.8138888888888889 0.07604166666666666 0.37222222222222223
0 0.18932291666666667 0.8171296296296297 0.0828125 0.36574074074074076
0 0.353125 0.762962962962963 0.06666666666666667 0.2611111111111111
1 0.06692708333333333 0.7768518518518519 0.07552083333333333 0.1537037037037037
1 0.1890625 0.7717592592592593 0.06458333333333334 0.14722222222222223
1 0.34479166666666666 0.7287037037037037 0.03854166666666667 0.10555555555555556
2 0.06536458333333334 0.6578703703703703 0.04114583333333333 0.049074074074074076
2 0.18880208333333334 0.6583333333333333 0.04010416666666667 0.046296296296296294
2 0.35703125 0.6509259259259259 0.0265625 0.03518518518518519
11 0.3885416666666667 0.9268518518518518 0.25729166666666664 0.14629629629629629
11 0.6510416666666666 0.8986111111111111 0.246875 0.1712962962962963
14 0.9846354166666667 0.21064814814814814 0.030729166666666665 0.06574074074074074
14 0.7802083333333333 0.5537037037037037 0.020833333333333332 0.06851851851851852
13 0.85390625 0.575462962962963 0.2921875 0.1935185185185185
