0 0.08776041666666666 0.8356481481481481 0.07760416666666667 0.32314814814814813
0 0.2015625 0.8444444444444444 0.078125 0.3111111111111111
0 0.48671875 0.8388888888888889 0.043229166666666666 0.2518518518518518
1 0.08229166666666667 0.8263888888888888 0.0625 0.15833333333333333
1 0.19869791666666667 0.8342592592592593 0.058854166666666666 0.16296296296296298
1 0.4895833333333333 0.8231481481481482 0.0375 0.12222222222222222
2 0.0875 0.7013888888888888 0.04375 0.05277777777777778
2 0.20182291666666666 0.7194444444444444 0.034895833333333334 0.046296296296296294
2 0.4869791666666667 0.7342592592592593 0.023958333333333335 0.046296296296296294
13 0.87578125 0.7185185185185186 0.2484375 0.19074074074074074
