0 0.022395833333333334 0.5787037037037037 0.096875 1.0
0 0.15104166666666666 0.6 0.22135416666666666 0.9972222222222222
0 0.41510416666666666 0.6194444444444445 0.4671875 0.8638888888888889
2 0.03958333333333333 0.5814814814814815 0.0765625 0.6342592592592593
2 0.17083333333333334 0.5962962962962963 0.20729166666666668 0.6481481481481481
2 0.42239583333333336 0.6166666666666667 0.45208333333333334 0.6592592592592592
1 0.0203125 0.6583333333333333 0.084375 0.8101851851851852
1 0.15260416666666668 0.6546296296296297 0.21510416666666668 0.8203703703703704
1 0.4239583333333333 0.6620370370370371 0.4635416666666667 0.7722222222222223
11 0.2484375 0.8416666666666667 0.5130208333333334 1.0
11 0.5088541666666667 0.8083333333333333 0.7567708333333333 0.9888888888888889
14 0.7625 0.5611111111111111 0.7864583333333334 0.6305555555555555
13 0.721875 0.5222222222222223 0.9989583333333333 0.7305555555555555
