0 0.16927083333333334 0.7106481481481481 0.078125 0.3398148148148148
0 0.28463541666666664 0.7097222222222223 0.05677083333333333 0.30648148148148147
0 0.3419270833333333 0.7467592592592592 0.050520833333333334 0.3824074074074074
0 0.37786458333333334 0.7402777777777778 0.0453125 0.3138888888888889
0 0.4515625 0.7606481481481482 0.084375 0.3638888888888889
2 0.17083333333333334 0.5680555555555555 0.030208333333333334 0.049074074074074076
2 0.28411458333333334 0.5810185185185185 0.0265625 0.028703703703703703
2 0.33671875 0.5810185185185185 0.030729166666666665 0.03611111111111111
2 0.37447916666666664 0.5990740740740741 0.021875 0.03333333333333333
2 0.46015625 0.6148148148148148 0.0390625 0.06296296296296296
1 0.17135416666666667 0.6717592592592593 0.052083333333333336 0.14537037037037037
1 0.28541666666666665 0.6777777777777778 0.03958333333333333 0.12407407407407407
1 0.3359375 0.6810185185185185 0.040625 0.13425925925925927
1 0.37578125 0.6967592592592593 0.03802083333333333 0.12685185185185185
1 0.4513020833333333 0.7064814814814815 0.049479166666666664 0.14629629629629629
12 0.5989583333333334 0.2 0.13229166666666667 0.3111111111111111
7 0.7971354166666667 0.9171296296296296 0.1453125 0.16574074074074074
7 0.9322916666666666 0.8625 0.13541666666666666 0.13796296296296295
7 0.48333333333333334 0.7486111111111111 0.022916666666666665 0.1175925925925926
13 0.7872395833333333 0.6888888888888889 0.42552083333333335 0.16111111111111112
13 0.21171875 0.6310185185185185 0.41302083333333334 0.25092592592592594
