0 0.17317708333333334 0.7013888888888888 0.06302083333333333 0.30648148148148147
0 0.29635416666666664 0.7199074074074074 0.06770833333333333 0.3138888888888889
0 0.35963541666666665 0.7527777777777778 0.0515625 0.36666666666666664
0 0.4049479166666667 0.7416666666666667 0.03802083333333333 0.32222222222222224
0 0.5518229166666667 0.6523148148148148 0.0578125 0.13240740740740742
2 0.17578125 0.5763888888888888 0.024479166666666666 0.03981481481481482
2 0.2981770833333333 0.5888888888888889 0.030729166666666665 0.040740740740740744
2 0.3567708333333333 0.5837962962962963 0.035416666666666666 0.04722222222222222
2 0.40703125 0.6018518518518519 0.0328125 0.03518518518518519
2 0.55078125 0.5995370370370371 0.027604166666666666 0.03425925925925926
1 0.17421875 0.6606481481481481 0.04635416666666667 0.11574074074074074
1 0.28958333333333336 0.6773148148148148 0.04479166666666667 0.12314814814814815
1 0.35989583333333336 0.6851851851851852 0.04895833333333333 0.13518518518518519
1 0.4041666666666667 0.6967592592592593 0.034375 0.125
1 0.5497395833333333 0.6754629629629629 0.050520833333333334 0.08425925925925926
7 0.47604166666666664 0.7490740740740741 0.10104166666666667 0.14444444444444443
12 0.6341145833333334 0.19166666666666668 0.11927083333333334 0.2537037037037037
7 0.94765625 0.8731481481481481 0.10052083333333334 0.12037037037037036
7 0.8348958333333333 0.9277777777777778 0.13333333333333333 0.14444444444444443
13 0.8005208333333333 0.6944444444444444 0.39895833333333336 0.15555555555555556
13 0.1984375 0.6087962962962963 0.3729166666666667 0.21203703703703702
