0 0.24895833333333334 0.7523148148148148 0.065625 0.3194444444444444
0 0.3606770833333333 0.7444444444444445 0.05572916666666667 0.3111111111111111
0 0.409375 0.7685185185185185 0.04375 0.37037037037037035
0 0.45416666666666666 0.7625 0.052083333333333336 0.31203703703703706
0 0.5609375 0.7662037037037037 0.08854166666666667 0.33425925925925926
2 0.24348958333333334 0.6134259259259259 0.0296875 0.041666666666666664
2 0.3606770833333333 0.6152777777777778 0.0265625 0.03981481481481482
2 0.40703125 0.6129629629629629 0.0328125 0.03888888888888889
2 0.44947916666666665 0.6277777777777778 0.030208333333333334 0.03888888888888889
2 0.55234375 0.6259259259259259 0.033854166666666664 0.05185185185185185
1 0.24609375 0.7097222222222223 0.06302083333333333 0.12129629629629629
1 0.3611979166666667 0.7101851851851851 0.0515625 0.12407407407407407
1 0.40598958333333335 0.7148148148148148 0.0390625 0.1388888888888889
1 0.45026041666666666 0.7282407407407407 0.03802083333333333 0.12685185185185185
1 0.5546875 0.7189814814814814 0.04479166666666667 0.125
12 0.6614583333333334 0.15 0.128125 0.20185185185185187
7 0.9044270833333333 0.9175925925925926 0.1359375 0.16296296296296298
7 0.5106770833333333 0.7657407407407407 0.059895833333333336 0.13148148148148148
13 0.8231770833333333 0.6837962962962963 0.3536458333333333 0.13425925925925927
13 0.20494791666666667 0.6328703703703704 0.3859375 0.18796296296296297
