0 0.178125 0.5675925925925925 0.24791666666666667 0.875
0 0.2864583333333333 0.5657407407407408 0.3546875 0.8601851851851852
0 0.3458333333333333 0.5768518518518518 0.39739583333333334 0.937037037037037
0 0.3984375 0.5972222222222222 0.43854166666666666 0.9064814814814814
0 0.478125 0.5814814814814815 0.5651041666666666 0.9064814814814814
2 0.19583333333333333 0.5666666666666667 0.2234375 0.6055555555555555
2 0.3072916666666667 0.562037037037037 0.3338541666666667 0.6101851851851852
2 0.35625 0.575925925925926 0.3854166666666667 0.6083333333333333
2 0.40572916666666664 0.5879629629629629 0.43333333333333335 0.6333333333333333
2 0.5026041666666666 0.5851851851851851 0.5411458333333333 0.6296296296296297
1 0.1890625 0.6222222222222222 0.23697916666666666 0.7444444444444445
1 0.29375 0.6166666666666667 0.34375 0.7527777777777778
1 0.35260416666666666 0.6185185185185185 0.39114583333333336 0.7657407407407407
1 0.39427083333333335 0.6425925925925926 0.4348958333333333 0.7722222222222223
1 0.5036458333333333 0.6351851851851852 0.5489583333333333 0.7611111111111111
7 0.440625 0.6814814814814815 0.5078125 0.8185185185185185
7 0.9151041666666667 0.7925925925925926 1.0 0.9027777777777778
7 0.7854166666666667 0.8564814814814815 0.9177083333333333 1.0
12 0.5802083333333333 0.06666666666666667 0.6927083333333334 0.3055555555555556
13 0.60625 0.6166666666666667 1.0 0.7898148148148149
13 0.0005208333333333333 0.5101851851851852 0.36666666666666664 0.7416666666666667
