0 0.0296875 0.5675925925925925 0.10572916666666667 0.9972222222222222
0 0.14427083333333332 0.5879629629629629 0.22239583333333332 0.9851851851851852
0 0.43020833333333336 0.6055555555555555 0.47760416666666666 0.8537037037037037
1 0.026041666666666668 0.637962962962963 0.096875 0.799074074074074
1 0.15260416666666668 0.6462962962962963 0.21145833333333333 0.8074074074074075
1 0.440625 0.6518518518518519 0.4744791666666667 0.7657407407407407
2 0.046875 0.5685185185185185 0.08177083333333333 0.6194444444444445
2 0.16666666666666666 0.5879629629629629 0.2 0.6398148148148148
2 0.44166666666666665 0.6037037037037037 0.46458333333333335 0.6416666666666667
11 0.24739583333333334 0.8333333333333334 0.5161458333333333 1.0
11 0.5286458333333334 0.8166666666666667 0.7598958333333333 0.9944444444444445
14 0.7677083333333333 0.549074074074074 0.7994791666666666 0.6268518518518519
13 0.7197916666666667 0.512962962962963 0.9890625 0.7101851851851851
