0 0.12552083333333333 0.7379629629629629 0.19479166666666667 1.0
0 0.19375 0.7537037037037037 0.2604166666666667 1.0
0 0.3796875 0.7287037037037037 0.44583333333333336 1.0
0 0.446875 0.7 0.53125 1.0
0 0.5010416666666667 0.7305555555555555 0.5557291666666667 0.9444444444444444
0 0.559375 0.7666666666666667 0.6140625 1.0
2 0.14895833333333333 0.7574074074074074 0.18958333333333333 0.799074074074074
2 0.21041666666666667 0.7546296296296297 0.24322916666666666 0.8268518518518518
2 0.3885416666666667 0.7342592592592593 0.4192708333333333 0.7824074074074074
2 0.46770833333333334 0.7046296296296296 0.5015625 0.7555555555555555
2 0.50625 0.7314814814814815 0.53125 0.7805555555555556
2 0.5572916666666666 0.7777777777777778 0.5802083333333333 0.812962962962963
1 0.12864583333333332 0.8018518518518518 0.18802083333333333 0.9592592592592593
1 0.1921875 0.8268518518518518 0.25416666666666665 1.0
1 0.38125 0.7981481481481482 0.4390625 0.9629629629629629
1 0.45416666666666666 0.7712962962962963 0.5192708333333333 0.9305555555555556
1 0.5161458333333333 0.7814814814814814 0.553125 0.9361111111111111
1 0.5640625 0.8064814814814815 0.6098958333333333 0.9203703703703704
12 0.5260416666666666 0.10648148148148148 0.5890625 0.2574074074074074
11 0.596875 0.9314814814814815 0.8182291666666667 1.0
11 0.7765625 0.9027777777777778 0.8875 1.0
13 0.6927083333333334 0.6601851851851852 0.8671875 0.8287037037037037
