0 0.6765625 0.8921296296296296 0.03333333333333333 0.09351851851851851
0 0.7794270833333333 0.9375 0.08072916666666667 0.125
2 0.6770833333333334 0.8537037037037037 0.01875 0.016666666666666666
2 0.76171875 0.899074074074074 0.03802083333333333 0.03888888888888889
1 0.6776041666666667 0.9046296296296297 0.026041666666666668 0.07037037037037037
1 0.7848958333333333 0.9726851851851852 0.04375 0.05462962962962963
12 0.51875 0.5101851851851852 0.071875 0.12222222222222222
3 0.12083333333333333 0.9555555555555556 0.203125 0.08888888888888889
3 0.39401041666666664 0.9467592592592593 0.08802083333333334 0.10648148148148148
3 0.2825520833333333 0.9439814814814815 0.10364583333333334 0.11203703703703703
7 0.4171875 0.912962962962963 0.06145833333333333 0.05925925925925926
7 0.54375 0.9236111111111112 0.052083333333333336 0.07314814814814814
7 0.93046875 0.9300925925925926 0.10052083333333334 0.10648148148148148
14 0.07942708333333333 0.2726851851851852 0.10572916666666667 0.10833333333333334
14 0.08776041666666666 0.07546296296296297 0.10677083333333333 0.1398148148148148
14 0.07604166666666666 0.5671296296296297 0.121875 0.14537037037037037
14 0.5916666666666667 0.8050925925925926 0.1125 0.05648148148148148
