0 0.20911458333333333 0.7490740740740741 0.07552083333333333 0.337037037037037
0 0.3151041666666667 0.7421296296296296 0.053125 0.29907407407407405
0 0.36875 0.7699074074074074 0.05416666666666667 0.3731481481481482
0 0.4078125 0.7611111111111111 0.042708333333333334 0.3111111111111111
0 0.496875 0.7708333333333334 0.07395833333333333 0.3398148148148148
2 0.20703125 0.6055555555555555 0.03177083333333333 0.03888888888888889
2 0.31197916666666664 0.6064814814814815 0.029166666666666667 0.03333333333333333
2 0.365625 0.6041666666666666 0.028125 0.041666666666666664
2 0.40677083333333336 0.6208333333333333 0.026041666666666668 0.03425925925925926
2 0.49114583333333334 0.6212962962962963 0.030208333333333334 0.04814814814814815
1 0.20208333333333334 0.7060185185185185 0.05625 0.13425925925925927
1 0.31328125 0.7069444444444445 0.0484375 0.1287037037037037
1 0.3640625 0.7074074074074074 0.042708333333333334 0.12777777777777777
1 0.40677083333333336 0.725925925925926 0.03958333333333333 0.13518518518518519
1 0.49166666666666664 0.7171296296296297 0.05 0.12685185185185185
12 0.6221354166666667 0.2013888888888889 0.12447916666666667 0.26944444444444443
7 0.94921875 0.8518518518518519 0.1015625 0.11481481481481481
7 0.840625 0.9180555555555555 0.13020833333333334 0.1638888888888889
7 0.45390625 0.7763888888888889 0.04114583333333333 0.1398148148148148
13 0.8018229166666667 0.6893518518518519 0.3963541666666667 0.15833333333333333
13 0.21458333333333332 0.6319444444444444 0.403125 0.1675925925925926
