0 0.4765625 0.850462962962963 0.10729166666666666 0.29907407407407405
0 0.5033854166666667 0.774074074074074 0.0640625 0.17037037037037037
0 0.5653645833333333 0.8546296296296296 0.0546875 0.29074074074074074
2 0.46458333333333335 0.7439814814814815 0.052083333333333336 0.07685185185185185
2 0.4895833333333333 0.7175925925925926 0.03125 0.05555555555555555
2 0.559375 0.7407407407407407 0.03333333333333333 0.04259259259259259
1 0.48125 0.9092592592592592 0.08958333333333333 0.1814814814814815
1 0.50078125 0.7958333333333333 0.044270833333333336 0.062037037037037036
1 0.5635416666666667 0.8495370370370371 0.053125 0.14907407407407408
2 0.52265625 0.7736111111111111 0.021354166666666667 0.03611111111111111
7 0.3697916666666667 0.25 0.07083333333333333 0.12407407407407407
11 0.6872395833333333 0.9537037037037037 0.20989583333333334 0.09259259259259259
11 0.7885416666666667 0.9402777777777778 0.11458333333333333 0.11944444444444445
13 0.7151041666666667 0.7240740740740741 0.17708333333333334 0.15925925925925927
