0 0.06041666666666667 0.7944444444444444 0.071875 0.4111111111111111
0 0.18515625 0.8032407407407407 0.0765625 0.39351851851851855
0 0.4505208333333333 0.7523148148148148 0.041666666666666664 0.25462962962962965
2 0.0609375 0.6129629629629629 0.035416666666666666 0.05185185185185185
2 0.18489583333333334 0.6324074074074074 0.034375 0.053703703703703705
2 0.4505208333333333 0.6486111111111111 0.028125 0.03981481481481482
1 0.058854166666666666 0.7379629629629629 0.06666666666666667 0.1574074074074074
1 0.18020833333333333 0.7444444444444445 0.05625 0.1574074074074074
1 0.45625 0.7310185185185185 0.03854166666666667 0.11388888888888889
11 0.3768229166666667 0.9194444444444444 0.2630208333333333 0.16111111111111112
11 0.6359375 0.9078703703703703 0.23020833333333332 0.1712962962962963
14 0.7760416666666666 0.600925925925926 0.027083333333333334 0.05740740740740741
13 0.8635416666666667 0.6273148148148148 0.25416666666666665 0.18981481481481483
