0 0.0609375 0.7722222222222223 0.0875 0.4222222222222222
0 0.17942708333333332 0.7694444444444445 0.07864583333333333 0.39444444444444443
0 0.34479166666666666 0.7041666666666667 0.06875 0.23796296296296296
2 0.054427083333333334 0.5851851851851851 0.03177083333333333 0.044444444444444446
2 0.17552083333333332 0.5916666666666667 0.040625 0.04814814814814815
2 0.36015625 0.611574074074074 0.028645833333333332 0.04351851851851852
1 0.05286458333333333 0.712037037037037 0.06614583333333333 0.15925925925925927
1 0.17604166666666668 0.7064814814814815 0.057291666666666664 0.15
1 0.33489583333333334 0.675 0.036458333333333336 0.09814814814814815
11 0.38671875 0.8930555555555556 0.28177083333333336 0.18425925925925926
11 0.6375 0.8300925925925926 0.234375 0.175
14 0.7661458333333333 0.5069444444444444 0.020833333333333332 0.08425925925925926
13 0.853125 0.5291666666666667 0.2833333333333333 0.19722222222222222
