0 0.0020833333333333333 0.7379629629629629 0.05260416666666667 1.0
0 0.49166666666666664 0.6537037037037037 0.5427083333333333 1.0
0 0.5390625 0.6851851851851852 0.5713541666666667 0.9916666666666667
0 0.5697916666666667 0.637962962962963 0.625 1.0
0 0.6317708333333333 0.6555555555555556 0.7703125 1.0
2 0.0005208333333333333 0.7444444444444445 0.0328125 0.7861111111111111
2 0.5088541666666667 0.6583333333333333 0.5354166666666667 0.6990740740740741
2 0.5427083333333333 0.6824074074074075 0.5645833333333333 0.725925925925926
2 0.5723958333333333 0.6722222222222223 0.6078125 0.7222222222222222
2 0.6364583333333333 0.6657407407407407 0.7057291666666666 0.7351851851851852
1 0.0015625 0.8111111111111111 0.040625 0.9601851851851851
1 0.4979166666666667 0.7194444444444444 0.5427083333333333 0.8694444444444445
1 0.5421875 0.7416666666666667 0.575 0.8601851851851852
1 0.5692708333333333 0.725 0.615625 0.8537037037037037
1 0.634375 0.7685185185185185 0.7515625 1.0
12 0.3625 0.20092592592592592 0.42135416666666664 0.33055555555555555
11 0.7713541666666667 0.8296296296296296 0.8869791666666667 0.9453703703703704
14 0.78125 0.29259259259259257 0.8229166666666666 0.35833333333333334
13 0.6770833333333334 0.6296296296296297 0.9057291666666667 0.7814814814814814
