0 0.146875 0.8902777777777777 0.0875 0.21944444444444444
0 0.28671875 0.8824074074074074 0.1046875 0.2351851851851852
0 0.44921875 0.8787037037037037 0.06614583333333333 0.24259259259259258
0 0.5416666666666666 0.8606481481481482 0.06875 0.2657407407407407
0 0.6106770833333334 0.8712962962962963 0.06927083333333334 0.2574074074074074
2 0.15 0.8074074074074075 0.05520833333333333 0.053703703703703705
2 0.27265625 0.7953703703703704 0.04114583333333333 0.05925925925925926
2 0.4375 0.7824074074074074 0.03333333333333333 0.04814814814814815
2 0.5375 0.749537037037037 0.036458333333333336 0.075
2 0.5794270833333334 0.8041666666666667 0.024479166666666666 0.032407407407407406
2 0.59453125 0.7708333333333334 0.03802083333333333 0.062037037037037036
1 0.14661458333333333 0.9356481481481481 0.0921875 0.1287037037037037
1 0.27682291666666664 0.9189814814814815 0.0703125 0.16203703703703703
1 0.4466145833333333 0.9064814814814814 0.058854166666666666 0.1574074074074074
1 0.5408854166666667 0.8694444444444445 0.06302083333333333 0.15185185185185185
1 0.6091145833333333 0.8851851851851852 0.05364583333333333 0.16111111111111112
12 0.5104166666666666 0.22546296296296298 0.071875 0.13055555555555556
11 0.8703125 0.9592592592592593 0.13125 0.06851851851851852
14 0.8268229166666666 0.4013888888888889 0.0515625 0.08425925925925926
13 0.7747395833333334 0.7467592592592592 0.17760416666666667 0.14537037037037037
