0 0.016145833333333335 0.5675925925925925 0.10572916666666667 0.987037037037037
0 0.140625 0.5722222222222222 0.21614583333333334 0.9694444444444444
0 0.3078125 0.5953703703703703 0.37864583333333335 0.825
1 0.016145833333333335 0.6361111111111111 0.09114583333333333 0.799074074074074
1 0.14739583333333334 0.6333333333333333 0.20625 0.7916666666666666
1 0.31614583333333335 0.6287037037037037 0.35885416666666664 0.7444444444444445
2 0.034895833333333334 0.5740740740740741 0.07395833333333333 0.6268518518518519
2 0.15989583333333332 0.5796296296296296 0.19479166666666667 0.625
2 0.34739583333333335 0.6027777777777777 0.37447916666666664 0.6453703703703704
11 0.25104166666666666 0.7935185185185185 0.5239583333333333 0.9842592592592593
11 0.5182291666666666 0.7481481481481481 0.7666666666666667 0.9361111111111111
14 0.7536458333333333 0.475 0.7817708333333333 0.5453703703703704
13 0.7270833333333333 0.45555555555555555 1.0 0.6324074074074074
