0 0.018229166666666668 0.5601851851851852 0.1078125 0.9833333333333333
0 0.140625 0.5685185185185185 0.221875 0.9629629629629629
0 0.3104166666666667 0.5888888888888889 0.37916666666666665 0.8138888888888889
1 0.019791666666666666 0.6324074074074074 0.09270833333333334 0.787962962962963
1 0.14791666666666667 0.625 0.20989583333333334 0.7731481481481481
1 0.31197916666666664 0.6287037037037037 0.36354166666666665 0.7314814814814815
2 0.036458333333333336 0.5574074074074075 0.071875 0.6138888888888889
2 0.15833333333333333 0.5666666666666667 0.196875 0.6157407407407407
2 0.3489583333333333 0.5935185185185186 0.371875 0.6351851851851852
11 0.25104166666666666 0.7870370370370371 0.5171875 0.9824074074074074
11 0.5182291666666666 0.7620370370370371 0.7510416666666667 0.9324074074074075
14 0.7625 0.45555555555555555 0.7796875 0.5388888888888889
13 0.7192708333333333 0.412962962962963 0.9979166666666667 0.6370370370370371
