2 0.14166666666666666 0.7453703703703703 0.18645833333333334 0.8111111111111111
2 0.1765625 0.7333333333333333 0.20729166666666668 0.7824074074074074
2 0.3796875 0.7240740740740741 0.4119791666666667 0.7712962962962963
2 0.4661458333333333 0.687962962962963 0.5088541666666667 0.7472222222222222
2 0.5208333333333334 0.7055555555555556 0.5567708333333333 0.7675925925925926
0 0.1390625 0.7361111111111112 0.20729166666666668 1.0
0 0.17760416666666667 0.7361111111111112 0.24322916666666666 1.0
0 0.3703125 0.7222222222222222 0.43385416666666665 1.0
0 0.4625 0.6925925925925925 0.5229166666666667 1.0
0 0.5192708333333333 0.712037037037037 0.5697916666666667 1.0
0 0.5666666666666667 0.7814814814814814 0.5927083333333333 0.9935185185185185
1 0.12916666666666668 0.8398148148148148 0.19583333333333333 1.0
1 0.18072916666666666 0.8009259259259259 0.21354166666666666 0.9481481481481482
1 0.37135416666666665 0.7842592592592592 0.43072916666666666 0.9666666666666667
1 0.46145833333333336 0.7657407407407407 0.5223958333333333 0.9324074074074075
1 0.5203125 0.7759259259259259 0.5666666666666667 0.9277777777777778
1 0.565625 0.799074074074074 0.5901041666666667 0.8666666666666667
12 0.48072916666666665 0.10555555555555556 0.5697916666666667 0.2601851851851852
11 0.5817708333333333 0.9416666666666667 0.8239583333333333 1.0
11 0.775 0.8916666666666667 0.8776041666666666 1.0
13 0.6661458333333333 0.6611111111111111 0.8463541666666666 0.825925925925926
