0 0.215625 0.6555555555555556 0.28229166666666666 0.8546296296296296
0 0.4395833333333333 0.6916666666666667 0.515625 0.9574074074074074
0 0.534375 0.662962962962963 0.5817708333333333 0.9277777777777778
2 0.2296875 0.6546296296296297 0.25833333333333336 0.6861111111111111
2 0.46458333333333335 0.6935185185185185 0.49270833333333336 0.7287037037037037
2 0.546875 0.6703703703703704 0.565625 0.6962962962962963
1 0.4734375 0.7351851851851852 0.5182291666666666 0.8416666666666667
1 0.5401041666666667 0.7046296296296296 0.5739583333333333 0.812037037037037
3 0.3807291666666667 0.7509259259259259 0.4890625 0.962037037037037
3 0.003125 0.7407407407407407 0.11197916666666667 0.9157407407407407
3 0.5151041666666667 0.7731481481481481 0.6588541666666666 0.9083333333333333
7 0.6 0.7212962962962963 0.7078125 0.799074074074074
7 0.3421875 0.7240740740740741 0.3880208333333333 0.7685185185185185
12 0.4083333333333333 0.4027777777777778 0.5140625 0.55
6 0.75625 0.6990740740740741 0.8276041666666667 0.8203703703703704
6 0.8276041666666667 0.7037037037037037 0.9072916666666667 0.8222222222222222
6 0.90625 0.6972222222222222 0.9796875 0.825925925925926
6 0.975 0.6953703703703704 1.0 0.8138888888888889
7 0.7104166666666667 0.7388888888888889 0.759375 0.7925925925925926
14 0.8515625 0.22407407407407406 0.9125 0.32222222222222224
