0 0.10989583333333333 0.7546296296296297 0.17864583333333334 1.0
0 0.17864583333333334 0.7611111111111111 0.2630208333333333 1.0
0 0.371875 0.7462962962962963 0.43854166666666666 1.0
0 0.4552083333333333 0.7055555555555556 0.5395833333333333 1.0
0 0.5223958333333333 0.725 0.5875 1.0
2 0.128125 0.7583333333333333 0.17447916666666666 0.8240740740740741
2 0.18489583333333334 0.7666666666666667 0.2234375 0.8166666666666667
2 0.3770833333333333 0.7490740740740741 0.41041666666666665 0.7870370370370371
2 0.471875 0.7046296296296296 0.5114583333333333 0.7583333333333333
2 0.5229166666666667 0.7361111111111112 0.5520833333333334 0.7824074074074074
1 0.1078125 0.8453703703703703 0.175 1.0
1 0.17760416666666667 0.8324074074074074 0.23333333333333334 0.9861111111111112
1 0.3776041666666667 0.8018518518518518 0.4296875 0.9712962962962963
1 0.45625 0.7796296296296297 0.5260416666666666 0.937962962962963
1 0.5276041666666667 0.7916666666666666 0.5760416666666667 0.9444444444444444
12 0.4661458333333333 0.1398148148148148 0.5296875 0.2537037037037037
11 0.7682291666666666 0.9175925925925926 0.8854166666666666 1.0
11 0.5895833333333333 0.950925925925926 0.7994791666666666 1.0
13 0.6473958333333333 0.6666666666666666 0.8786458333333333 0.8833333333333333
