0 0.10755208333333334 0.8467592592592592 0.0765625 0.30648148148148147
0 0.215625 0.8532407407407407 0.078125 0.2935185185185185
0 0.50078125 0.8662037037037037 0.04635416666666667 0.2638888888888889
2 0.10859375 0.7231481481481481 0.03177083333333333 0.05925925925925926
2 0.22161458333333334 0.7402777777777778 0.0390625 0.05092592592592592
2 0.5020833333333333 0.7583333333333333 0.030208333333333334 0.053703703703703705
1 0.10052083333333334 0.8402777777777778 0.06041666666666667 0.16018518518518518
1 0.2125 0.8518518518518519 0.059375 0.14814814814814814
1 0.50390625 0.8462962962962963 0.03697916666666667 0.12777777777777777
13 0.8817708333333333 0.7597222222222222 0.23645833333333333 0.1712962962962963
