0 0.28072916666666664 0.8726851851851852 0.036458333333333336 0.15462962962962962
0 0.40703125 0.8333333333333334 0.03177083333333333 0.06851851851851852
1 0.28203125 0.8550925925925926 0.027604166666666666 0.06388888888888888
1 0.4119791666666667 0.8435185185185186 0.020833333333333332 0.046296296296296294
2 0.2799479166666667 0.8092592592592592 0.0203125 0.02962962962962963
2 0.40703125 0.8106481481481481 0.009895833333333333 0.013888888888888888
12 0.3734375 0.25324074074074077 0.04791666666666667 0.06018518518518518
5 0.9736979166666667 0.8171296296296297 0.044270833333333336 0.10833333333333334
5 0.26276041666666666 0.9736111111111111 0.07239583333333334 0.049074074074074076
14 0.84140625 0.6472222222222223 0.10885416666666667 0.07777777777777778
14 0.7544270833333333 0.32314814814814813 0.06927083333333334 0.11296296296296296
