0 0.7755208333333333 0.9597222222222223 0.019791666666666666 0.0787037037037037
0 0.8184895833333333 0.9393518518518519 0.0171875 0.05462962962962963
2 0.41822916666666665 0.9828703703703704 0.034375 0.03425925925925926
2 0.50625 0.9828703703703704 0.025 0.03425925925925926
2 0.8184895833333333 0.9212962962962963 0.0109375 0.016666666666666666
1 0.7752604166666667 0.962037037037037 0.0203125 0.04814814814814815
1 0.8184895833333333 0.9490740740740741 0.015104166666666667 0.02962962962962963
1 0.8484375 0.9541666666666667 0.014583333333333334 0.04537037037037037
12 0.375 0.04490740740740741 0.05520833333333333 0.08796296296296297
14 0.49635416666666665 0.08935185185185185 0.146875 0.17685185185185184
