0 0.05286458333333333 0.8347222222222223 0.07552083333333333 0.33055555555555555
0 0.175 0.8490740740740741 0.08229166666666667 0.30185185185185187
0 0.46119791666666665 0.8462962962962963 0.05677083333333333 0.2759259259259259
2 0.05078125 0.7032407407407407 0.03697916666666667 0.05462962962962963
2 0.17395833333333333 0.7245370370370371 0.041666666666666664 0.05648148148148148
2 0.46119791666666665 0.7333333333333333 0.028645833333333332 0.05
1 0.04791666666666667 0.8273148148148148 0.06354166666666666 0.15648148148148147
1 0.16979166666666667 0.8342592592592593 0.06458333333333334 0.15
1 0.4596354166666667 0.8263888888888888 0.04114583333333333 0.1175925925925926
13 0.8651041666666667 0.725925925925926 0.26979166666666665 0.1814814814814815
