0 0.178125 0.7078703703703704 0.059375 0.2935185185185185
0 0.3033854166666667 0.7217592592592592 0.044270833333333336 0.29907407407407405
0 0.35625 0.7564814814814815 0.053125 0.3648148148148148
0 0.396875 0.7481481481481481 0.042708333333333334 0.3111111111111111
0 0.5388020833333333 0.6518518518518519 0.06197916666666667 0.12777777777777777
1 0.17890625 0.6754629629629629 0.04635416666666667 0.12129629629629629
1 0.30416666666666664 0.6851851851851852 0.051041666666666666 0.12407407407407407
1 0.3489583333333333 0.6953703703703704 0.03958333333333333 0.14629629629629629
1 0.39739583333333334 0.7074074074074074 0.03854166666666667 0.13148148148148148
1 0.5333333333333333 0.6856481481481481 0.05416666666666667 0.09166666666666666
2 0.18229166666666666 0.586574074074074 0.03229166666666667 0.03981481481481482
2 0.31223958333333335 0.5925925925925926 0.0265625 0.044444444444444446
2 0.3463541666666667 0.5879629629629629 0.034375 0.04259259259259259
2 0.39505208333333336 0.6111111111111112 0.030729166666666665 0.03148148148148148
2 0.5333333333333333 0.6083333333333333 0.03333333333333333 0.037037037037037035
12 0.61796875 0.1638888888888889 0.11822916666666666 0.18888888888888888
7 0.8322916666666667 0.9268518518518518 0.11145833333333334 0.14629629629629629
7 0.94375 0.8578703703703704 0.1125 0.10277777777777777
7 0.4669270833333333 0.7569444444444444 0.0890625 0.15833333333333333
13 0.7986979166666667 0.6935185185185185 0.40260416666666665 0.17222222222222222
13 0.17838541666666666 0.6171296296296296 0.3171875 0.2101851851851852
