0 0.3932291666666667 0.9138888888888889 0.43333333333333335 0.9953703703703703
0 0.5421875 0.8787037037037037 0.603125 0.9962962962962963
0 0.6307291666666667 0.9064814814814814 0.675 1.0
0 0.95625 0.8435185185185186 0.9760416666666667 0.8981481481481481
0 0.9760416666666667 0.8546296296296296 0.9963541666666667 0.9268518518518518
2 0.4041666666666667 0.9185185185185185 0.42604166666666665 0.9518518518518518
2 0.5614583333333333 0.8851851851851852 0.5911458333333334 0.9435185185185185
2 0.6338541666666667 0.9092592592592592 0.6703125 0.9574074074074074
2 0.9598958333333333 0.8444444444444444 0.9713541666666666 0.8592592592592593
2 0.9765625 0.8583333333333333 0.9859375 0.8703703703703703
1 0.3984375 0.9564814814814815 0.43072916666666666 1.0
1 0.5484375 0.9555555555555556 0.6041666666666666 1.0
1 0.6369791666666667 0.9685185185185186 0.6723958333333333 1.0
1 0.959375 0.8666666666666667 0.9760416666666667 0.8962962962962963
1 0.9802083333333333 0.8777777777777778 0.9927083333333333 0.9277777777777778
14 0.5765625 0.000925925925925926 0.6828125 0.08888888888888889
