0 0.058333333333333334 0.774074074074074 0.0875 0.4222222222222222
0 0.17604166666666668 0.7657407407407407 0.078125 0.39444444444444443
0 0.35 0.7018518518518518 0.0875 0.23148148148148148
1 0.04895833333333333 0.712037037037037 0.07083333333333333 0.1537037037037037
1 0.17578125 0.7046296296296296 0.05677083333333333 0.15
1 0.33177083333333335 0.6796296296296296 0.03854166666666667 0.10925925925925926
2 0.05 0.587037037037037 0.0375 0.053703703703703705
2 0.17213541666666668 0.5949074074074074 0.034895833333333334 0.05462962962962963
2 0.35859375 0.6092592592592593 0.0265625 0.03888888888888889
11 0.37994791666666666 0.8888888888888888 0.24635416666666668 0.18333333333333332
11 0.6260416666666667 0.8333333333333334 0.2375 0.16111111111111112
14 0.7651041666666667 0.5046296296296297 0.028125 0.07222222222222222
13 0.8627604166666667 0.5101851851851852 0.27447916666666666 0.20925925925925926
