0 0.462037037037037 0.91484375 0.15185185185185185 0.14427083333333332
0 0.562037037037037 0.9057291666666667 0.1037037037037037 0.14375
0 0.6916666666666667 0.9005208333333333 0.10185185185185185 0.12708333333333333
0 0.8944444444444445 0.89609375 0.11481481481481481 0.1578125
2 0.4601851851851852 0.9809895833333333 0.08518518518518518 0.03802083333333333
2 0.48148148148148145 0.8619791666666666 0.05740740740740741 0.029166666666666667
2 0.5356481481481481 0.846875 0.05648148148148148 0.01875
2 0.6828703703703703 0.8536458333333333 0.06018518518518518 0.030208333333333334
2 0.8805555555555555 0.8302083333333333 0.044444444444444446 0.01875
1 0.475462962962963 0.9260416666666667 0.09166666666666666 0.084375
1 0.5532407407407407 0.9127604166666666 0.08981481481481482 0.08697916666666666
1 0.6925925925925925 0.91171875 0.08518518518518518 0.0671875
1 0.8912037037037037 0.875 0.07685185185185185 0.06354166666666666
12 0.6606481481481481 0.4635416666666667 0.287962962962963 0.15520833333333334
11 0.2125 0.9276041666666667 0.16203703703703703 0.04375
14 0.5027777777777778 0.7544270833333333 0.9944444444444445 0.06510416666666667
14 0.25787037037037036 0.8184895833333333 0.14351851851851852 0.033854166666666664
