0 0.37421875 0.8935185185185185 0.07760416666666667 0.21296296296296297
0 0.48776041666666664 0.8930555555555556 0.0765625 0.21388888888888888
0 0.57734375 0.8694444444444445 0.0421875 0.16296296296296298
0 0.6135416666666667 0.8972222222222223 0.128125 0.20555555555555555
2 0.3841145833333333 0.8074074074074075 0.0421875 0.04259259259259259
2 0.4830729166666667 0.8175925925925925 0.027604166666666666 0.03518518518518519
2 0.5747395833333333 0.8152777777777778 0.0296875 0.030555555555555555
2 0.6333333333333333 0.8472222222222222 0.09166666666666666 0.1037037037037037
1 0.38203125 0.913425925925926 0.0578125 0.13796296296296295
1 0.48463541666666665 0.9194444444444444 0.05572916666666667 0.14444444444444443
1 0.5731770833333333 0.8939814814814815 0.0484375 0.11018518518518519
1 0.6177083333333333 0.9685185185185186 0.13541666666666666 0.06296296296296296
12 0.3692708333333333 0.3300925925925926 0.06875 0.125
14 0.7033854166666667 0.4583333333333333 0.0390625 0.07222222222222222
14 0.6919270833333333 0.1412037037037037 0.030729166666666665 0.04722222222222222
13 0.6572916666666667 0.7986111111111112 0.15520833333333334 0.11388888888888889
