1 0.050520833333333334 0.7212962962962963 0.12447916666666667 0.8944444444444445
1 0.140625 0.6888888888888889 0.21875 0.8537037037037037
1 0.20989583333333334 0.6981481481481482 0.234375 0.8546296296296296
1 0.29010416666666666 0.7111111111111111 0.3380208333333333 0.799074074074074
0 0.052083333333333336 0.6527777777777778 0.1359375 1.0
0 0.1375 0.6083333333333333 0.234375 1.0
0 0.1953125 0.6462962962962963 0.23854166666666668 1.0
0 0.2682291666666667 0.6759259259259259 0.3411458333333333 0.9185185185185185
2 0.06354166666666666 0.6555555555555556 0.10052083333333334 0.7027777777777777
2 0.16354166666666667 0.6101851851851852 0.2046875 0.6657407407407407
2 0.1953125 0.6462962962962963 0.22135416666666666 0.6888888888888889
2 0.2682291666666667 0.6861111111111111 0.2989583333333333 0.7305555555555555
11 0.30885416666666665 0.8564814814814815 0.5411458333333333 1.0
11 0.49635416666666665 0.8009259259259259 0.6140625 0.9296296296296296
12 0.24010416666666667 0.001851851851851852 0.33229166666666665 0.15833333333333333
13 0.4557291666666667 0.5574074074074075 0.625 0.6944444444444444
