1 0.178125 0.5953703703703703 0.22864583333333333 0.7361111111111112
1 0.29270833333333335 0.6083333333333333 0.34375 0.7305555555555555
1 0.34427083333333336 0.6037037037037037 0.3932291666666667 0.7416666666666667
1 0.39010416666666664 0.6231481481481481 0.42239583333333336 0.7453703703703703
1 0.47239583333333335 0.6277777777777778 0.5203125 0.774074074074074
0 0.1734375 0.5453703703703704 0.22916666666666666 0.8703703703703703
0 0.29270833333333335 0.5509259259259259 0.3411458333333333 0.8592592592592593
0 0.3463541666666667 0.5472222222222223 0.3927083333333333 0.9194444444444444
0 0.3854166666666667 0.5675925925925925 0.4239583333333333 0.8777777777777778
0 0.44895833333333335 0.575925925925926 0.5260416666666666 0.9490740740740741
2 0.19479166666666667 0.549074074074074 0.21979166666666666 0.5861111111111111
2 0.30625 0.5601851851851852 0.3328125 0.5962962962962963
2 0.3572916666666667 0.5592592592592592 0.38333333333333336 0.5925925925925926
2 0.3885416666666667 0.5768518518518518 0.415625 0.6018518518518519
2 0.490625 0.5824074074074074 0.5276041666666667 0.6398148148148148
12 0.5713541666666667 0.03425925925925926 0.6973958333333333 0.2972222222222222
7 0.9046875 0.7925925925925926 1.0 0.9055555555555556
7 0.7671875 0.8398148148148148 0.9 1.0
13 0.6135416666666667 0.6046296296296296 1.0 0.7675925925925926
13 0.016145833333333335 0.5166666666666667 0.4244791666666667 0.775
