0 0.29921875 0.8351851851851851 0.0765625 0.1648148148148148
0 0.8322916666666667 0.8555555555555555 0.14895833333333333 0.28888888888888886
0 0.53828125 0.8805555555555555 0.05364583333333333 0.2388888888888889
2 0.30052083333333335 0.7703703703703704 0.023958333333333335 0.022222222222222223
2 0.53359375 0.7828703703703703 0.022395833333333334 0.030555555555555555
2 0.83125 0.749537037037037 0.053125 0.058333333333333334
2 0.515625 0.7962962962962963 0.022916666666666665 0.022222222222222223
1 0.5354166666666667 0.8634259259259259 0.0375 0.09907407407407408
1 0.8377604166666667 0.913425925925926 0.12135416666666667 0.17314814814814813
3 0.46380208333333334 0.9259259259259259 0.09635416666666667 0.14814814814814814
3 0.6265625 0.9236111111111112 0.13333333333333333 0.125
6 0.9408854166666667 0.8486111111111111 0.0671875 0.1398148148148148
6 0.98984375 0.8430555555555556 0.0203125 0.14722222222222223
7 0.45208333333333334 0.8347222222222223 0.04583333333333333 0.030555555555555555
7 0.7380208333333333 0.8379629629629629 0.09791666666666667 0.04814814814814815
8 0.08880208333333334 0.9467592592592593 0.11614583333333334 0.10648148148148148
12 0.48359375 0.38101851851851853 0.08802083333333334 0.13055555555555556
14 0.11927083333333334 0.11666666666666667 0.07083333333333333 0.08333333333333333
14 0.11432291666666666 0.30787037037037035 0.0734375 0.06018518518518518
14 0.11588541666666667 0.5601851851851852 0.08177083333333333 0.053703703703703705
14 0.4869791666666667 0.7513888888888889 0.21458333333333332 0.03981481481481482
