0 0.5005208333333333 0.612037037037037 0.55625 0.8944444444444445
0 0.5807291666666666 0.6018518518518519 0.659375 1.0
0 0.6510416666666666 0.6203703703703703 0.69375 0.8333333333333334
0 0.6515625 0.5583333333333333 0.6703125 0.6064814814814815
2 0.5119791666666667 0.6194444444444445 0.5458333333333333 0.6564814814814814
2 0.5895833333333333 0.6055555555555555 0.6213541666666667 0.6574074074074074
2 0.6546875 0.6185185185185185 0.66875 0.6416666666666667
2 0.653125 0.5564814814814815 0.6635416666666667 0.5722222222222222
1 0.5135416666666667 0.6657407407407407 0.55 0.7555555555555555
1 0.5885416666666666 0.6787037037037037 0.653125 0.8324074074074074
1 0.6520833333333333 0.6481481481481481 0.6885416666666667 0.7444444444444445
1 0.6552083333333333 0.575925925925926 0.6708333333333333 0.600925925925926
12 0.403125 0.06111111111111111 0.47552083333333334 0.18333333333333332
11 0.6604166666666667 0.7407407407407407 0.8119791666666667 0.8324074074074074
11 0.7770833333333333 0.7268518518518519 0.8578125 0.8194444444444444
8 0.21510416666666668 0.7305555555555555 0.38333333333333336 1.0
13 0.6770833333333334 0.5638888888888889 0.8104166666666667 0.687962962962963
