0 0.20364583333333333 0.7851851851851852 0.24270833333333333 0.9120370370370371
0 0.4166666666666667 0.7944444444444444 0.4796875 1.0
0 0.5296875 0.8064814814814815 0.5776041666666667 1.0
0 0.6265625 0.8277777777777777 0.6760416666666667 1.0
2 0.2140625 0.7851851851851852 0.22604166666666667 0.8055555555555556
2 0.44114583333333335 0.8046296296296296 0.46875 0.8388888888888889
2 0.5541666666666667 0.8175925925925925 0.575 0.8425925925925926
2 0.6354166666666666 0.8305555555555556 0.6505208333333333 0.8546296296296296
2 0.3875 0.7935185185185185 0.40625 0.8481481481481481
2 0.390625 0.7935185185185185 0.4015625 0.8027777777777778
1 0.21302083333333333 0.8157407407407408 0.22916666666666666 0.8481481481481481
1 0.38958333333333334 0.8101851851851852 0.403125 0.8416666666666667
1 0.42239583333333336 0.8490740740740741 0.4609375 0.9564814814814815
1 0.5385416666666667 0.8444444444444444 0.5677083333333334 0.9212962962962963
6 0.8119791666666667 0.8824074074074074 0.9739583333333334 0.9879629629629629
6 0.053125 0.7851851851851852 0.09739583333333333 0.8435185185185186
6 0.03333333333333333 0.7787037037037037 0.05520833333333333 0.8425925925925926
10 0.4635416666666667 0.8101851851851852 0.4786458333333333 0.8564814814814815
12 0.5421875 0.24537037037037038 0.6020833333333333 0.4222222222222222
13 0.6260416666666667 0.8 0.8625 0.8712962962962963
14 0.5369791666666667 0.6037037037037037 0.925 0.7333333333333333
14 0.1890625 0.6101851851851852 0.3880208333333333 0.6805555555555556
14 0.0875 0.6240740740740741 0.18854166666666666 0.6759259259259259
14 0.321875 0.14351851851851852 0.4270833333333333 0.2675925925925926
14 0.09322916666666667 0.4583333333333333 0.12083333333333333 0.49166666666666664
14 0.10989583333333333 0.15185185185185185 0.14010416666666667 0.19907407407407407
1 0.6322916666666667 0.8574074074074074 0.659375 0.9194444444444444
