0 0.109375 0.8671296296296296 0.06354166666666666 0.2657407407407407
0 0.17838541666666666 0.8722222222222222 0.0703125 0.2537037037037037
0 0.3645833333333333 0.8606481481481482 0.0625 0.27870370370370373
0 0.43333333333333335 0.8425925925925926 0.07395833333333333 0.3148148148148148
0 0.47604166666666664 0.8592592592592593 0.041666666666666664 0.2814814814814815
0 0.5575520833333333 0.8759259259259259 0.058854166666666666 0.24814814814814815
2 0.11484375 0.7638888888888888 0.0359375 0.04259259259259259
2 0.17135416666666667 0.7712962962962963 0.03958333333333333 0.04814814814814815
2 0.36223958333333334 0.7467592592592592 0.033854166666666664 0.041666666666666664
2 0.4354166666666667 0.7175925925925926 0.034375 0.05
2 0.47109375 0.7425925925925926 0.027604166666666666 0.044444444444444446
2 0.5434895833333333 0.7680555555555556 0.025520833333333333 0.03425925925925926
1 0.10833333333333334 0.862037037037037 0.04479166666666667 0.13518518518518519
1 0.17213541666666668 0.9018518518518519 0.0546875 0.15555555555555556
1 0.36640625 0.8629629629629629 0.0546875 0.16111111111111112
1 0.43723958333333335 0.8384259259259259 0.06822916666666666 0.14351851851851852
1 0.47942708333333334 0.8324074074074074 0.0359375 0.1425925925925926
1 0.5606770833333333 0.8314814814814815 0.0421875 0.09074074074074075
12 0.52890625 0.1537037037037037 0.06197916666666667 0.1425925925925926
11 0.665625 0.9532407407407407 0.23333333333333334 0.09351851851851851
11 0.7901041666666667 0.9490740740740741 0.14791666666666667 0.10185185185185185
14 0.8455729166666667 0.3685185185185185 0.044270833333333336 0.07407407407407407
13 0.77109375 0.7296296296296296 0.1765625 0.15555555555555556
