2 0.0026041666666666665 0.6805555555555556 0.04114583333333333 0.7361111111111112
2 0.16979166666666667 0.6601851851851852 0.21510416666666668 0.7111111111111111
2 0.2609375 0.625 0.29791666666666666 0.687962962962963
2 0.29270833333333335 0.6601851851851852 0.315625 0.7
2 0.38177083333333334 0.6824074074074075 0.40729166666666666 0.7175925925925926
0 0.0036458333333333334 0.6666666666666666 0.057291666666666664 1.0
0 0.17291666666666666 0.6722222222222223 0.23697916666666666 1.0
0 0.23802083333333332 0.6296296296296297 0.3203125 1.0
0 0.2953125 0.6537037037037037 0.33958333333333335 1.0
0 0.3776041666666667 0.662962962962963 0.434375 0.9185185185185185
1 0.0020833333333333333 0.7601851851851852 0.05 0.9296296296296296
1 0.16666666666666666 0.7342592592592593 0.23020833333333332 0.9027777777777778
1 0.2421875 0.7074074074074074 0.30833333333333335 0.8527777777777777
1 0.30885416666666665 0.7111111111111111 0.32708333333333334 0.8583333333333333
1 0.3921875 0.7185185185185186 0.43333333333333335 0.8037037037037037
11 0.39947916666666666 0.8759259259259259 0.6239583333333333 1.0
12 0.34010416666666665 0.006481481481481481 0.41302083333333334 0.17407407407407408
11 0.5739583333333333 0.8212962962962963 0.69375 0.950925925925926
14 0.6708333333333333 0.2675925925925926 0.7208333333333333 0.36666666666666664
13 0.5130208333333334 0.5740740740740741 0.7161458333333334 0.7592592592592593
