0 0.5265625 0.8398148148148148 0.084375 0.29259259259259257
0 0.41302083333333334 0.8578703703703704 0.071875 0.28425925925925927
0 0.39010416666666664 0.7444444444444445 0.019791666666666666 0.044444444444444446
0 0.23307291666666666 0.775 0.016145833333333335 0.06851851851851852
0 0.20703125 0.7814814814814814 0.019270833333333334 0.06666666666666667
2 0.23359375 0.7462962962962963 0.0078125 0.007407407407407408
2 0.2078125 0.7532407407407408 0.00625 0.008333333333333333
2 0.39140625 0.7328703703703704 0.015104166666666667 0.019444444444444445
2 0.40729166666666666 0.7277777777777777 0.020833333333333332 0.03333333333333333
2 0.5244791666666667 0.7125 0.026041666666666668 0.03425925925925926
1 0.41015625 0.825925925925926 0.0484375 0.12222222222222222
1 0.52734375 0.7925925925925926 0.043229166666666666 0.0962962962962963
1 0.20755208333333333 0.7768518518518519 0.008854166666666666 0.025925925925925925
1 0.23333333333333334 0.7652777777777777 0.010416666666666666 0.023148148148148147
12 0.4010416666666667 0.1398148148148148 0.08125 0.12037037037037036
11 0.8661458333333333 0.8949074074074074 0.20625 0.13425925925925927
14 0.096875 0.5782407407407407 0.18541666666666667 0.19722222222222222
8 0.20625 0.8027777777777778 0.020833333333333332 0.025925925925925925
