0 0.52109375 0.7046296296296296 0.044270833333333336 0.17777777777777778
0 0.43515625 0.687037037037037 0.04114583333333333 0.17962962962962964
0 0.33203125 0.7402777777777778 0.0578125 0.2898148148148148
0 0.2513020833333333 0.6138888888888889 0.0328125 0.06851851851851852
0 0.0421875 0.6597222222222222 0.035416666666666666 0.125
2 0.0375 0.6125 0.013541666666666667 0.017592592592592594
2 0.25416666666666665 0.5953703703703703 0.009375 0.014814814814814815
2 0.3377604166666667 0.6185185185185185 0.0265625 0.03518518518518519
2 0.4393229166666667 0.6157407407407407 0.019270833333333334 0.025925925925925925
2 0.515625 0.6273148148148148 0.016666666666666666 0.021296296296296296
1 0.25546875 0.6236111111111111 0.015104166666666667 0.032407407407407406
1 0.33255208333333336 0.6962962962962963 0.03697916666666667 0.1037037037037037
1 0.43359375 0.674537037037037 0.0203125 0.07314814814814814
1 0.5221354166666666 0.6703703703703704 0.0265625 0.04814814814814815
6 0.7372395833333333 0.700462962962963 0.1546875 0.09537037037037037
11 0.41901041666666666 0.8384259259259259 0.19010416666666666 0.1287037037037037
12 0.45286458333333335 0.13703703703703704 0.058854166666666666 0.1648148148148148
13 0.5942708333333333 0.612037037037037 0.21458333333333332 0.05555555555555555
14 0.5958333333333333 0.4583333333333333 0.39895833333333336 0.12777777777777777
14 0.12864583333333332 0.45092592592592595 0.21666666666666667 0.06851851851851852
