0 0.20925925925925926 0.66015625 0.09444444444444444 0.16197916666666667
0 0.10555555555555556 0.6708333333333333 0.10555555555555556 0.18229166666666666
0 0.17222222222222222 0.615625 0.03148148148148148 0.065625
2 0.20879629629629629 0.5875 0.04722222222222222 0.015625
2 0.17592592592592593 0.5880208333333333 0.020370370370370372 0.009375
2 0.10185185185185185 0.58984375 0.04814814814814815 0.018229166666666668
1 0.10324074074074074 0.6419270833333334 0.06944444444444445 0.059895833333333336
1 0.2074074074074074 0.6372395833333333 0.05185185185185185 0.049479166666666664
1 0.175 0.6033854166666667 0.024074074074074074 0.0171875
11 0.3578703703703704 0.7046875 0.25462962962962965 0.078125
12 0.22268518518518518 0.06588541666666667 0.15462962962962962 0.09427083333333333
