0 0.20925925925925926 0.83125 0.3175925925925926 0.9791666666666666
0 0.687962962962963 0.834375 0.7935185185185185 0.9140625
2 0.23703703703703705 0.8369791666666667 0.2824074074074074 0.8546875
2 0.725 0.8328125 0.7666666666666667 0.84375
1 0.23796296296296296 0.8625 0.29814814814814816 0.909375
1 0.7129629629629629 0.8536458333333333 0.774074074074074 0.9
12 0.49907407407407406 0.1359375 0.6259259259259259 0.2
11 0.5055555555555555 0.5994791666666667 0.7064814814814815 0.6619791666666667
13 0.000925925925925926 0.8260416666666667 0.4740740740740741 0.88125
14 0.024074074074074074 0.6046875 0.9787037037037037 0.7447916666666666
10 0.4009259259259259 0.8385416666666666 0.4425925925925926 0.890625
