0 0.21898148148148147 0.6927083333333334 0.14351851851851852 0.1625
0 0.34675925925925927 0.6791666666666667 0.13055555555555556 0.15520833333333334
0 0.39537037037037037 0.64453125 0.044444444444444446 0.0671875
2 0.20833333333333334 0.6223958333333334 0.04814814814814815 0.015625
2 0.3333333333333333 0.6158854166666666 0.044444444444444446 0.016145833333333335
2 0.39490740740740743 0.6135416666666667 0.017592592592592594 0.009375
1 0.21064814814814814 0.6690104166666667 0.06574074074074074 0.0515625
1 0.3365740740740741 0.65859375 0.05462962962962963 0.04635416666666667
1 0.39305555555555555 0.63046875 0.019444444444444445 0.0171875
11 0.47175925925925927 0.7192708333333333 0.20462962962962963 0.06979166666666667
12 0.34074074074074073 0.15833333333333333 0.1425925925925926 0.07708333333333334
14 0.14074074074074075 0.47942708333333334 0.24814814814814815 0.15989583333333332
