0 0.26666666666666666 0.6697916666666667 0.38333333333333336 0.8473958333333333
0 0.18333333333333332 0.675 0.3037037037037037 0.8802083333333334
0 0.13240740740740742 0.6739583333333333 0.17777777777777778 0.7395833333333334
2 0.14629629629629629 0.6739583333333333 0.1675925925925926 0.6833333333333333
2 0.20185185185185187 0.6739583333333333 0.25555555555555554 0.7005208333333334
2 0.2935185185185185 0.6697916666666667 0.33425925925925926 0.6885416666666667
1 0.18981481481481483 0.7088541666666667 0.28055555555555556 0.7760416666666666
1 0.2861111111111111 0.7 0.3527777777777778 0.7609375
1 0.14166666666666666 0.6848958333333334 0.1712962962962963 0.7036458333333333
11 0.34629629629629627 0.76875 0.6259259259259259 0.85
12 0.2675925925925926 0.07083333333333333 0.4462962962962963 0.175
