0 0.2740740740740741 0.8763020833333334 0.11296296296296296 0.1328125
0 0.6962962962962963 0.84296875 0.09259259259259259 0.08697916666666666
2 0.2740740740740741 0.8169270833333333 0.03888888888888889 0.0140625
2 0.6972222222222222 0.8078125 0.03518518518518519 0.013541666666666667
1 0.2759259259259259 0.8526041666666667 0.07037037037037037 0.042708333333333334
1 0.6907407407407408 0.8440104166666667 0.05925925925925926 0.04739583333333333
12 0.5342592592592592 0.1609375 0.10925925925925926 0.06041666666666667
11 0.5833333333333334 0.6299479166666667 0.17407407407407408 0.0390625
13 0.20694444444444443 0.82734375 0.4083333333333333 0.0578125
14 0.5050925925925925 0.6473958333333333 0.9898148148148148 0.1375
10 0.3680555555555556 0.83828125 0.04537037037037037 0.0609375
