0 0.05807291666666667 0.8527777777777777 0.11510416666666666 0.2777777777777778
0 0.28177083333333336 0.8726851851851852 0.08020833333333334 0.23425925925925925
0 0.37421875 0.8643518518518518 0.10052083333333334 0.14722222222222223
2 0.04505208333333333 0.7375 0.05677083333333333 0.05462962962962963
2 0.28515625 0.7791666666666667 0.044270833333333336 0.03425925925925926
2 0.34036458333333336 0.8194444444444444 0.0359375 0.06481481481481481
1 0.27265625 0.9018518518518519 0.05364583333333333 0.15555555555555556
1 0.3734375 0.8907407407407407 0.07395833333333333 0.06666666666666667
3 0.4171875 0.9560185185185185 0.21979166666666666 0.08796296296296297
3 0.58984375 0.9430555555555555 0.2484375 0.11388888888888889
6 0.7140625 0.8587962962962963 0.084375 0.14722222222222223
6 0.8098958333333334 0.8671296296296296 0.11354166666666667 0.15092592592592594
6 0.89609375 0.8634259259259259 0.06822916666666666 0.14907407407407408
6 0.9658854166666667 0.8569444444444444 0.06822916666666666 0.16203703703703703
7 0.5286458333333334 0.8555555555555555 0.12708333333333333 0.05925925925925926
7 0.1609375 0.8578703703703704 0.029166666666666667 0.06759259259259259
12 0.45651041666666664 0.4148148148148148 0.13802083333333334 0.29814814814814816
14 0.20598958333333334 0.7476851851851852 0.1453125 0.03981481481481482
14 0.6848958333333334 0.3597222222222222 0.04583333333333333 0.075
