0 0.03515625 0.8574074074074074 0.06927083333333334 0.2851851851851852
0 0.24817708333333333 0.8763888888888889 0.08802083333333334 0.24722222222222223
0 0.32317708333333334 0.8513888888888889 0.0953125 0.15833333333333333
2 0.30052083333333335 0.7972222222222223 0.036458333333333336 0.05
2 0.25286458333333334 0.7777777777777778 0.0421875 0.040740740740740744
2 0.015104166666666667 0.7388888888888889 0.029166666666666667 0.044444444444444446
1 0.24192708333333332 0.9018518518518519 0.059895833333333336 0.15185185185185185
1 0.3177083333333333 0.8828703703703704 0.06666666666666667 0.07685185185185185
3 0.39036458333333335 0.9532407407407407 0.24322916666666666 0.09351851851851851
3 0.54453125 0.9412037037037037 0.2484375 0.1175925925925926
6 0.6489583333333333 0.8351851851851851 0.08645833333333333 0.14074074074074075
6 0.7421875 0.8379629629629629 0.103125 0.15185185185185185
6 0.8307291666666666 0.8384259259259259 0.07604166666666666 0.14722222222222223
6 0.93046875 0.8333333333333334 0.11927083333333334 0.15
7 0.4635416666666667 0.8314814814814815 0.12708333333333333 0.06851851851851852
12 0.41510416666666666 0.39305555555555555 0.13229166666666667 0.2712962962962963
14 0.60546875 0.3439814814814815 0.0484375 0.05462962962962963
