0 0.25277777777777777 0.7885416666666667 0.37962962962962965 0.9395833333333333
0 0.6620370370370371 0.7880208333333333 0.75 0.865625
2 0.2759259259259259 0.8 0.30185185185185187 0.8177083333333334
2 0.7027777777777777 0.790625 0.7305555555555555 0.8046875
1 0.27037037037037037 0.8208333333333333 0.33425925925925926 0.8625
1 0.6777777777777778 0.8088541666666667 0.7444444444444445 0.8541666666666666
12 0.48703703703703705 0.1359375 0.5953703703703703 0.19583333333333333
11 0.5259259259259259 0.6057291666666667 0.6842592592592592 0.6484375
13 0.000925925925925926 0.7880208333333333 0.4148148148148148 0.8489583333333334
14 0.012962962962962963 0.5755208333333334 0.9962962962962963 0.7026041666666667
10 0.3509259259259259 0.7963541666666667 0.3962962962962963 0.8583333333333333
