0 0.0005208333333333333 0.6925925925925925 0.084375 0.9888888888888889
0 0.26197916666666665 0.6833333333333333 0.359375 1.0
0 0.3932291666666667 0.6962962962962963 0.475 0.9990740740740741
2 0.0005208333333333333 0.6972222222222222 0.04479166666666667 0.7601851851851852
2 0.2989583333333333 0.6925925925925925 0.3380208333333333 0.7333333333333333
2 0.41510416666666666 0.6898148148148148 0.44427083333333334 0.7305555555555555
1 0.0005208333333333333 0.7861111111111111 0.06666666666666667 0.9990740740740741
1 0.28489583333333335 0.7768518518518519 0.346875 0.9333333333333333
1 0.403125 0.7416666666666667 0.45677083333333335 0.8731481481481481
11 0.7145833333333333 0.9 0.9552083333333333 1.0
12 0.3921875 0.075 0.4979166666666667 0.22407407407407406
