0 0.45364583333333336 0.6287037037037037 0.5270833333333333 0.9194444444444444
0 0.3541666666666667 0.6453703703703704 0.40729166666666666 0.9601851851851851
0 0.3333333333333333 0.6601851851851852 0.3703125 0.8851851851851852
0 0.15677083333333333 0.6962962962962963 0.17291666666666666 0.7611111111111111
0 0.134375 0.7037037037037037 0.15 0.7731481481481481
2 0.13802083333333334 0.7037037037037037 0.14427083333333332 0.7129629629629629
2 0.15989583333333332 0.6962962962962963 0.16770833333333332 0.7037037037037037
2 0.475 0.6324074074074074 0.5005208333333333 0.6694444444444444
2 0.3546875 0.6462962962962963 0.3776041666666667 0.687037037037037
2 0.34010416666666665 0.662962962962963 0.3572916666666667 0.6916666666666667
1 0.1359375 0.7157407407407408 0.146875 0.7462962962962963
1 0.15989583333333332 0.7074074074074074 0.16979166666666667 0.7324074074074074
1 0.3494791666666667 0.7129629629629629 0.39895833333333336 0.8407407407407408
1 0.4635416666666667 0.6768518518518518 0.5098958333333333 0.7694444444444445
11 0.7255208333333333 0.7518518518518519 0.9307291666666667 0.8851851851851852
12 0.3375 0.04537037037037037 0.42239583333333336 0.16111111111111112
14 0.0010416666666666667 0.5194444444444445 0.1203125 0.6342592592592593
8 0.12864583333333332 0.7472222222222222 0.15260416666666668 0.774074074074074
8 0.15416666666666667 0.737037037037037 0.17708333333333334 0.7648148148148148
