0 0.32037037037037036 0.87265625 0.1 0.1296875
0 0.7180555555555556 0.84140625 0.11018518518518519 0.08177083333333333
2 0.3013888888888889 0.8213541666666667 0.025 0.020833333333333332
2 0.7092592592592593 0.8052083333333333 0.02962962962962963 0.009375
1 0.3277777777777778 0.8510416666666667 0.06666666666666667 0.0375
1 0.7078703703703704 0.84140625 0.062037037037037036 0.044270833333333336
12 0.5412037037037037 0.184375 0.10833333333333334 0.053125
11 0.5995370370370371 0.6424479166666667 0.1527777777777778 0.0453125
13 0.20324074074074075 0.8283854166666667 0.4046296296296296 0.0609375
14 0.500462962962963 0.65234375 0.9990740740740741 0.12760416666666666
