0 0.6875 0.55546875 0.125 0.19635416666666666
0 0.7921296296296296 0.5002604166666667 0.03796296296296296 0.058854166666666666
0 0.8324074074074074 0.5140625 0.027777777777777776 0.030208333333333334
2 0.6958333333333333 0.46822916666666664 0.05092592592592592 0.019791666666666666
2 0.788425925925926 0.47421875 0.01574074074074074 0.005729166666666666
2 0.8319444444444445 0.5026041666666666 0.01574074074074074 0.005208333333333333
1 0.7078703703703704 0.5260416666666666 0.075 0.06770833333333333
1 0.7921296296296296 0.49244791666666665 0.023148148148148147 0.025520833333333333
1 0.8356481481481481 0.515625 0.017592592592592594 0.014583333333333334
11 0.5578703703703703 0.6049479166666667 0.2064814814814815 0.09114583333333333
