0 0.5930555555555556 0.8375 0.14907407407407408 0.165625
0 0.37962962962962965 0.7544270833333333 0.05 0.0390625
0 0.43472222222222223 0.7630208333333334 0.041666666666666664 0.016666666666666666
0 0.8217592592592593 0.8088541666666667 0.09537037037037037 0.15520833333333334
0 0.9078703703703703 0.778125 0.05092592592592592 0.029166666666666667
2 0.38287037037037036 0.7401041666666667 0.017592592592592594 0.008333333333333333
2 0.4212962962962963 0.7638020833333333 0.011111111111111112 0.009895833333333333
2 0.5518518518518518 0.7690104166666667 0.044444444444444446 0.0296875
2 0.812962962962963 0.7377604166666667 0.037037037037037035 0.013020833333333334
2 0.8893518518518518 0.7682291666666666 0.013888888888888888 0.007291666666666667
1 0.6143518518518518 0.8072916666666666 0.09907407407407408 0.06041666666666667
1 0.8180555555555555 0.77734375 0.06574074074074074 0.050520833333333334
1 0.38333333333333336 0.75859375 0.027777777777777776 0.022395833333333334
1 0.44027777777777777 0.76484375 0.021296296296296296 0.008854166666666666
11 0.48703703703703705 0.875 0.22037037037037038 0.08020833333333334
12 0.6222222222222222 0.07317708333333334 0.22777777777777777 0.1171875
14 0.5842592592592593 0.6966145833333334 0.8314814814814815 0.024479166666666666
