0 0.6425925925925926 0.4421875 0.7444444444444445 0.5942708333333333
0 0.4787037037037037 0.4557291666666667 0.5703703703703704 0.6255208333333333
0 0.2861111111111111 0.47760416666666666 0.33240740740740743 0.5088541666666667
0 0.7546296296296297 0.4765625 0.7972222222222223 0.5046875
2 0.49444444444444446 0.45625 0.5416666666666666 0.4713541666666667
2 0.6620370370370371 0.446875 0.6990740740740741 0.4583333333333333
2 0.7564814814814815 0.47760416666666666 0.7703703703703704 0.48541666666666666
2 0.29907407407407405 0.478125 0.3175925925925926 0.48489583333333336
1 0.4898148148148148 0.4869791666666667 0.5546296296296296 0.546875
1 0.65 0.4703125 0.7194444444444444 0.5145833333333333
1 0.30185185185185187 0.490625 0.32685185185185184 0.5057291666666667
1 0.3287037037037037 0.4973958333333333 0.3537037037037037 0.5072916666666667
8 0.5564814814814815 0.4875 0.6046296296296296 0.5177083333333333
8 0.5879629629629629 0.478125 0.6277777777777778 0.5036458333333333
11 0.275 0.5614583333333333 0.4888888888888889 0.6307291666666667
14 0.05185185185185185 0.3932291666666667 1.0 0.4661458333333333
