0 0.140625 0.5694444444444444 0.1984375 0.7518518518518519
0 0.2838541666666667 0.5555555555555556 0.33489583333333334 0.7379629629629629
0 0.44166666666666665 0.549074074074074 0.5317708333333333 0.9
0 0.5822916666666667 0.5638888888888889 0.6515625 0.8518518518518519
0 0.6598958333333333 0.562962962962963 0.7354166666666667 0.6935185185185185
2 0.16302083333333334 0.5685185185185185 0.18125 0.5851851851851851
2 0.3020833333333333 0.5601851851851852 0.31875 0.5787037037037037
2 0.46927083333333336 0.5481481481481482 0.496875 0.5861111111111111
2 0.5921875 0.5685185185185185 0.6213541666666667 0.5990740740740741
1 0.15572916666666667 0.6018518518518519 0.18229166666666666 0.6666666666666666
1 0.29791666666666666 0.5944444444444444 0.321875 0.6592592592592592
1 0.459375 0.600925925925926 0.509375 0.7212962962962963
1 0.590625 0.6277777777777778 0.6302083333333334 0.7305555555555555
1 0.6770833333333334 0.6157407407407407 0.7145833333333333 0.6694444444444444
12 0.7447916666666666 0.024074074074074074 0.8739583333333333 0.2824074074074074
13 0.746875 0.5972222222222222 0.9963541666666667 0.7287037037037037
