0 0.3515625 0.8296296296296296 0.09479166666666666 0.17407407407407408
0 0.25442708333333336 0.8351851851851851 0.0765625 0.17222222222222222
0 0.04739583333333333 0.8277777777777777 0.09375 0.25925925925925924
2 0.346875 0.7694444444444445 0.0375 0.044444444444444446
2 0.2515625 0.7722222222222223 0.034375 0.03888888888888889
2 0.021614583333333333 0.7314814814814815 0.0421875 0.05925925925925926
1 0.2515625 0.8523148148148149 0.058333333333333334 0.05462962962962963
1 0.34609375 0.8722222222222222 0.05677083333333333 0.09074074074074075
3 0.41692708333333334 0.9527777777777777 0.2578125 0.09444444444444444
3 0.5658854166666667 0.9513888888888888 0.22864583333333333 0.09722222222222222
6 0.6216145833333333 0.8439814814814814 0.0921875 0.1361111111111111
6 0.715625 0.8537037037037037 0.10208333333333333 0.14074074074074075
6 0.8052083333333333 0.8472222222222222 0.07708333333333334 0.1574074074074074
6 0.8989583333333333 0.8476851851851852 0.115625 0.15648148148148147
7 0.4359375 0.8375 0.11770833333333333 0.06759259259259259
12 0.43359375 0.399537037037037 0.12552083333333333 0.29907407407407405
14 0.09791666666666667 0.7421296296296296 0.10625 0.058333333333333334
14 0.56953125 0.3527777777777778 0.0453125 0.07222222222222222
