0 0.29259259259259257 0.81875 0.3962962962962963 0.9526041666666667
0 0.6787037037037037 0.8130208333333333 0.7620370370370371 0.89375
2 0.32592592592592595 0.821875 0.35555555555555557 0.8395833333333333
2 0.7046296296296296 0.8125 0.7361111111111112 0.8239583333333333
1 0.3212962962962963 0.8453125 0.375 0.8859375
1 0.6972222222222222 0.8328125 0.7518518518518519 0.878125
12 0.48703703703703705 0.18802083333333333 0.600925925925926 0.246875
11 0.5259259259259259 0.6453125 0.687962962962963 0.6864583333333333
13 0.000925925925925926 0.8135416666666667 0.3962962962962963 0.8744791666666667
14 0.008333333333333333 0.5984375 1.0 0.7317708333333334
