0 0.899537037037037 0.5901041666666667 0.20092592592592592 0.10625
0 0.5722222222222222 0.5401041666666667 0.044444444444444446 0.026041666666666668
0 0.6574074074074074 0.546875 0.03888888888888889 0.0125
2 0.8282407407407407 0.54921875 0.03425925925925926 0.0265625
2 0.5643518518518519 0.5302083333333333 0.01574074074074074 0.00625
2 0.6467592592592593 0.5463541666666667 0.012037037037037037 0.007291666666666667
1 0.9 0.5739583333333333 0.0962962962962963 0.04479166666666667
1 0.5699074074074074 0.5440104166666667 0.032407407407407406 0.013020833333333334
1 0.6638888888888889 0.5466145833333333 0.016666666666666666 0.008854166666666666
8 0.8958333333333334 0.5385416666666667 0.058333333333333334 0.028125
8 0.9162037037037037 0.5299479166666666 0.03981481481481482 0.021354166666666667
10 0.25046296296296294 0.6635416666666667 0.1675925925925926 0.05625
11 0.8064814814814815 0.62109375 0.22962962962962963 0.06302083333333333
14 0.7050925925925926 0.4817708333333333 0.5898148148148148 0.059375
