0 0.42291666666666666 0.7425925925925926 0.484375 0.9981481481481481
0 0.32916666666666666 0.7518518518518519 0.35520833333333335 0.7972222222222223
0 0.41875 0.7407407407407407 0.44114583333333335 0.8425925925925926
2 0.33541666666666664 0.7509259259259259 0.3489583333333333 0.7657407407407407
2 0.43802083333333336 0.7435185185185185 0.4630208333333333 0.7648148148148148
2 0.4234375 0.7425925925925926 0.4359375 0.7583333333333333
1 0.43072916666666666 0.7916666666666666 0.4671875 0.8907407407407407
1 0.3302083333333333 0.7824074074074074 0.35208333333333336 0.7944444444444444
1 0.4239583333333333 0.7712962962962963 0.43802083333333336 0.8083333333333333
6 0.48489583333333336 0.7796296296296297 0.6161458333333333 0.8453703703703703
10 0.071875 0.7666666666666667 0.10989583333333333 0.812962962962963
11 0.41875 0.8935185185185185 0.5677083333333334 0.9907407407407407
12 0.43697916666666664 0.20277777777777778 0.5098958333333333 0.33796296296296297
13 0.19739583333333333 0.7351851851851852 0.38645833333333335 0.7944444444444444
14 0.17552083333333332 0.5296296296296297 0.590625 0.6592592592592592
