0 0.39348958333333334 0.7560185185185185 0.07239583333333334 0.30092592592592593
0 0.26796875 0.8013888888888889 0.08489583333333334 0.3453703703703704
0 0.0390625 0.7175925925925926 0.01875 0.07222222222222222
0 0.015625 0.725 0.01875 0.07777777777777778
2 0.2604166666666667 0.6476851851851851 0.027083333333333334 0.03796296296296296
2 0.39375 0.6291666666666667 0.023958333333333335 0.049074074074074076
2 0.014322916666666666 0.6925925925925925 0.0067708333333333336 0.009259259259259259
2 0.03828125 0.6861111111111111 0.0067708333333333336 0.009259259259259259
1 0.2677083333333333 0.7587962962962963 0.05625 0.14166666666666666
1 0.39088541666666665 0.7037037037037037 0.0421875 0.09814814814814815
1 0.0390625 0.7069444444444445 0.009375 0.025
1 0.015625 0.7212962962962963 0.011458333333333333 0.03518518518518519
11 0.734375 0.788425925925926 0.19375 0.13425925925925927
11 0.9604166666666667 0.7601851851851852 0.07916666666666666 0.1388888888888889
12 0.3255208333333333 0.10787037037037037 0.10625 0.1712962962962963
8 0.10338541666666666 0.8527777777777777 0.1171875 0.21481481481481482
