0 0.8518518518518519 0.5515625 1.0 0.7015625
0 0.7 0.5739583333333333 0.7379629629629629 0.5838541666666667
0 0.6240740740740741 0.5598958333333334 0.6675925925925926 0.590625
2 0.7064814814814815 0.5760416666666667 0.7175925925925926 0.5838541666666667
2 0.6287037037037037 0.5588541666666667 0.6481481481481481 0.5661458333333333
2 0.8759259259259259 0.5515625 0.9175925925925926 0.5765625
1 0.9074074074074074 0.565625 0.9944444444444445 0.6239583333333333
1 0.6333333333333333 0.5692708333333333 0.6657407407407407 0.5885416666666666
1 0.7203703703703703 0.5734375 0.737037037037037 0.5833333333333334
10 0.16666666666666666 0.6828125 0.35 0.7416666666666667
11 0.7472222222222222 0.6354166666666666 0.9851851851851852 0.7026041666666667
14 0.45 0.4859375 1.0 0.5494791666666666
