0 0.41435185185185186 0.7432291666666667 0.13796296296296295 0.153125
0 0.6981481481481482 0.7239583333333334 0.06851851851851852 0.12083333333333333
0 0.2212962962962963 0.6770833333333334 0.040740740740740744 0.026041666666666668
0 0.2847222222222222 0.69140625 0.03796296296296296 0.0140625
2 0.4148148148148148 0.6760416666666667 0.03888888888888889 0.0125
2 0.6958333333333333 0.66953125 0.03425925925925926 0.008854166666666666
2 0.2337962962962963 0.6703125 0.017592592592592594 0.007291666666666667
2 0.27314814814814814 0.68828125 0.012962962962962963 0.0078125
1 0.4203703703703704 0.71171875 0.05740740740740741 0.04635416666666667
1 0.6949074074074074 0.7020833333333333 0.04722222222222222 0.0375
1 0.28935185185185186 0.6903645833333333 0.01574074074074074 0.008854166666666666
1 0.21851851851851853 0.6825520833333333 0.025925925925925925 0.013020833333333334
11 0.46620370370370373 0.7723958333333333 0.18981481481481483 0.05625
12 0.5777777777777777 0.1484375 0.17037037037037037 0.10729166666666666
14 0.5305555555555556 0.62421875 0.9388888888888889 0.019270833333333334
