0 0.4412037037037037 0.8455729166666667 0.08981481481481482 0.1203125
0 0.7898148148148149 0.8125 0.09074074074074075 0.075
2 0.4356481481481482 0.7940104166666667 0.030555555555555555 0.0140625
2 0.7861111111111111 0.7799479166666666 0.03333333333333333 0.011979166666666667
1 0.4449074074074074 0.8291666666666667 0.05092592592592592 0.03854166666666667
1 0.7939814814814815 0.8151041666666666 0.058333333333333334 0.03958333333333333
12 0.5777777777777777 0.18671875 0.1111111111111111 0.06614583333333333
11 0.6615740740740741 0.6364583333333333 0.1527777777777778 0.052083333333333336
13 0.2273148148148148 0.8135416666666667 0.4527777777777778 0.06666666666666667
14 0.5050925925925925 0.6278645833333333 0.9898148148148148 0.1234375
