0 0.2830729166666667 0.8064814814814815 0.08489583333333334 0.17037037037037037
0 0.17135416666666667 0.8037037037037037 0.05416666666666667 0.1425925925925926
2 0.28098958333333335 0.7430555555555556 0.0390625 0.041666666666666664
2 0.16328125 0.7509259259259259 0.034895833333333334 0.03333333333333333
1 0.2828125 0.8453703703703703 0.065625 0.10185185185185185
1 0.165625 0.8384259259259259 0.035416666666666666 0.062037037037037036
3 0.34427083333333336 0.9398148148148148 0.259375 0.12037037037037036
3 0.5309895833333333 0.9310185185185185 0.16302083333333334 0.13796296296296295
6 0.5674479166666667 0.8064814814814815 0.0890625 0.12962962962962962
6 0.6557291666666667 0.8064814814814815 0.10625 0.1388888888888889
6 0.7427083333333333 0.8041666666666667 0.08125 0.13425925925925927
6 0.8356770833333333 0.8013888888888889 0.10677083333333333 0.14166666666666666
7 0.3809895833333333 0.8064814814814815 0.1234375 0.09814814814814815
12 0.36796875 0.3527777777777778 0.13385416666666666 0.29259259259259257
