0 0.19114583333333332 0.6342592592592593 0.2953125 0.8148148148148148
0 0.08489583333333334 0.6398148148148148 0.15416666666666667 0.8629629629629629
2 0.23177083333333334 0.6324074074074074 0.26875 0.687962962962963
2 0.09114583333333333 0.6324074074074074 0.1328125 0.675
1 0.08854166666666667 0.7166666666666667 0.14791666666666667 0.8453703703703703
1 0.215625 0.7148148148148148 0.2791666666666667 0.8046296296296296
3 0.15104166666666666 0.7888888888888889 0.4515625 1.0
3 0.3515625 0.7768518518518519 0.5932291666666667 0.9879629629629629
6 0.5197916666666667 0.6527777777777778 0.6125 0.7916666666666666
6 0.6135416666666667 0.6592592592592592 0.7125 0.7925925925925926
6 0.7104166666666667 0.6407407407407407 0.7802083333333333 0.7861111111111111
6 0.7817708333333333 0.6453703703703704 0.8994791666666667 0.7768518518518519
7 0.3109375 0.6601851851851852 0.4395833333333333 0.762962962962963
12 0.234375 0.06296296296296296 0.37395833333333334 0.37037037037037035
14 0.4979166666666667 0.19166666666666668 0.5515625 0.2722222222222222
14 0.7598958333333333 0.21296296296296297 1.0 0.3990740740740741
