0 0.6546296296296297 0.8763020833333334 0.09444444444444444 0.12552083333333333
0 0.4810185185185185 0.8518229166666667 0.062037037037037036 0.07864583333333333
0 0.28379629629629627 0.8393229166666667 0.03796296296296296 0.0328125
0 0.2708333333333333 0.90234375 0.07314814814814814 0.09739583333333333
2 0.2833333333333333 0.8276041666666667 0.018518518518518517 0.007291666666666667
2 0.4888888888888889 0.8174479166666667 0.022222222222222223 0.0078125
2 0.6407407407407407 0.8200520833333333 0.03333333333333333 0.0109375
2 0.2671296296296296 0.85390625 0.026851851851851852 0.008854166666666666
1 0.27314814814814814 0.8739583333333333 0.046296296296296294 0.028125
1 0.48518518518518516 0.8419270833333333 0.02962962962962963 0.0296875
1 0.6453703703703704 0.8544270833333333 0.053703703703703705 0.0390625
1 0.2847222222222222 0.8427083333333333 0.021296296296296296 0.017708333333333333
11 0.42407407407407405 0.9354166666666667 0.21296296296296297 0.06145833333333333
12 0.537962962962963 0.19635416666666666 0.14814814814814814 0.08333333333333333
14 0.5032407407407408 0.7765625 0.9935185185185185 0.0375
10 0.9314814814814815 0.8434895833333333 0.07592592592592592 0.06614583333333333
6 0.8037037037037037 0.8252604166666667 0.04814814814814815 0.022395833333333334
