0 0.26805555555555555 0.7872395833333333 0.030555555555555555 0.034895833333333334
0 0.2675925925925926 0.8513020833333333 0.09074074074074075 0.09739583333333333
0 0.6226851851851852 0.825 0.08055555555555556 0.11666666666666667
0 0.6546296296296297 0.8088541666666667 0.046296296296296294 0.08229166666666667
2 0.2662037037037037 0.7768229166666667 0.01574074074074074 0.0078125
2 0.28888888888888886 0.8127604166666667 0.025925925925925925 0.0203125
2 0.6185185185185185 0.77265625 0.02962962962962963 0.0109375
2 0.649074074074074 0.7713541666666667 0.024074074074074074 0.00625
1 0.2490740740740741 0.8239583333333333 0.05 0.029166666666666667
1 0.26851851851851855 0.7927083333333333 0.020370370370370372 0.016666666666666666
1 0.6236111111111111 0.80546875 0.04537037037037037 0.0390625
1 0.6486111111111111 0.7979166666666667 0.021296296296296296 0.03333333333333333
11 0.39814814814814814 0.8807291666666667 0.2111111111111111 0.06041666666666667
12 0.5689814814814815 0.084375 0.14907407407407408 0.08333333333333333
14 0.5023148148148148 0.72578125 0.9953703703703703 0.033854166666666664
