0 0.41944444444444445 0.7588541666666667 0.49537037037037035 0.8875
0 0.7407407407407407 0.7588541666666667 0.837037037037037 0.8395833333333333
2 0.44351851851851853 0.7635416666666667 0.475 0.7796875
2 0.7768518518518519 0.759375 0.812962962962963 0.7755208333333333
1 0.4388888888888889 0.7864583333333334 0.4824074074074074 0.8239583333333333
1 0.7703703703703704 0.7807291666666667 0.8203703703703704 0.8229166666666666
12 0.5509259259259259 0.13489583333333333 0.6666666666666666 0.19114583333333332
11 0.600925925925926 0.6088541666666667 0.7527777777777778 0.6526041666666667
13 0.000925925925925926 0.7614583333333333 0.44814814814814813 0.8197916666666667
14 0.011111111111111112 0.5364583333333334 1.0 0.6760416666666667
