0 0.3390625 0.8194444444444444 0.10104166666666667 0.17592592592592593
0 0.17890625 0.8675925925925926 0.10364583333333334 0.26481481481481484
2 0.18072916666666666 0.7481481481481481 0.04583333333333333 0.04814814814814815
2 0.3533854166666667 0.7615740740740741 0.0421875 0.062037037037037036
1 0.17916666666666667 0.8861111111111111 0.071875 0.15555555555555556
1 0.3411458333333333 0.8486111111111111 0.065625 0.10648148148148148
3 0.3796875 0.9444444444444444 0.315625 0.1111111111111111
3 0.5697916666666667 0.9319444444444445 0.26666666666666666 0.1361111111111111
6 0.6705729166666666 0.7666666666666667 0.09427083333333333 0.16666666666666666
6 0.7703125 0.7578703703703704 0.10729166666666666 0.175
6 0.85859375 0.7384259259259259 0.08385416666666666 0.18425925925925926
6 0.9536458333333333 0.7333333333333333 0.09270833333333334 0.1574074074074074
7 0.4708333333333333 0.7847222222222222 0.12395833333333334 0.10648148148148148
12 0.34375 0.26944444444444443 0.15833333333333333 0.35185185185185186
14 0.15338541666666666 0.7199074074074074 0.08489583333333334 0.06574074074074074
14 0.6067708333333334 0.26944444444444443 0.04791666666666667 0.09814814814814815
14 0.9309895833333334 0.3662037037037037 0.1296875 0.09907407407407408
