0 0.7427083333333333 0.6833333333333333 0.8932291666666666 1.0
0 0.49375 0.7185185185185186 0.5666666666666667 1.0
0 0.4322916666666667 0.7379629629629629 0.50625 1.0
0 0.25885416666666666 0.7185185185185186 0.32760416666666664 0.8796296296296297
2 0.27447916666666666 0.7194444444444444 0.2984375 0.7379629629629629
2 0.459375 0.7490740740740741 0.4859375 0.775
2 0.5098958333333333 0.7296296296296296 0.534375 0.7620370370370371
2 0.7875 0.6833333333333333 0.8380208333333333 0.7490740740740741
1 0.46197916666666666 0.7888888888888889 0.5057291666666667 0.8935185185185185
1 0.5026041666666666 0.775 0.5447916666666667 0.8787037037037037
1 0.7552083333333334 0.787962962962963 0.8671875 0.9990740740740741
3 0.4015625 0.7962962962962963 0.4765625 0.9638888888888889
3 0.546875 0.8203703703703704 0.6739583333333333 0.950925925925926
6 0.8921875 0.7425925925925926 0.9651041666666667 0.8814814814814815
6 0.9630208333333333 0.7574074074074074 1.0 0.8787037037037037
6 0.8526041666666667 0.7592592592592593 0.8880208333333334 0.8592592592592593
7 0.6692708333333334 0.775 0.7625 0.8296296296296296
8 0.011979166666666667 0.8583333333333333 0.11822916666666666 0.9611111111111111
12 0.45 0.32685185185185184 0.5234375 0.44907407407407407
14 0.3723958333333333 0.687037037037037 0.5864583333333333 0.7314814814814815
14 0.07135416666666666 0.024074074074074074 0.146875 0.11388888888888889
14 0.06197916666666667 0.22592592592592592 0.14166666666666666 0.30185185185185187
14 0.06354166666666666 0.48333333333333334 0.15052083333333333 0.5435185185185185
