0 0.21388888888888888 0.7135416666666666 0.3175925925925926 0.8442708333333333
0 0.4212962962962963 0.721875 0.5611111111111111 0.8109375
2 0.2490740740740741 0.7151041666666667 0.2824074074074074 0.7276041666666667
2 0.4703703703703704 0.721875 0.5111111111111111 0.7348958333333333
1 0.2361111111111111 0.7375 0.2796296296296296 0.7770833333333333
1 0.46574074074074073 0.7416666666666667 0.5212962962962963 0.7885416666666667
11 0.33240740740740743 0.6546875 0.49444444444444446 0.7026041666666667
12 0.3537037037037037 0.14375 0.4777777777777778 0.19895833333333332
13 0.001851851851851852 0.7098958333333333 0.24444444444444444 0.7536458333333333
14 0.004629629629629629 0.49947916666666664 0.912962962962963 0.6557291666666667
10 0.18425925925925926 0.7182291666666667 0.225 0.7578125
