0 0.3296875 0.7662037037037037 0.084375 0.3638888888888889
0 0.16276041666666666 0.8009259259259259 0.07447916666666667 0.39814814814814814
0 0.19609375 0.6435185185185185 0.0484375 0.07222222222222222
2 0.32734375 0.6055555555555555 0.0328125 0.04814814814814815
2 0.1609375 0.6199074074074075 0.036458333333333336 0.04351851851851852
2 0.18828125 0.6240740740740741 0.024479166666666666 0.037037037037037035
1 0.16744791666666667 0.7546296296296297 0.06927083333333334 0.17777777777777778
1 0.32916666666666666 0.6944444444444444 0.06354166666666666 0.12407407407407407
11 0.7369791666666666 0.8268518518518518 0.228125 0.17962962962962964
11 0.9234375 0.8069444444444445 0.153125 0.1638888888888889
12 0.4390625 0.06111111111111111 0.1 0.12037037037037036
