0 0.1685185185185185 0.6411458333333333 0.2740740740740741 0.7802083333333333
0 0.5675925925925925 0.6510416666666666 0.6537037037037037 0.7442708333333333
2 0.19722222222222222 0.6515625 0.23148148148148148 0.6635416666666667
2 0.5805555555555556 0.6536458333333334 0.6166666666666667 0.6651041666666667
1 0.18333333333333332 0.6744791666666666 0.23333333333333334 0.7119791666666667
1 0.5851851851851851 0.6739583333333333 0.6462962962962963 0.7192708333333333
11 0.3611111111111111 0.6515625 0.5842592592592593 0.6927083333333334
12 0.41944444444444445 0.11770833333333333 0.5407407407407407 0.17291666666666666
13 0.000925925925925926 0.6473958333333333 0.15925925925925927 0.6859375
14 0.012962962962962963 0.43854166666666666 0.8268518518518518 0.6036458333333333
10 0.10092592592592593 0.6557291666666667 0.13703703703703704 0.7088541666666667
5 0.6074074074074074 0.7015625 0.9944444444444445 0.8401041666666667
