0 0.26536458333333335 0.8810185185185185 0.08697916666666666 0.23796296296296296
0 0.15260416666666668 0.8925925925925926 0.07291666666666667 0.21481481481481482
0 0.07395833333333333 0.8916666666666667 0.09791666666666667 0.21666666666666667
2 0.259375 0.7842592592592592 0.036458333333333336 0.044444444444444446
2 0.14869791666666668 0.8009259259259259 0.0328125 0.024074074074074074
2 0.05677083333333333 0.8101851851851852 0.04895833333333333 0.05
1 0.08229166666666667 0.9314814814814815 0.075 0.13703703703703704
1 0.14453125 0.8912037037037037 0.0421875 0.12314814814814815
1 0.26328125 0.888425925925926 0.058854166666666666 0.13055555555555556
12 0.43645833333333334 0.16712962962962963 0.10416666666666667 0.16944444444444445
