0 0.3453703703703704 0.6708333333333333 0.4648148148148148 0.7932291666666667
0 0.26481481481481484 0.659375 0.34074074074074073 0.7854166666666667
0 0.21203703703703702 0.6640625 0.2759259259259259 0.7692708333333333
0 0.7944444444444444 0.6760416666666667 0.8231481481481482 0.709375
2 0.39166666666666666 0.671875 0.42407407407407405 0.6875
2 0.28425925925925927 0.6609375 0.3212962962962963 0.6739583333333333
2 0.23981481481481481 0.6671875 0.2657407407407407 0.6802083333333333
1 0.35833333333333334 0.6895833333333333 0.41944444444444445 0.7322916666666667
1 0.275 0.6854166666666667 0.32037037037037036 0.7244791666666667
1 0.22407407407407406 0.6859375 0.2657407407407407 0.7140625
11 0.40185185185185185 0.7151041666666667 0.6268518518518519 0.7666666666666667
12 0.4583333333333333 0.15104166666666666 0.5972222222222222 0.2109375
13 0.000925925925925926 0.6526041666666667 0.1537037037037037 0.6911458333333333
14 0.014814814814814815 0.42135416666666664 0.812962962962963 0.6125
10 0.10092592592592593 0.6614583333333334 0.1287037037037037 0.7171875
