0 0.48125 0.7138888888888889 0.5895833333333333 1.0
0 0.2734375 0.6944444444444444 0.4010416666666667 0.9435185185185185
0 0.0005208333333333333 0.5768518518518518 0.0578125 0.7666666666666667
2 0.321875 0.6925925925925925 0.35885416666666664 0.7351851851851852
2 0.50625 0.7157407407407408 0.55625 0.7722222222222223
2 0.0005208333333333333 0.5740740740740741 0.04010416666666667 0.625
1 0.28802083333333334 0.7564814814814815 0.3645833333333333 0.9333333333333333
1 0.4973958333333333 0.8111111111111111 0.5640625 0.9898148148148148
3 0.26666666666666666 0.8740740740740741 0.4822916666666667 1.0
3 0.5927083333333333 0.9203703703703704 0.8026041666666667 1.0
7 0.7375 0.8314814814814815 0.8911458333333333 0.924074074074074
12 0.36822916666666666 0.011111111111111112 0.5557291666666667 0.36018518518518516
14 0.39791666666666664 0.6759259259259259 0.5786458333333333 0.7416666666666667
14 0.0067708333333333336 0.06851851851851852 0.10520833333333333 0.1685185185185185
14 0.0005208333333333333 0.35555555555555557 0.09270833333333334 0.4388888888888889
