0 0.17777777777777778 0.8619791666666666 0.30648148148148147 0.9927083333333333
0 0.7101851851851851 0.8536458333333333 0.8175925925925925 0.940625
2 0.21388888888888888 0.8619791666666666 0.2490740740740741 0.8822916666666667
2 0.7435185185185185 0.8557291666666667 0.7777777777777778 0.8666666666666667
1 0.2 0.8880208333333334 0.26851851851851855 0.934375
1 0.7305555555555555 0.8765625 0.7925925925925926 0.921875
11 0.5046296296296297 0.6046875 0.7129629629629629 0.665625
12 0.5083333333333333 0.14375 0.6296296296296297 0.19375
13 0.000925925925925926 0.8494791666666667 0.4777777777777778 0.9036458333333334
14 0.016666666666666666 0.6197916666666666 1.0 0.771875
10 0.4101851851851852 0.8567708333333334 0.4527777777777778 0.9182291666666667
