0 0.31203703703703706 0.63125 0.4064814814814815 0.7760416666666666
0 0.42777777777777776 0.6369791666666667 0.5351851851851852 0.7713541666666667
0 0.5990740740740741 0.6416666666666667 0.6731481481481482 0.7286458333333333
0 0.8101851851851852 0.6447916666666667 0.8333333333333334 0.6723958333333333
2 0.3398148148148148 0.640625 0.36944444444444446 0.6541666666666667
2 0.44907407407407407 0.6390625 0.4888888888888889 0.6520833333333333
2 0.6203703703703703 0.6453125 0.6444444444444445 0.65625
1 0.32685185185185184 0.6625 0.37777777777777777 0.7036458333333333
1 0.43796296296296294 0.6625 0.5 0.7057291666666666
1 0.6138888888888889 0.6567708333333333 0.6481481481481481 0.6796875
11 0.5092592592592593 0.71875 0.6583333333333333 0.7671875
12 0.4888888888888889 0.1390625 0.6351851851851852 0.21510416666666668
13 0.000925925925925926 0.6338541666666667 0.11944444444444445 0.6755208333333333
14 0.004629629629629629 0.3890625 0.8166666666666667 0.5776041666666667
10 0.10740740740740741 0.640625 0.14907407407407408 0.6791666666666667
