0 0.22685185185185186 0.71796875 0.11481481481481481 0.1390625
0 0.38333333333333336 0.7 0.08333333333333333 0.14583333333333334
0 0.5074074074074074 0.6768229166666667 0.06111111111111111 0.08072916666666667
2 0.21203703703703702 0.6536458333333334 0.03888888888888889 0.013541666666666667
2 0.36527777777777776 0.6484375 0.03611111111111111 0.015625
2 0.5092592592592593 0.6442708333333333 0.022222222222222223 0.011458333333333333
1 0.20787037037037037 0.6940104166666666 0.06018518518518518 0.04010416666666667
1 0.3731481481481482 0.684375 0.05185185185185185 0.04375
1 0.5074074074074074 0.6630208333333333 0.037037037037037035 0.020833333333333332
11 0.4689814814814815 0.7453125 0.15648148148148147 0.04791666666666667
12 0.4 0.17552083333333332 0.13518518518518519 0.07708333333333334
14 0.28935185185185186 0.4953125 0.549074074074074 0.15
