0 0.2453125 0.8101851851851852 0.2859375 0.9675925925925926
0 0.3338541666666667 0.7972222222222223 0.36875 0.9064814814814814
2 0.25677083333333334 0.812037037037037 0.27291666666666664 0.8277777777777777
2 0.3489583333333333 0.8037037037037037 0.36041666666666666 0.8175925925925925
1 0.2520833333333333 0.837037037037037 0.27395833333333336 0.8898148148148148
1 0.34427083333333336 0.825925925925926 0.359375 0.8666666666666667
10 0.6432291666666666 0.7962962962962963 0.6921875 0.8601851851851852
12 0.2916666666666667 0.14074074074074075 0.3375 0.21574074074074073
14 0.7723958333333333 0.6388888888888888 0.8651041666666667 0.6731481481481482
14 0.6947916666666667 0.275 0.7505208333333333 0.375
