0 0.21574074074074073 0.6380208333333334 0.3416666666666667 0.7963541666666667
0 0.3574074074074074 0.6380208333333334 0.45555555555555555 0.7708333333333334
0 0.4546296296296296 0.634375 0.49444444444444446 0.7067708333333333
2 0.24814814814814815 0.640625 0.2916666666666667 0.6572916666666667
2 0.375 0.6369791666666667 0.41574074074074074 0.6505208333333333
2 0.46296296296296297 0.6369791666666667 0.48148148148148145 0.6473958333333333
1 0.2351851851851852 0.6682291666666667 0.2972222222222222 0.7151041666666667
1 0.37222222222222223 0.6614583333333334 0.42685185185185187 0.7083333333333334
1 0.462037037037037 0.65 0.4861111111111111 0.6671875
11 0.4287037037037037 0.709375 0.637962962962963 0.7802083333333333
12 0.34074074074074073 0.15364583333333334 0.48518518518518516 0.2390625
14 0.008333333333333333 0.3802083333333333 0.38333333333333336 0.5776041666666667
