0 0.03611111111111111 0.746875 0.07037037037037037 0.11458333333333333
0 0.09537037037037037 0.7236979166666667 0.06296296296296296 0.06614583333333333
0 0.3037037037037037 0.74609375 0.07962962962962963 0.0984375
0 0.5685185185185185 0.7453125 0.07222222222222222 0.071875
0 0.7958333333333333 0.76328125 0.08425925925925926 0.0828125
2 0.7763888888888889 0.7299479166666667 0.021296296296296296 0.013020833333333334
2 0.5722222222222222 0.7153645833333333 0.024074074074074074 0.009895833333333333
2 0.31157407407407406 0.7010416666666667 0.028703703703703703 0.011458333333333333
2 0.09583333333333334 0.69765625 0.017592592592592594 0.005729166666666666
2 0.041666666666666664 0.6942708333333333 0.03518518518518519 0.009375
1 0.03194444444444444 0.7270833333333333 0.03981481481481482 0.040625
1 0.3060185185185185 0.7322916666666667 0.03425925925925926 0.03958333333333333
1 0.5583333333333333 0.7427083333333333 0.027777777777777776 0.03333333333333333
1 0.8018518518518518 0.75078125 0.04259259259259259 0.027604166666666666
11 0.5541666666666667 0.796875 0.14166666666666666 0.040625
12 0.412962962962963 0.31197916666666664 0.10555555555555556 0.078125
13 0.6898148148148148 0.7114583333333333 0.3074074074074074 0.023958333333333335
14 0.7356481481481482 0.640625 0.5287037037037037 0.071875
14 0.09907407407407408 0.61953125 0.1814814814814815 0.03177083333333333
14 0.16342592592592592 0.38723958333333336 0.19722222222222222 0.05260416666666667
14 0.23981481481481481 0.09713541666666667 0.15555555555555556 0.0734375
10 0.34074074074074073 0.7205729166666667 0.037037037037037035 0.034895833333333334
10 0.41388888888888886 0.6645833333333333 0.044444444444444446 0.026041666666666668
8 0.18888888888888888 0.7393229166666667 0.08333333333333333 0.022395833333333334
