0 0.24270833333333333 0.7564814814814815 0.3234375 1.0
0 0.171875 0.7666666666666667 0.24583333333333332 1.0
0 0.03802083333333333 0.774074074074074 0.0609375 0.8435185185185186
2 0.20364583333333333 0.775 0.2390625 0.8148148148148148
2 0.259375 0.7537037037037037 0.2921875 0.8018518518518518
2 0.04583333333333333 0.7731481481481481 0.05416666666666667 0.7842592592592592
1 0.2484375 0.8212962962962963 0.3067708333333333 0.9481481481481482
1 0.1890625 0.8314814814814815 0.22916666666666666 0.9546296296296296
1 0.0453125 0.7870370370370371 0.05364583333333333 0.8092592592592592
1 0.0005208333333333333 0.8583333333333333 0.01875 0.9824074074074074
12 0.43020833333333336 0.08981481481481482 0.534375 0.2601851851851852
