0 0.3851851851851852 0.6932291666666667 0.45185185185185184 0.8
0 0.6333333333333333 0.6875 0.712037037037037 0.7979166666666667
0 0.9212962962962963 0.6989583333333333 0.9824074074074074 0.78125
2 0.41574074074074074 0.6932291666666667 0.44537037037037036 0.6994791666666667
2 0.662962962962963 0.6932291666666667 0.6907407407407408 0.7015625
2 0.9444444444444444 0.7041666666666667 0.975 0.7135416666666666
1 0.4074074074074074 0.7057291666666666 0.4527777777777778 0.7453125
1 0.6564814814814814 0.7119791666666667 0.6925925925925925 0.7494791666666667
1 0.9305555555555556 0.71875 0.9731481481481481 0.7541666666666667
10 0.5194444444444445 0.6994791666666667 0.5537037037037037 0.7244791666666667
10 0.6935185185185185 0.6927083333333334 0.7212962962962963 0.721875
11 0.8935185185185185 0.7703125 1.0 0.8192708333333333
12 0.48703703703703705 0.3072916666666667 0.5935185185185186 0.375
14 0.23055555555555557 0.5963541666666666 0.5351851851851852 0.6354166666666666
14 0.8166666666666667 0.5963541666666666 0.9962962962962963 0.6338541666666667
14 0.004629629629629629 0.5947916666666667 0.22314814814814815 0.6395833333333333
14 0.3851851851851852 0.3640625 0.587037037037037 0.4140625
14 0.4425925925925926 0.042708333333333334 0.5935185185185186 0.1328125
