0 0.23935185185185184 0.7677083333333333 0.0712962962962963 0.11666666666666667
0 0.3236111111111111 0.7424479166666667 0.049074074074074076 0.06510416666666667
0 0.5111111111111111 0.7583333333333333 0.07592592592592592 0.103125
0 0.7731481481481481 0.746875 0.053703703703703705 0.07708333333333334
2 0.2523148148148148 0.7161458333333334 0.030555555555555555 0.008333333333333333
2 0.3263888888888889 0.7151041666666667 0.017592592592592594 0.00625
2 0.5106481481481482 0.7119791666666667 0.026851851851851852 0.009375
2 0.7759259259259259 0.7158854166666667 0.027777777777777776 0.009895833333333333
2 0.9912037037037037 0.7239583333333334 0.017592592592592594 0.0125
1 0.24074074074074073 0.7479166666666667 0.046296296296296294 0.03854166666666667
1 0.5092592592592593 0.7450520833333333 0.046296296296296294 0.03802083333333333
1 0.7689814814814815 0.7455729166666667 0.03611111111111111 0.03177083333333333
10 0.42962962962962964 0.7161458333333334 0.040740740740740744 0.027083333333333334
11 0.7763888888888889 0.79921875 0.13796296296296295 0.04635416666666667
12 0.3875 0.33619791666666665 0.10648148148148148 0.05572916666666667
13 0.8601851851851852 0.709375 0.2777777777777778 0.022916666666666665
14 0.2 0.6385416666666667 0.32407407407407407 0.023958333333333335
14 0.7842592592592592 0.6255208333333333 0.30925925925925923 0.05
14 0.2916666666666667 0.4046875 0.20185185185185187 0.06041666666666667
14 0.32546296296296295 0.11119791666666666 0.15833333333333333 0.0828125
8 0.38842592592592595 0.7549479166666667 0.0712962962962963 0.027604166666666666
