0 0.6185185185185185 0.6869791666666667 0.6777777777777778 0.7583333333333333
0 0.737037037037037 0.6864583333333333 0.8148148148148148 0.7979166666666667
0 0.5074074074074074 0.6854166666666667 0.5907407407407408 0.7958333333333333
2 0.5462962962962963 0.6869791666666667 0.5694444444444444 0.6942708333333333
2 0.6324074074074074 0.6895833333333333 0.6518518518518519 0.6958333333333333
2 0.7731481481481481 0.6890625 0.8009259259259259 0.7020833333333333
1 0.7666666666666667 0.7098958333333333 0.8074074074074075 0.7515625
10 0.575925925925926 0.7088541666666667 0.6185185185185185 0.7338541666666667
10 0.8074074074074075 0.6947916666666667 0.8407407407407408 0.71875
12 0.5583333333333333 0.32395833333333335 0.6564814814814814 0.39114583333333336
14 0.11296296296296296 0.59375 0.34444444444444444 0.6317708333333333
14 0.36574074074074076 0.5885416666666666 0.6416666666666667 0.6307291666666667
14 0.03981481481481482 0.5010416666666667 0.09351851851851851 0.5223958333333333
14 0.06666666666666667 0.3380208333333333 0.12222222222222222 0.3703125
14 0.5601851851851852 0.042708333333333334 0.7129629629629629 0.1328125
14 0.49444444444444446 0.35625 0.6953703703703704 0.41822916666666665
8 0.6592592592592592 0.7223958333333333 0.7083333333333334 0.7453125
