0 0.08854166666666667 0.8268518518518518 0.21614583333333334 0.9925925925925926
0 0.3765625 0.8833333333333333 0.4979166666666667 1.0
0 0.5864583333333333 0.9092592592592592 0.6703125 1.0
2 0.1171875 0.8333333333333334 0.15833333333333333 0.8787037037037037
2 0.42864583333333334 0.9009259259259259 0.4671875 0.9444444444444444
2 0.6098958333333333 0.9138888888888889 0.6598958333333333 0.9722222222222222
1 0.4036458333333333 0.9657407407407408 0.48385416666666664 1.0
12 0.425 0.12314814814814815 0.6151041666666667 0.5361111111111111
14 0.1390625 0.6046296296296296 0.23697916666666666 0.6787037037037037
14 0.15260416666666668 0.32407407407407407 0.2390625 0.4185185185185185
14 0.16614583333333333 0.11666666666666667 0.24947916666666667 0.2212962962962963
14 0.5109375 0.8824074074074074 0.7291666666666666 0.9296296296296296
