0 0.26979166666666665 0.7555555555555555 0.34479166666666666 1.0
0 0.22291666666666668 0.7768518518518519 0.28854166666666664 1.0
0 0.029166666666666667 0.7851851851851852 0.057291666666666664 0.8740740740740741
0 0.09270833333333334 0.774074074074074 0.1109375 0.8453703703703703
2 0.28541666666666665 0.7564814814814815 0.31875 0.8018518518518518
2 0.24635416666666668 0.774074074074074 0.28177083333333336 0.8222222222222222
2 0.03333333333333333 0.7851851851851852 0.043229166666666666 0.7944444444444444
2 0.09947916666666666 0.7759259259259259 0.10572916666666667 0.7851851851851852
1 0.2765625 0.825925925925926 0.32916666666666666 0.9537037037037037
1 0.2328125 0.8314814814814815 0.271875 0.9583333333333334
1 0.0328125 0.8027777777777778 0.04791666666666667 0.8407407407407408
1 0.0984375 0.7916666666666666 0.10625 0.8148148148148148
12 0.43020833333333336 0.09259259259259259 0.55625 0.2657407407407407
14 0.0010416666666666667 0.6101851851851852 0.09270833333333334 0.6972222222222222
8 0.0421875 0.8342592592592593 0.075 0.8722222222222222
8 0.08229166666666667 0.8046296296296296 0.10364583333333334 0.8425925925925926
