0 0.8277777777777777 0.7669270833333334 0.07222222222222222 0.08177083333333333
0 0.31666666666666665 0.7739583333333333 0.06851851851851852 0.11145833333333334
0 0.2587962962962963 0.8138020833333334 0.08796296296296297 0.09322916666666667
0 0.15648148148148147 0.7747395833333334 0.1037037037037037 0.12447916666666667
2 0.15138888888888888 0.7234375 0.030555555555555555 0.010416666666666666
2 0.26481481481481484 0.771875 0.03148148148148148 0.010416666666666666
2 0.31157407407407406 0.721875 0.026851851851851852 0.009375
2 0.8245370370370371 0.73203125 0.026851851851851852 0.009895833333333333
1 0.15462962962962962 0.75625 0.044444444444444446 0.03854166666666667
1 0.2601851851851852 0.8018229166666667 0.08148148148148149 0.04739583333333333
1 0.3101851851851852 0.7541666666666667 0.04814814814814815 0.03958333333333333
1 0.8185185185185185 0.7611979166666667 0.05 0.034895833333333334
10 0.5185185185185185 0.73203125 0.037037037037037035 0.0265625
11 0.8407407407407408 0.8239583333333333 0.14444444444444443 0.05520833333333333
12 0.5287037037037037 0.5216145833333333 0.1259259259259259 0.06197916666666667
13 0.8546296296296296 0.7270833333333333 0.29074074074074074 0.03125
14 0.812037037037037 0.6348958333333333 0.37592592592592594 0.05416666666666667
14 0.17685185185185184 0.63359375 0.3277777777777778 0.0359375
14 0.3421296296296296 0.08463541666666667 0.16574074074074074 0.0859375
14 0.29398148148148145 0.396875 0.21944444444444444 0.05520833333333333
8 0.37083333333333335 0.7622395833333333 0.0787037037037037 0.025520833333333333
