0 0.22604166666666667 0.649074074074074 0.06145833333333333 0.1925925925925926
0 0.3609375 0.6412037037037037 0.05 0.18055555555555555
0 0.5166666666666667 0.7194444444444444 0.07395833333333333 0.3592592592592593
0 0.6471354166666666 0.7083333333333334 0.06822916666666666 0.29074074074074074
0 0.7291666666666666 0.6199074074074075 0.078125 0.1287037037037037
2 0.22291666666666668 0.5731481481481482 0.01875 0.027777777777777776
2 0.3625 0.5638888888888889 0.014583333333333334 0.018518518518518517
2 0.5114583333333333 0.562962962962963 0.029166666666666667 0.04259259259259259
2 0.6356770833333333 0.5805555555555556 0.033854166666666664 0.02962962962962963
2 0.7236979166666667 0.5810185185185185 0.034895833333333334 0.041666666666666664
1 0.22109375 0.6324074074074074 0.03177083333333333 0.07037037037037037
1 0.36380208333333336 0.6157407407407407 0.0296875 0.07592592592592592
1 0.5158854166666667 0.6592592592592592 0.05364583333333333 0.11851851851851852
1 0.64453125 0.6736111111111112 0.04635416666666667 0.10092592592592593
1 0.7252604166666666 0.6416666666666667 0.043229166666666666 0.05740740740740741
12 0.8575520833333333 0.12731481481481483 0.1296875 0.17685185185185184
13 0.8934895833333333 0.6606481481481481 0.21302083333333333 0.1398148148148148
