0 0.7322916666666667 0.5537037037037037 0.8677083333333333 1.0
0 0.44895833333333335 0.5842592592592593 0.5046875 0.862037037037037
0 0.4197916666666667 0.6074074074074074 0.46145833333333336 0.8518518518518519
0 0.18697916666666667 0.562962962962963 0.26927083333333335 0.7351851851851852
2 0.20364583333333333 0.5611111111111111 0.22395833333333334 0.5814814814814815
2 0.434375 0.6055555555555555 0.4557291666666667 0.6333333333333333
2 0.45260416666666664 0.5842592592592593 0.4765625 0.6064814814814815
2 0.7776041666666667 0.5527777777777778 0.8244791666666667 0.6203703703703703
1 0.4239583333333333 0.649074074074074 0.44947916666666665 0.7305555555555555
1 0.44895833333333335 0.6333333333333333 0.4828125 0.7268518518518519
1 0.7390625 0.6518518518518519 0.8473958333333333 0.8759259259259259
3 0.33541666666666664 0.6527777777777778 0.42291666666666666 0.8416666666666667
3 0.4890625 0.6805555555555556 0.6020833333333333 0.8064814814814815
6 0.8489583333333334 0.6324074074074074 0.8776041666666666 0.7407407407407407
6 0.8833333333333333 0.637962962962963 0.9494791666666667 0.7472222222222222
6 0.9536458333333333 0.6407407407407407 1.0 0.7490740740740741
7 0.6 0.6407407407407407 0.7005208333333334 0.6990740740740741
8 0.0005208333333333333 0.7018518518518518 0.07916666666666666 0.7851851851851852
12 0.4348958333333333 0.3101851851851852 0.53125 0.4601851851851852
14 0.3151041666666667 0.5518518518518518 0.5119791666666667 0.587037037037037
14 0.8979166666666667 0.16203703703703703 0.9458333333333333 0.24074074074074073
14 0.0005208333333333333 0.06018518518518518 0.04479166666666667 0.11388888888888889
14 0.0005208333333333333 0.33611111111111114 0.06145833333333333 0.36666666666666664
