0 0.4588541666666667 0.8546296296296296 0.053125 0.2796296296296296
0 0.359375 0.750462962962963 0.030208333333333334 0.04722222222222222
0 0.4348958333333333 0.7828703703703703 0.019791666666666666 0.0787037037037037
2 0.4513020833333333 0.7291666666666666 0.0234375 0.028703703703703703
2 0.43203125 0.7546296296296297 0.0140625 0.020370370370370372
2 0.3614583333333333 0.7393518518518518 0.015625 0.019444444444444445
1 0.45546875 0.8134259259259259 0.0390625 0.09722222222222222
1 0.3578125 0.7652777777777777 0.023958333333333335 0.013888888888888888
8 0.01875 0.8462962962962963 0.036458333333333336 0.053703703703703705
10 0.09973958333333334 0.7699074074074074 0.03177083333333333 0.05462962962962963
11 0.50546875 0.9120370370370371 0.1546875 0.11296296296296296
12 0.4895833333333333 0.27546296296296297 0.07083333333333333 0.13796296296296295
13 0.2989583333333333 0.7393518518518518 0.18958333333333333 0.05462962962962963
14 0.3924479166666667 0.5842592592592593 0.4088541666666667 0.1037037037037037
