12 0.25364583333333335 0.19722222222222222 0.28541666666666665 0.2898148148148148
14 0.8041666666666667 0.8657407407407407 0.9307291666666667 0.9083333333333333
14 0.740625 0.8722222222222222 0.8072916666666666 0.9268518518518518
14 0.859375 0.5259259259259259 0.9067708333333333 0.6018518518518519
14 0.8369791666666667 0.13148148148148148 0.8708333333333333 0.22592592592592592
14 0.0010416666666666667 0.9157407407407407 0.16979166666666667 0.9638888888888889
14 0.22447916666666667 0.29814814814814816 0.25 0.35
14 0.221875 0.5898148148148148 0.25052083333333336 0.6268518518518519
14 0.22447916666666667 0.7157407407407408 0.246875 0.7407407407407407
14 0.22291666666666668 0.8666666666666667 0.24895833333333334 0.8953703703703704
