0 0.628125 0.5435185185185185 0.6942708333333333 0.9055555555555556
0 0.4239583333333333 0.5638888888888889 0.4859375 0.6944444444444444
0 0.1546875 0.5148148148148148 0.2598958333333333 0.7694444444444445
2 0.17916666666666667 0.5222222222222223 0.215625 0.5518518518518518
2 0.4395833333333333 0.5592592592592592 0.4666666666666667 0.600925925925926
2 0.6369791666666667 0.5472222222222223 0.671875 0.5898148148148148
1 0.6395833333333333 0.6111111111111112 0.6864583333333333 0.7342592592592593
1 0.43072916666666666 0.6083333333333333 0.4703125 0.6824074074074075
3 0.37395833333333334 0.6657407407407407 0.5213541666666667 0.9296296296296296
3 0.534375 0.6861111111111111 0.7416666666666667 0.8555555555555555
6 0.8177083333333334 0.5972222222222222 0.9046875 0.7287037037037037
6 0.9026041666666667 0.6 1.0 0.7453703703703703
7 0.6942708333333333 0.6101851851851852 0.7494791666666667 0.675
7 0.3375 0.6037037037037037 0.3921875 0.6537037037037037
12 0.3802083333333333 0.15925925925925927 0.5020833333333333 0.40185185185185185
14 0.3260416666666667 0.5231481481481481 0.49947916666666664 0.5675925925925925
14 0.9104166666666667 0.1 0.9588541666666667 0.175
