0 0.39739583333333334 0.8870370370370371 0.41302083333333334 0.9398148148148148
0 0.7604166666666666 0.8675925925925926 0.7822916666666667 0.9574074074074074
0 0.8260416666666667 0.8592592592592593 0.8453125 0.9527777777777777
0 0.9166666666666666 0.862037037037037 0.9401041666666666 0.9490740740740741
2 0.40208333333333335 0.8870370370370371 0.40677083333333336 0.8925925925925926
2 0.7645833333333333 0.8657407407407407 0.7729166666666667 0.8740740740740741
2 0.8265625 0.8601851851851852 0.8354166666666667 0.8675925925925926
2 0.9244791666666666 0.862037037037037 0.9333333333333333 0.8703703703703703
1 0.40208333333333335 0.8953703703703704 0.40989583333333335 0.9185185185185185
1 0.7640625 0.8870370370370371 0.7770833333333333 0.9148148148148149
1 0.9223958333333333 0.8777777777777778 0.9348958333333334 0.9120370370370371
11 0.8515625 0.912962962962963 0.9130208333333333 0.9583333333333334
12 0.4192708333333333 0.17314814814814813 0.4588541666666667 0.275
14 0.8104166666666667 0.4148148148148148 0.8723958333333334 0.49074074074074076
14 0.8026041666666667 0.000925925925925926 0.840625 0.09259259259259259
14 0.646875 0.3888888888888889 0.6682291666666667 0.43703703703703706
14 0.6572916666666667 0.6333333333333333 0.6786458333333333 0.6592592592592592
14 0.7473958333333334 0.7509259259259259 0.8838541666666667 0.7962962962962963
14 0.6817708333333333 0.7648148148148148 0.7442708333333333 0.8203703703703704
14 0.1296875 0.7268518518518519 0.1609375 0.7583333333333333
14 0.13854166666666667 0.562962962962963 0.15989583333333332 0.5935185185185186
14 0.1375 0.42592592592592593 0.165625 0.4759259259259259
14 0.004166666666666667 0.7824074074074074 0.07760416666666667 0.8296296296296296
