0 0.07421875 0.9050925925925926 0.10885416666666667 0.18981481481481483
0 0.23984375 0.8476851851851852 0.033854166666666664 0.08796296296296297
0 0.30755208333333334 0.825462962962963 0.015104166666666667 0.06018518518518518
0 0.4734375 0.8898148148148148 0.06875 0.22037037037037038
0 0.4354166666666667 0.9023148148148148 0.057291666666666664 0.19537037037037036
2 0.46822916666666664 0.8046296296296296 0.03229166666666667 0.05185185185185185
2 0.4515625 0.825462962962963 0.022916666666666665 0.03981481481481482
2 0.07213541666666666 0.8314814814814815 0.0453125 0.04814814814814815
2 0.23645833333333333 0.8074074074074075 0.008333333333333333 0.007407407407407408
2 0.3098958333333333 0.7986111111111112 0.007291666666666667 0.008333333333333333
1 0.07421875 0.9425925925925925 0.0703125 0.11481481481481481
1 0.471875 0.9087962962962963 0.052083333333333336 0.12129629629629629
1 0.42864583333333334 0.9027777777777778 0.03958333333333333 0.11851851851851852
1 0.23776041666666667 0.8375 0.015104166666666667 0.03425925925925926
1 0.3098958333333333 0.8185185185185185 0.008333333333333333 0.022222222222222223
8 0.25677083333333334 0.8675925925925926 0.029166666666666667 0.03518518518518519
12 0.60625 0.22824074074074074 0.10729166666666666 0.16203703703703703
14 0.15755208333333334 0.600462962962963 0.30572916666666666 0.225
8 0.3020833333333333 0.8412037037037037 0.019791666666666666 0.030555555555555555
