0 0.7458333333333333 0.9069444444444444 0.026041666666666668 0.08981481481481482
0 0.7997395833333333 0.9009259259259259 0.0234375 0.09259259259259259
0 0.8973958333333333 0.8976851851851851 0.027083333333333334 0.08611111111111111
0 0.98203125 0.8953703703703704 0.033854166666666664 0.08888888888888889
0 0.38958333333333334 0.9189814814814815 0.01875 0.05277777777777778
2 0.7432291666666667 0.8662037037037037 0.008333333333333333 0.008333333333333333
2 0.79296875 0.8587962962962963 0.008854166666666666 0.008333333333333333
2 0.8940104166666667 0.8606481481481482 0.008854166666666666 0.010185185185185186
2 0.9755208333333333 0.8574074074074074 0.009375 0.009259259259259259
1 0.3888020833333333 0.913425925925926 0.009895833333333333 0.019444444444444445
1 0.7453125 0.8958333333333334 0.014583333333333334 0.028703703703703703
1 0.8958333333333334 0.8865740740740741 0.014583333333333334 0.032407407407407406
1 0.9854166666666667 0.8800925925925925 0.019791666666666666 0.028703703703703703
12 0.3736979166666667 0.21805555555555556 0.028645833333333332 0.08055555555555556
14 0.12786458333333334 0.15046296296296297 0.0265625 0.07314814814814814
14 0.1234375 0.4564814814814815 0.028125 0.04814814814814815
14 0.11822916666666666 0.5893518518518519 0.030208333333333334 0.03611111111111111
14 0.11901041666666666 0.750462962962963 0.0265625 0.030555555555555555
14 0.8091145833333333 0.45601851851851855 0.06510416666666667 0.0824074074074074
14 0.6419270833333334 0.6435185185185185 0.018229166666666668 0.025925925925925925
14 0.6302083333333334 0.41944444444444445 0.022916666666666665 0.04814814814814815
14 0.7880208333333333 0.05324074074074074 0.041666666666666664 0.10277777777777777
14 0.7807291666666667 0.7726851851851851 0.13020833333333334 0.041666666666666664
14 0.6861979166666666 0.7939814814814815 0.06197916666666667 0.05277777777777778
14 0.9622395833333334 0.7328703703703704 0.06614583333333333 0.05277777777777778
