0 0.10677083333333333 0.9597222222222223 0.017708333333333333 0.06574074074074074
0 0.12578125 0.9537037037037037 0.0203125 0.06296296296296296
0 0.5723958333333333 0.9518518518518518 0.03229166666666667 0.0962962962962963
0 0.6567708333333333 0.9138888888888889 0.015625 0.027777777777777776
0 0.7546875 0.9518518518518518 0.027083333333333334 0.08703703703703704
0 0.8596354166666667 0.9569444444444445 0.0515625 0.08611111111111111
2 0.1234375 0.9300925925925926 0.00625 0.008333333333333333
2 0.10807291666666667 0.9310185185185185 0.0067708333333333336 0.008333333333333333
2 0.56875 0.9111111111111111 0.009375 0.011111111111111112
2 0.65546875 0.9087962962962963 0.008854166666666666 0.010185185185185186
2 0.7533854166666667 0.913425925925926 0.008854166666666666 0.006481481481481481
2 0.8463541666666666 0.9203703703703704 0.008333333333333333 0.014814814814814815
1 0.10885416666666667 0.9523148148148148 0.008333333333333333 0.021296296296296296
1 0.12578125 0.9490740740740741 0.008854166666666666 0.020370370370370372
1 0.5703125 0.9444444444444444 0.013541666666666667 0.037037037037037035
1 0.7520833333333333 0.9439814814814815 0.0125 0.03611111111111111
1 0.8583333333333333 0.9402777777777778 0.017708333333333333 0.026851851851851852
10 0.7364583333333333 0.9254629629629629 0.020833333333333332 0.032407407407407406
11 0.7197916666666667 0.9875 0.06041666666666667 0.025
12 0.46875 0.2310185185185185 0.036458333333333336 0.075
14 0.5171875 0.8273148148148148 0.07395833333333333 0.049074074074074076
14 0.6231770833333333 0.8115740740740741 0.1265625 0.03981481481481482
14 0.8872395833333333 0.7847222222222222 0.22552083333333334 0.05092592592592592
14 0.6510416666666666 0.4930555555555556 0.071875 0.0712962962962963
14 0.6473958333333333 0.07777777777777778 0.04895833333333333 0.09814814814814815
14 0.16770833333333332 0.9064814814814814 0.14270833333333333 0.025925925925925925
14 0.4661458333333333 0.6787037037037037 0.021875 0.03148148148148148
14 0.46458333333333335 0.4412037037037037 0.019791666666666666 0.05092592592592592
