0 0.23177083333333334 0.9597222222222223 0.011458333333333333 0.05462962962962963
0 0.22213541666666667 0.9625 0.011979166666666667 0.058333333333333334
0 0.63515625 0.95 0.033854166666666664 0.1
0 0.7208333333333333 0.9032407407407408 0.019791666666666666 0.030555555555555555
0 0.8158854166666667 0.9375 0.028645833333333332 0.09722222222222222
0 0.9205729166666666 0.9347222222222222 0.04114583333333333 0.08611111111111111
2 0.22109375 0.9365740740740741 0.005729166666666666 0.006481481481481481
2 0.22916666666666666 0.937962962962963 0.005208333333333333 0.009259259259259259
2 0.6302083333333334 0.9064814814814814 0.008333333333333333 0.009259259259259259
2 0.7190104166666667 0.8958333333333334 0.008854166666666666 0.010185185185185186
2 0.8135416666666667 0.8958333333333334 0.009375 0.010185185185185186
2 0.9083333333333333 0.899537037037037 0.010416666666666666 0.010185185185185186
1 0.22213541666666667 0.9564814814814815 0.005729166666666666 0.022222222222222223
1 0.23125 0.9560185185185185 0.00625 0.021296296296296296
1 0.6309895833333333 0.9365740740740741 0.016145833333333335 0.03425925925925926
1 0.8151041666666666 0.9259259259259259 0.014583333333333334 0.03518518518518519
1 0.92109375 0.9180555555555555 0.021354166666666667 0.025
11 0.7815104166666667 0.9782407407407407 0.06197916666666667 0.04351851851851852
12 0.46510416666666665 0.23935185185185184 0.035416666666666666 0.11388888888888889
