0 0.24114583333333334 0.7759259259259259 0.27239583333333334 0.8629629629629629
0 0.32447916666666665 0.7685185185185185 0.34322916666666664 0.8268518518518518
0 0.46458333333333335 0.7388888888888889 0.54375 0.9990740740740741
0 0.43333333333333335 0.775 0.4921875 1.0
0 0.019270833333333334 0.7759259259259259 0.13333333333333333 1.0
2 0.48385416666666664 0.7472222222222222 0.5119791666666667 0.799074074074074
2 0.465625 0.7787037037037037 0.49114583333333334 0.8138888888888889
2 0.04479166666666667 0.7787037037037037 0.0953125 0.8277777777777777
2 0.25104166666666666 0.775 0.2598958333333333 0.7842592592592592
2 0.32916666666666666 0.7675925925925926 0.3359375 0.7777777777777778
1 0.028645833333333332 0.8648148148148148 0.10729166666666666 0.9962962962962963
1 0.4744791666666667 0.825 0.5239583333333333 0.9416666666666667
1 0.434375 0.8231481481481482 0.4708333333333333 0.9425925925925925
1 0.25104166666666666 0.7925925925925926 0.2630208333333333 0.8268518518518518
1 0.32708333333333334 0.7796296296296297 0.33697916666666666 0.8009259259259259
8 0.1578125 0.8925925925925926 0.246875 1.0
8 0.2625 0.8268518518518518 0.2890625 0.8601851851851852
12 0.5411458333333333 0.15555555555555556 0.6510416666666666 0.33611111111111114
14 0.0067708333333333336 0.44907407407407407 0.34322916666666664 0.6907407407407408
8 0.31614583333333335 0.799074074074074 0.3359375 0.8277777777777777
