0 0.6572916666666667 0.8583333333333333 0.028125 0.037037037037037035
0 0.55390625 0.9097222222222222 0.028645833333333332 0.12129629629629629
0 0.7640625 0.9027777777777778 0.025 0.1111111111111111
0 0.8770833333333333 0.9106481481481481 0.042708333333333334 0.09907407407407408
2 0.5526041666666667 0.8578703703703704 0.010416666666666666 0.010185185185185186
2 0.6549479166666666 0.85 0.009895833333333333 0.011111111111111112
2 0.7635416666666667 0.8555555555555555 0.010416666666666666 0.011111111111111112
2 0.865625 0.8722222222222222 0.010416666666666666 0.020370370370370372
1 0.553125 0.8930555555555556 0.015625 0.04351851851851852
1 0.7630208333333334 0.8888888888888888 0.015625 0.044444444444444446
1 0.8825520833333333 0.887962962962963 0.024479166666666666 0.03148148148148148
8 0.6981770833333333 0.9203703703703704 0.024479166666666666 0.05555555555555555
10 0.7208333333333333 0.8694444444444445 0.021875 0.03888888888888889
11 0.7354166666666667 0.9518518518518518 0.06770833333333333 0.04814814814814815
12 0.5184895833333333 0.21666666666666667 0.028645833333333332 0.06111111111111111
13 0.9153645833333334 0.8495370370370371 0.13177083333333334 0.04722222222222222
14 0.47265625 0.7680555555555556 0.0828125 0.06388888888888888
14 0.5888020833333333 0.7546296296296297 0.1484375 0.03888888888888889
14 0.8817708333333333 0.7171296296296297 0.23645833333333333 0.04722222222222222
14 0.6223958333333334 0.39861111111111114 0.07291666666666667 0.09722222222222222
14 0.40625 0.3726851851851852 0.023958333333333335 0.049074074074074076
14 0.40598958333333335 0.6180555555555556 0.025520833333333333 0.03425925925925926
14 0.08619791666666667 0.8592592592592593 0.16510416666666666 0.024074074074074074
