0 0.00625 0.9314814814814815 0.030729166666666665 0.9981481481481481
0 0.565625 0.899074074074074 0.5973958333333333 0.9990740740740741
0 0.6713541666666667 0.8935185185185185 0.6911458333333333 0.9287037037037037
0 0.7791666666666667 0.8925925925925926 0.8067708333333333 0.9842592592592593
0 0.8864583333333333 0.8972222222222223 0.9364583333333333 0.9935185185185185
2 0.5755208333333334 0.9018518518518519 0.5848958333333333 0.9120370370370371
2 0.6755208333333333 0.8935185185185185 0.6864583333333333 0.9037037037037037
2 0.7848958333333333 0.8962962962962963 0.7963541666666667 0.9083333333333333
2 0.8932291666666666 0.8981481481481481 0.9057291666666667 0.9185185185185185
2 0.0140625 0.937962962962963 0.022916666666666665 0.9490740740740741
1 0.5734375 0.9212962962962963 0.590625 0.9629629629629629
1 0.0125 0.9527777777777777 0.022916666666666665 0.9824074074074074
1 0.7822916666666667 0.9157407407407407 0.7979166666666667 0.9574074074074074
1 0.9041666666666667 0.9157407407407407 0.9229166666666667 0.9453703703703704
8 0.7114583333333333 0.9333333333333333 0.7447916666666666 0.9925925925925926
10 0.7411458333333333 0.899074074074074 0.7640625 0.9351851851851852
11 0.7291666666666666 0.9787037037037037 0.7979166666666667 1.0
12 0.515625 0.22592592592592592 0.5536458333333333 0.2898148148148148
13 0.8864583333333333 0.8685185185185185 1.0 0.9157407407407407
14 0.42864583333333334 0.65 0.4510416666666667 0.6814814814814815
14 0.6119791666666666 0.39814814814814814 0.6880208333333333 0.5009259259259259
14 0.425 0.3962962962962963 0.44583333333333336 0.44814814814814813
14 0.54375 0.7888888888888889 0.6848958333333334 0.8222222222222222
14 0.46510416666666665 0.7888888888888889 0.5427083333333333 0.85
14 0.7942708333333334 0.7444444444444445 1.0 0.7935185185185185
14 0.04895833333333333 0.8916666666666667 0.20260416666666667 0.9268518518518518
