0 0.2520833333333333 0.899074074074074 0.290625 1.0
0 0.32864583333333336 0.8972222222222223 0.3541666666666667 0.975925925925926
0 0.38229166666666664 0.8898148148148148 0.41875 1.0
0 0.5098958333333333 0.9 0.5421875 1.0
0 0.625 0.9101851851851852 0.6677083333333333 0.9981481481481481
0 0.8734375 0.9111111111111111 0.9296875 0.9972222222222222
2 0.2625 0.9009259259259259 0.275 0.9185185185185185
2 0.33645833333333336 0.9018518518518519 0.34427083333333336 0.9092592592592592
2 0.39375 0.8944444444444445 0.40677083333333336 0.9083333333333333
2 0.5223958333333333 0.9046296296296297 0.5307291666666667 0.9185185185185185
2 0.628125 0.9203703703703704 0.6395833333333333 0.937037037037037
1 0.259375 0.924074074074074 0.28125 0.975925925925926
1 0.3302083333333333 0.9157407407407407 0.34739583333333335 0.9453703703703704
1 0.515625 0.925 0.5307291666666667 0.9731481481481481
1 0.39114583333333336 0.9222222222222223 0.4088541666666667 0.975
1 0.6364583333333333 0.9296296296296296 0.6583333333333333 0.9648148148148148
10 0.44427083333333334 0.9027777777777778 0.465625 0.9462962962962963
12 0.3692708333333333 0.23055555555555557 0.409375 0.32592592592592595
13 0.5729166666666666 0.887962962962963 0.7901041666666667 0.9324074074074075
14 0.31614583333333335 0.3638888888888889 0.4041666666666667 0.46111111111111114
14 0.8140625 0.000925925925925926 0.9010416666666666 0.08333333333333333
14 0.5098958333333333 0.7472222222222222 0.7869791666666667 0.8157407407407408
14 0.221875 0.7620370370370371 0.3880208333333333 0.8166666666666667
14 0.11458333333333333 0.7675925925925926 0.221875 0.8342592592592593
14 0.07864583333333333 0.6046296296296296 0.109375 0.6407407407407407
14 0.09010416666666667 0.31666666666666665 0.121875 0.37407407407407406
