0 0.24947916666666667 0.7953703703703704 0.28177083333333336 0.9388888888888889
0 0.3328125 0.7972222222222223 0.3578125 0.8768518518518519
0 0.375 0.7935185185185185 0.40677083333333336 0.9222222222222223
0 0.4984375 0.7935185185185185 0.5260416666666666 0.8870370370370371
0 0.5942708333333333 0.7935185185185185 0.6395833333333333 0.9083333333333333
0 0.8567708333333334 0.7981481481481482 0.9354166666666667 0.9768518518518519
2 0.2557291666666667 0.799074074074074 0.265625 0.8175925925925925
2 0.34010416666666665 0.7981481481481482 0.346875 0.8064814814814815
2 0.3828125 0.7907407407407407 0.3932291666666667 0.8027777777777778
2 0.5072916666666667 0.7962962962962963 0.5197916666666667 0.812037037037037
2 0.6140625 0.8 0.6239583333333333 0.812962962962963
2 0.8729166666666667 0.799074074074074 0.8989583333333333 0.8342592592592593
1 0.2552083333333333 0.8203703703703704 0.2760416666666667 0.8675925925925926
1 0.5026041666666666 0.8185185185185185 0.5192708333333333 0.8629629629629629
1 0.6166666666666667 0.8138888888888889 0.6359375 0.8592592592592593
10 0.43854166666666666 0.7972222222222223 0.46041666666666664 0.8379629629629629
11 0.4546875 0.8796296296296297 0.5213541666666667 0.9361111111111111
12 0.3338541666666667 0.12685185185185185 0.3729166666666667 0.24722222222222223
13 0.5708333333333333 0.787962962962963 0.7625 0.825925925925926
14 0.4973958333333333 0.6314814814814815 0.7630208333333334 0.7064814814814815
14 0.22239583333333332 0.6620370370370371 0.384375 0.7138888888888889
14 0.12604166666666666 0.6648148148148149 0.22604166666666667 0.7351851851851852
14 0.3104166666666667 0.26944444444444443 0.3984375 0.37407407407407406
14 0.084375 0.5148148148148148 0.1125 0.55
14 0.09114583333333333 0.22870370370370371 0.12135416666666667 0.2851851851851852
