0 0.39305555555555555 0.89296875 0.17685185185185184 0.1390625
0 0.524074074074074 0.8096354166666667 0.09814814814814815 0.0578125
2 0.3912037037037037 0.8333333333333334 0.05462962962962963 0.01875
2 0.5041666666666667 0.7888020833333333 0.019444444444444445 0.008854166666666666
1 0.39166666666666666 0.8934895833333333 0.11666666666666667 0.06927083333333334
8 0.700462962962963 0.7877604166666666 0.09537037037037037 0.0296875
10 0.8921296296296296 0.7520833333333333 0.049074074074074076 0.03125
12 0.6356481481481482 0.4356770833333333 0.1935185185185185 0.11302083333333333
14 0.48518518518518516 0.6356770833333333 0.37777777777777777 0.0390625
14 0.18935185185185185 0.64921875 0.21203703703703702 0.0484375
14 0.07083333333333333 0.5518229166666667 0.05277777777777778 0.019270833333333334
14 0.09027777777777778 0.3841145833333333 0.049074074074074076 0.0328125
14 0.6152777777777778 0.046614583333333334 0.1527777777777778 0.09114583333333333
