0 0.24557291666666667 0.9453703703703704 0.0328125 0.10925925925925926
0 0.30130208333333336 0.9324074074074075 0.027604166666666666 0.08703703703703704
0 0.37994791666666666 0.9388888888888889 0.03177083333333333 0.12222222222222222
0 0.5091145833333334 0.9347222222222222 0.027604166666666666 0.10648148148148148
0 0.6255208333333333 0.9435185185185185 0.052083333333333336 0.11296296296296296
0 0.8622395833333333 0.9416666666666667 0.06197916666666667 0.11666666666666667
2 0.24427083333333333 0.8972222222222223 0.014583333333333334 0.018518518518518517
2 0.29973958333333334 0.8958333333333334 0.009895833333333333 0.012037037037037037
2 0.3815104166666667 0.887962962962963 0.013020833333333334 0.016666666666666666
2 0.5122395833333333 0.8949074074074074 0.011979166666666667 0.01574074074074074
2 0.62265625 0.8972222222222223 0.0140625 0.014814814814814815
2 0.8510416666666667 0.9023148148148148 0.025 0.03796296296296296
1 0.24401041666666667 0.9425925925925925 0.021354166666666667 0.05
1 0.3 0.9203703703703704 0.019791666666666666 0.02962962962962963
1 0.38255208333333335 0.9347222222222222 0.0203125 0.05462962962962963
1 0.5111979166666667 0.9347222222222222 0.016145833333333335 0.05092592592592592
1 0.63203125 0.9291666666666667 0.025520833333333333 0.03981481481481482
1 0.8627604166666667 0.9694444444444444 0.03802083333333333 0.06111111111111111
8 0.35260416666666666 0.9587962962962963 0.034375 0.03425925925925926
10 0.42734375 0.9023148148148148 0.0234375 0.026851851851851852
12 0.40911458333333334 0.25277777777777777 0.043229166666666666 0.11296296296296296
13 0.6424479166666667 0.8907407407407407 0.19739583333333333 0.05555555555555555
14 0.6265625 0.7532407407407408 0.2916666666666667 0.08055555555555556
14 0.2669270833333333 0.774537037037037 0.1703125 0.04537037037037037
14 0.12734375 0.787962962962963 0.11927083333333334 0.07222222222222222
14 0.32421875 0.3837962962962963 0.09635416666666667 0.10277777777777777
14 0.04010416666666667 0.6087962962962963 0.03333333333333333 0.03796296296296296
14 0.051041666666666666 0.32037037037037036 0.03229166666666667 0.05555555555555555
