0 0.3966145833333333 0.8495370370370371 0.06302083333333333 0.2972222222222222
0 0.35625 0.8643518518518518 0.06979166666666667 0.2675925925925926
0 0.11953125 0.7805555555555556 0.024479166666666666 0.1
0 0.22057291666666667 0.7518518518518519 0.015104166666666667 0.05925925925925926
2 0.39166666666666666 0.7351851851851852 0.03125 0.053703703703703705
2 0.3640625 0.7490740740740741 0.030208333333333334 0.040740740740740744
2 0.22057291666666667 0.7282407407407407 0.0067708333333333336 0.008333333333333333
2 0.11666666666666667 0.7398148148148148 0.0125 0.014814814814814815
1 0.39427083333333335 0.8282407407407407 0.05 0.1175925925925926
1 0.35 0.8305555555555556 0.034375 0.1259259259259259
1 0.1171875 0.7703703703703704 0.019791666666666666 0.03888888888888889
1 0.22135416666666666 0.7439814814814815 0.010416666666666666 0.017592592592592594
8 0.08619791666666667 0.9259259259259259 0.0984375 0.14814814814814814
8 0.13697916666666668 0.8069444444444445 0.030208333333333334 0.04537037037037037
12 0.40260416666666665 0.20694444444444443 0.090625 0.15833333333333333
14 0.12265625 0.5546296296296296 0.24427083333333333 0.17592592592592593
8 0.2140625 0.7648148148148148 0.015625 0.03148148148148148
