0 0.3536458333333333 0.8462962962962963 0.07604166666666666 0.3074074074074074
0 0.2921875 0.8550925925925926 0.06354166666666666 0.2898148148148148
0 0.16640625 0.7439814814814815 0.015104166666666667 0.058333333333333334
0 0.05390625 0.7810185185185186 0.0265625 0.10092592592592593
2 0.34401041666666665 0.7194444444444444 0.03697916666666667 0.05185185185185185
2 0.3067708333333333 0.7388888888888889 0.030208333333333334 0.040740740740740744
2 0.052083333333333336 0.736574074074074 0.009375 0.010185185185185186
2 0.1671875 0.7189814814814814 0.005208333333333333 0.010185185185185186
1 0.34609375 0.8180555555555555 0.0578125 0.125
1 0.28541666666666665 0.8282407407407407 0.04583333333333333 0.12685185185185185
1 0.1671875 0.737037037037037 0.009375 0.020370370370370372
1 0.05286458333333333 0.7685185185185185 0.018229166666666668 0.04259259259259259
8 0.07135416666666666 0.8009259259259259 0.034375 0.040740740740740744
11 0.8127604166666667 0.9444444444444444 0.27447916666666666 0.10925925925925926
12 0.3302083333333333 0.19212962962962962 0.09270833333333334 0.16574074074074074
14 0.09973958333333334 0.5615740740740741 0.18697916666666667 0.13425925925925927
8 0.1609375 0.7597222222222222 0.023958333333333335 0.030555555555555555
