0 0.9296296296296296 0.9247395833333333 0.14074074074074075 0.13385416666666666
0 0.5726851851851852 0.9252604166666667 0.17685185185185184 0.14947916666666666
0 0.23055555555555557 0.8908854166666667 0.044444444444444446 0.0515625
2 0.5555555555555556 0.86640625 0.06111111111111111 0.0203125
2 0.9291666666666667 0.86953125 0.08611111111111111 0.028645833333333332
2 0.23287037037037037 0.86953125 0.021296296296296296 0.009895833333333333
1 0.2273148148148148 0.8822916666666667 0.013888888888888888 0.015625
1 0.5643518518518519 0.9333333333333333 0.10277777777777777 0.07604166666666666
1 0.9203703703703704 0.9486979166666667 0.07407407407407407 0.10052083333333334
6 0.12453703703703704 0.8984375 0.10462962962962963 0.04375
6 0.3523148148148148 0.8893229166666666 0.08611111111111111 0.03802083333333333
12 0.5180555555555556 0.41640625 0.22314814814814815 0.19427083333333334
14 0.2814814814814815 0.7947916666666667 0.5611111111111111 0.028125
