0 0.2786458333333333 0.7111111111111111 0.35520833333333335 1.0
0 0.225 0.7342592592592593 0.2921875 1.0
0 0.12239583333333333 0.7314814814814815 0.13645833333333332 0.7916666666666666
0 0.0010416666666666667 0.7425925925925926 0.025 0.8564814814814815
2 0.29375 0.7166666666666667 0.325 0.7731481481481481
2 0.2552083333333333 0.7342592592592593 0.2833333333333333 0.7768518518518519
2 0.12708333333333333 0.7333333333333333 0.1328125 0.7435185185185185
2 0.0010416666666666667 0.7462962962962963 0.015104166666666667 0.7601851851851852
1 0.28541666666666665 0.7787037037037037 0.3416666666666667 0.9027777777777778
1 0.23020833333333332 0.7870370370370371 0.27447916666666666 0.9148148148148149
1 0.0010416666666666667 0.7648148148148148 0.015625 0.8111111111111111
1 0.12604166666666666 0.7453703703703703 0.134375 0.7638888888888888
8 0.013541666666666667 0.8037037037037037 0.043229166666666666 0.8490740740740741
12 0.23958333333333334 0.12685185185185185 0.3494791666666667 0.287962962962963
14 0.0026041666666666665 0.5287037037037037 0.16197916666666667 0.6546296296296297
8 0.109375 0.7601851851851852 0.13177083333333334 0.7972222222222223
