0 0.23055555555555557 0.853125 0.16296296296296298 0.13541666666666666
0 0.9328703703703703 0.90234375 0.13425925925925927 0.1765625
0 0.4638888888888889 0.96015625 0.15555555555555556 0.0796875
2 0.22083333333333333 0.7953125 0.05092592592592592 0.020833333333333332
2 0.42824074074074076 0.9393229166666667 0.07314814814814814 0.0328125
2 0.9384259259259259 0.8270833333333333 0.07685185185185185 0.026041666666666668
1 0.2199074074074074 0.8627604166666667 0.10092592592592593 0.0734375
1 0.9231481481481482 0.91328125 0.09074074074074075 0.11510416666666666
11 0.22175925925925927 0.94375 0.42685185185185187 0.09895833333333333
12 0.4300925925925926 0.27421875 0.2638888888888889 0.22447916666666667
14 0.6763888888888889 0.6825520833333333 0.10092592592592593 0.025520833333333333
14 0.6666666666666666 0.5697916666666667 0.08703703703703704 0.029166666666666667
14 0.6675925925925926 0.4861979166666667 0.09074074074074075 0.030729166666666665
14 0.6648148148148149 0.2942708333333333 0.07962962962962963 0.04375
