0 0.1287037037037037 0.88125 0.37222222222222223 1.0
0 0.40370370370370373 0.8354166666666667 0.4888888888888889 0.8927083333333333
2 0.2111111111111111 0.8848958333333333 0.2675925925925926 0.9057291666666667
2 0.4148148148148148 0.8369791666666667 0.44537037037037036 0.8494791666666667
1 0.18796296296296297 0.925 0.3037037037037037 0.9927083333333333
8 0.6175925925925926 0.8213541666666667 0.7111111111111111 0.853125
10 0.8231481481481482 0.7770833333333333 0.8842592592592593 0.8161458333333333
12 0.44074074074074077 0.3953125 0.6064814814814815 0.5276041666666667
14 0.22314814814814815 0.6744791666666666 0.6333333333333333 0.7078125
14 0.026851851851851852 0.6765625 0.22870370370370371 0.7291666666666666
14 0.5564814814814815 0.3723958333333333 0.6518518518518519 0.409375
14 0.018518518518518517 0.4161458333333333 0.07037037037037037 0.45625
14 0.000925925925925926 0.5942708333333333 0.05555555555555555 0.6203125
