0 0.2 0.7588541666666667 0.36666666666666664 0.89375
0 0.4666666666666667 0.9015625 0.6518518518518519 1.0
2 0.25555555555555554 0.7671875 0.30833333333333335 0.7890625
2 0.47129629629629627 0.903125 0.5425925925925926 0.9432291666666667
1 0.22777777777777777 0.8088541666666667 0.337037037037037 0.8817708333333333
11 0.06296296296296296 0.8760416666666667 0.5425925925925926 0.9942708333333333
12 0.3194444444444444 0.13697916666666668 0.549074074074074 0.378125
14 0.6675925925925926 0.6541666666666667 0.7796296296296297 0.6765625
14 0.6583333333333333 0.5380208333333333 0.7583333333333333 0.5677083333333334
14 0.6592592592592592 0.4552083333333333 0.7518518518518519 0.4864583333333333
14 0.6527777777777778 0.25625 0.7333333333333333 0.2947916666666667
14 0.004629629629629629 0.6864583333333333 0.14814814814814814 0.7171875
