0 0.8907407407407407 0.8223958333333333 0.1574074074074074 0.16041666666666668
0 0.9365740740740741 0.9408854166666667 0.12685185185185185 0.1109375
2 0.8833333333333333 0.7572916666666667 0.05925925925925926 0.028125
2 0.9347222222222222 0.9026041666666667 0.08055555555555556 0.027083333333333334
1 0.8842592592592593 0.8252604166666667 0.09259259259259259 0.07864583333333333
6 0.7828703703703703 0.7713541666666667 0.0787037037037037 0.0375
6 0.5671296296296297 0.7567708333333333 0.10462962962962963 0.03125
0 0.6675925925925926 0.7596354166666667 0.03148148148148148 0.030729166666666665
9 0.7532407407407408 0.92890625 0.47129629629629627 0.1421875
11 0.2412037037037037 0.8778645833333333 0.47685185185185186 0.21822916666666667
12 0.6240740740740741 0.209375 0.31296296296296294 0.23958333333333334
14 0.5050925925925925 0.6513020833333333 0.9898148148148148 0.10364583333333334
14 0.2722222222222222 0.5463541666666667 0.08518518518518518 0.035416666666666666
