0 0.3055555555555556 0.85 0.3592592592592593 0.9390625
2 0.33425925925925926 0.8510416666666667 0.3592592592592593 0.8619791666666666
1 0.31296296296296294 0.865625 0.35462962962962963 0.9
6 0.007407407407407408 0.8390625 0.0712962962962963 0.8807291666666667
6 0.058333333333333334 0.8395833333333333 0.12222222222222222 0.884375
6 0.1175925925925926 0.8442708333333333 0.18425925925925926 0.8880208333333334
6 0.18333333333333332 0.8520833333333333 0.2851851851851852 0.8932291666666666
11 0.6148148148148148 0.925 0.7685185185185185 0.9739583333333334
12 0.34444444444444444 0.2 0.7472222222222222 0.38125
14 0.004629629629629629 0.7536458333333333 1.0 0.8171875
