0 0.022222222222222223 0.8286458333333333 0.2490740740740741 0.9729166666666667
0 0.35648148148148145 0.7796875 0.45185185185185184 0.8380208333333333
2 0.09814814814814815 0.8302083333333333 0.15925925925925927 0.8520833333333333
2 0.3768518518518518 0.778125 0.4083333333333333 0.7916666666666666
1 0.06018518518518518 0.86875 0.1935185185185185 0.9411458333333333
8 0.5935185185185186 0.7625 0.6796296296296296 0.79375
10 0.7953703703703704 0.7203125 0.850925925925926 0.759375
12 0.3638888888888889 0.34010416666666665 0.5351851851851852 0.4552083333333333
14 0.24444444444444444 0.615625 0.6296296296296297 0.6515625
14 0.02962962962962963 0.6197916666666666 0.2324074074074074 0.6828125
14 0.022222222222222223 0.3645833333333333 0.07314814814814814 0.40625
14 0.014814814814814815 0.546875 0.06574074074074074 0.56875
