0 0.7453703703703703 0.9197916666666667 0.05740740740740741 0.08958333333333333
2 0.7592592592592593 0.88125 0.024074074074074074 0.010416666666666666
1 0.7490740740740741 0.9067708333333333 0.044444444444444446 0.036458333333333336
6 0.42407407407407405 0.8716145833333333 0.09259259259259259 0.0390625
6 0.5 0.87578125 0.06296296296296296 0.0421875
6 0.5518518518518518 0.8828125 0.05185185185185185 0.03958333333333333
6 0.6060185185185185 0.8869791666666667 0.062037037037037036 0.042708333333333334
6 0.6824074074074075 0.8963541666666667 0.08148148148148149 0.05416666666666667
12 0.5361111111111111 0.2986979166666667 0.3111111111111111 0.19947916666666668
14 0.6518518518518519 0.7979166666666667 0.6925925925925925 0.06041666666666667
14 0.056018518518518516 0.51015625 0.11018518518518519 0.0234375
14 0.02638888888888889 0.58828125 0.05092592592592592 0.011979166666666667
