0 0.000925925925925926 0.8182291666666667 0.09351851851851851 0.9630208333333333
0 0.30833333333333335 0.7640625 0.3425925925925926 0.7739583333333333
0 0.2953703703703704 0.7604166666666666 0.3731481481481482 0.8208333333333333
1 0.004629629629629629 0.8421875 0.04259259259259259 0.9380208333333333
8 0.5453703703703704 0.7526041666666666 0.6333333333333333 0.7833333333333333
10 0.7518518518518519 0.715625 0.8083333333333333 0.7510416666666667
12 0.287962962962963 0.30104166666666665 0.4777777777777778 0.41510416666666666
14 0.1935185185185185 0.5916666666666667 0.5851851851851851 0.6385416666666667
14 0.004629629629629629 0.59375 0.19814814814814816 0.6526041666666667
14 0.9074074074074074 0.5744791666666667 0.9962962962962963 0.6166666666666667
14 0.027777777777777776 0.3411458333333333 0.08055555555555556 0.378125
14 0.43703703703703706 0.2989583333333333 0.6361111111111111 0.39166666666666666
14 0.005555555555555556 0.51875 0.05277777777777778 0.5432291666666667
