0 0.42685185185185187 0.8588541666666667 0.04814814814814815 0.09166666666666666
2 0.43657407407407406 0.8216145833333334 0.021296296296296296 0.0109375
1 0.4305555555555556 0.8466145833333333 0.040740740740740744 0.0328125
6 0.10694444444444444 0.8072916666666666 0.10092592592592593 0.040625
6 0.17222222222222222 0.8169270833333333 0.06296296296296296 0.0390625
6 0.22870370370370371 0.8216145833333334 0.07777777777777778 0.0390625
6 0.2865740740740741 0.825 0.06944444444444445 0.03958333333333333
6 0.3523148148148148 0.8307291666666666 0.08611111111111111 0.058333333333333334
11 0.7675925925925926 0.928125 0.1537037037037037 0.051041666666666666
12 0.4898148148148148 0.24166666666666667 0.38333333333333336 0.20520833333333333
14 0.5023148148148148 0.7528645833333333 0.9953703703703703 0.09635416666666667
