0 0.6462962962962963 0.7942708333333334 1.0 0.9963541666666667
0 0.9111111111111111 0.5875 0.9907407407407407 0.6635416666666667
2 0.7351851851851852 0.7963541666666667 0.8731481481481481 0.8291666666666667
2 0.9324074074074075 0.5864583333333333 0.9601851851851851 0.5958333333333333
1 0.7046296296296296 0.8708333333333333 1.0 0.9932291666666667
1 0.9314814814814815 0.6020833333333333 0.9722222222222222 0.63125
3 0.12037037037037036 0.6104166666666667 0.23055555555555557 0.6510416666666666
3 0.001851851851851852 0.6098958333333333 0.0962962962962963 0.6541666666666667
9 0.26481481481481484 0.7526041666666666 0.987037037037037 0.9911458333333333
12 0.02962962962962963 0.0005208333333333333 0.29259259259259257 0.18489583333333334
14 0.4527777777777778 0.30364583333333334 0.5296296296296297 0.33645833333333336
14 0.4601851851851852 0.38697916666666665 0.5194444444444445 0.4088541666666667
14 0.7907407407407407 0.5208333333333334 1.0 0.5421875
14 0.1527777777777778 0.5640625 0.17222222222222222 0.6057291666666667
