0 0.20234375 0.6694444444444444 0.049479166666666664 0.18518518518518517
0 0.3640625 0.6504629629629629 0.046875 0.18981481481481483
0 0.4890625 0.7268518518518519 0.07083333333333333 0.36666666666666664
0 0.6161458333333333 0.7138888888888889 0.06458333333333334 0.29444444444444445
0 0.69921875 0.6305555555555555 0.07135416666666666 0.13333333333333333
2 0.19791666666666666 0.5898148148148148 0.01875 0.027777777777777776
2 0.36041666666666666 0.5740740740740741 0.017708333333333333 0.022222222222222223
2 0.4825520833333333 0.5768518518518518 0.027604166666666666 0.044444444444444446
2 0.6958333333333333 0.5837962962962963 0.03333333333333333 0.041666666666666664
2 0.6067708333333334 0.5902777777777778 0.03229166666666667 0.032407407407407406
1 0.4861979166666667 0.6675925925925926 0.050520833333333334 0.11666666666666667
1 0.61484375 0.6833333333333333 0.04114583333333333 0.10555555555555556
1 0.6955729166666667 0.6527777777777778 0.0359375 0.06111111111111111
1 0.20182291666666666 0.6532407407407408 0.030729166666666665 0.06944444444444445
12 0.8309895833333333 0.17222222222222222 0.11302083333333333 0.23148148148148148
13 0.8770833333333333 0.6699074074074074 0.24583333333333332 0.14722222222222223
