0 0.000925925925925926 0.6421875 0.10925925925925926 0.7734375
2 0.007407407407407408 0.6411458333333333 0.05277777777777778 0.6541666666666667
1 0.003703703703703704 0.6671875 0.05 0.7197916666666667
3 0.262037037037037 0.6520833333333333 0.3611111111111111 0.69375
3 0.3814814814814815 0.6572916666666667 0.47962962962962963 0.6932291666666667
9 0.5333333333333333 0.8088541666666667 1.0 1.0
12 0.3194444444444444 0.036458333333333336 0.5657407407407408 0.253125
14 0.7074074074074074 0.34791666666666665 0.7851851851851852 0.3807291666666667
14 0.7129629629629629 0.4317708333333333 0.7759259259259259 0.45625
14 0.412962962962963 0.6057291666666667 0.4305555555555556 0.6473958333333333
14 0.2490740740740741 0.6041666666666666 0.2675925925925926 0.6479166666666667
