0 0.23697916666666666 0.5851851851851851 0.31197916666666664 0.7388888888888889
0 0.36041666666666666 0.6435185185185185 0.43802083333333336 0.8925925925925926
0 0.478125 0.6074074074074074 0.5380208333333333 0.8953703703703704
0 0.7244791666666667 0.5740740740740741 0.884375 1.0
2 0.25677083333333334 0.587037037037037 0.28125 0.6138888888888889
2 0.38697916666666665 0.637962962962963 0.409375 0.6638888888888889
2 0.49322916666666666 0.6111111111111112 0.5177083333333333 0.65
2 0.7817708333333333 0.5712962962962963 0.828125 0.649074074074074
1 0.378125 0.675 0.41822916666666665 0.7537037037037037
1 0.4869791666666667 0.6583333333333333 0.5234375 0.7518518518518519
1 0.75 0.6824074074074075 0.85625 0.9027777777777778
3 0.5286458333333334 0.6990740740740741 0.6484375 0.8342592592592593
3 0.4166666666666667 0.6935185185185185 0.4791666666666667 0.8638888888888889
6 0.9411458333333333 0.662962962962963 1.0 0.7805555555555556
6 0.86875 0.6648148148148149 0.9442708333333333 0.7796296296296297
7 0.6546875 0.6703703703703704 0.7567708333333333 0.7212962962962963
8 0.019791666666666666 0.7305555555555555 0.14114583333333333 0.8101851851851852
12 0.46875 0.26481481481481484 0.546875 0.4388888888888889
14 0.36354166666666665 0.587037037037037 0.5583333333333333 0.6240740740740741
14 0.0421875 0.3472222222222222 0.13489583333333333 0.40555555555555556
14 0.04791666666666667 0.07685185185185185 0.12552083333333333 0.1574074074074074
