0 0.8064814814814815 0.8833333333333333 0.3851851851851852 0.23333333333333334
2 0.7796296296296297 0.80703125 0.1537037037037037 0.058854166666666666
1 0.8398148148148148 0.934375 0.20555555555555555 0.12916666666666668
3 0.42962962962962964 0.8140625 0.08333333333333333 0.042708333333333334
3 0.3101851851851852 0.8010416666666667 0.10555555555555556 0.04583333333333333
12 0.2351851851851852 0.23307291666666666 0.23333333333333334 0.1921875
14 0.8305555555555556 0.5950520833333334 0.06481481481481481 0.0203125
14 0.8342592592592593 0.51484375 0.08518518518518518 0.028645833333333332
14 0.28564814814814815 0.7515625 0.032407407407407406 0.04375
14 0.4564814814814815 0.7645833333333333 0.020370370370370372 0.04479166666666667
