0 0.24791666666666667 0.7314814814814815 0.33177083333333335 1.0
0 0.18697916666666667 0.7444444444444445 0.26145833333333335 1.0
0 0.0890625 0.7490740740740741 0.10520833333333333 0.8083333333333333
2 0.26614583333333336 0.7314814814814815 0.3 0.7814814814814814
2 0.22083333333333333 0.7481481481481481 0.25104166666666666 0.7962962962962963
2 0.09427083333333333 0.7481481481481481 0.1015625 0.7583333333333333
1 0.2552083333333333 0.799074074074074 0.3098958333333333 0.9203703703703704
1 0.1921875 0.8027777777777778 0.23697916666666666 0.9324074074074075
1 0.09270833333333334 0.7611111111111111 0.10104166666666667 0.7814814814814814
8 0.07447916666666667 0.7759259259259259 0.09322916666666667 0.8074074074074075
12 0.20677083333333332 0.14537037037037037 0.31614583333333335 0.3333333333333333
14 0.0005208333333333333 0.562037037037037 0.1328125 0.6722222222222223
