0 0.37777777777777777 0.8078125 0.5666666666666667 0.9567708333333333
0 0.000925925925925926 0.7197916666666667 0.06018518518518518 0.875
0 0.37037037037037035 0.778125 0.4685185185185185 0.8322916666666667
2 0.4425925925925926 0.8203125 0.4861111111111111 0.8369791666666667
2 0.39444444444444443 0.78125 0.41944444444444445 0.79375
2 0.000925925925925926 0.7223958333333333 0.023148148148148147 0.7401041666666667
1 0.42592592592592593 0.8489583333333334 0.5435185185185185 0.9255208333333333
1 0.000925925925925926 0.759375 0.02962962962962963 0.8380208333333333
8 0.5157407407407407 0.7697916666666667 0.6037037037037037 0.7963541666666667
10 0.7 0.7302083333333333 0.7620370370370371 0.7635416666666667
12 0.5009259259259259 0.40625 0.6703703703703704 0.5052083333333334
14 0.1287037037037037 0.609375 0.5222222222222223 0.6578125
14 0.8592592592592593 0.5963541666666666 1.0 0.634375
14 0.33240740740740743 0.31927083333333334 0.5509259259259259 0.4125
14 0.35555555555555557 0.0026041666666666665 0.5509259259259259 0.09375
14 0.000925925925925926 0.6125 0.1537037037037037 0.6635416666666667
