0 0.2552083333333333 0.6990740740740741 0.35208333333333336 0.9972222222222222
0 0.20677083333333332 0.7222222222222222 0.28229166666666666 1.0
0 0.10520833333333333 0.7296296296296296 0.11666666666666667 0.7888888888888889
2 0.2833333333333333 0.7111111111111111 0.31614583333333335 0.7675925925925926
2 0.23697916666666666 0.7222222222222222 0.2703125 0.7731481481481481
1 0.27239583333333334 0.7675925925925926 0.3328125 0.9046296296296297
1 0.20989583333333334 0.7861111111111111 0.25625 0.9101851851851852
1 0.10572916666666667 0.7416666666666667 0.11302083333333333 0.7611111111111111
12 0.21614583333333334 0.09722222222222222 0.334375 0.2574074074074074
14 0.005729166666666666 0.5361111111111111 0.14739583333333334 0.65
