0 0.5962962962962963 0.8661458333333333 0.30925925925925923 0.2677083333333333
0 0.1865740740740741 0.7229166666666667 0.08981481481481482 0.07395833333333333
0 0.6925925925925925 0.8354166666666667 0.08888888888888889 0.08854166666666667
2 0.5958333333333333 0.759375 0.16574074074074074 0.053125
2 0.6939814814814815 0.7955729166666666 0.04722222222222222 0.019270833333333334
2 0.17777777777777778 0.6919270833333333 0.024074074074074074 0.0078125
1 0.6347222222222222 0.9171875 0.18611111111111112 0.1625
1 0.18425925925925926 0.7153645833333333 0.040740740740740744 0.030729166666666665
1 0.6773148148148148 0.8419270833333333 0.03981481481481482 0.0578125
12 0.49444444444444446 0.27291666666666664 0.1537037037037037 0.1875
