0 0.3685185185185185 0.8317708333333333 0.12407407407407407 0.06041666666666667
2 0.3425925925925926 0.8096354166666667 0.03148148148148148 0.0078125
6 0.05416666666666667 0.76640625 0.08611111111111111 0.03697916666666667
10 0.8393518518518519 0.7708333333333334 0.06944444444444445 0.03333333333333333
11 0.95 0.94375 0.1 0.10520833333333333
12 0.33287037037037037 0.35911458333333335 0.17314814814814813 0.12447916666666667
14 0.44675925925925924 0.6513020833333333 0.4046296296296296 0.04114583333333333
14 0.1638888888888889 0.65859375 0.15185185185185185 0.0578125
14 0.5972222222222222 0.37265625 0.1925925925925926 0.0984375
14 0.11898148148148148 0.5653645833333333 0.05092592592592592 0.024479166666666666
