0 0.48657407407407405 0.8630208333333333 0.125 0.05416666666666667
0 0.04490740740740741 0.7916666666666666 0.075 0.06875
2 0.4708333333333333 0.840625 0.028703703703703703 0.009375
2 0.04953703703703704 0.76484375 0.023148148148148147 0.008854166666666666
6 0.2064814814814815 0.7911458333333333 0.07777777777777778 0.034375
6 0.13564814814814816 0.78984375 0.06759259259259259 0.03802083333333333
6 0.08194444444444444 0.7869791666666667 0.049074074074074076 0.035416666666666666
9 0.10416666666666667 0.9377604166666667 0.2064814814814815 0.12447916666666667
10 0.975462962962963 0.8046875 0.04722222222222222 0.040625
12 0.4300925925925926 0.40859375 0.1712962962962963 0.15572916666666667
14 0.5972222222222222 0.6796875 0.40555555555555556 0.04791666666666667
14 0.3055555555555556 0.684375 0.1685185185185185 0.06145833333333333
14 0.736574074074074 0.4005208333333333 0.21574074074074073 0.09166666666666666
14 0.7555555555555555 0.06822916666666666 0.13518518518518519 0.10104166666666667
