0 0.5226851851851851 0.884375 0.32685185185185184 0.23125
0 0.37777777777777777 0.8971354166666666 0.18888888888888888 0.20572916666666666
0 0.0837962962962963 0.87109375 0.11944444444444445 0.1796875
0 0.016203703703703703 0.85546875 0.028703703703703703 0.09322916666666667
2 0.5032407407407408 0.7963541666666667 0.13240740740740742 0.05416666666666667
2 0.0587962962962963 0.796875 0.04722222222222222 0.019791666666666666
1 0.4787037037037037 0.9263020833333333 0.2537037037037037 0.14739583333333334
1 0.06851851851851852 0.8505208333333333 0.08518518518518518 0.06354166666666666
1 0.37222222222222223 0.88984375 0.15555555555555556 0.1140625
1 0.021296296296296296 0.8401041666666667 0.040740740740740744 0.041666666666666664
12 0.5740740740740741 0.25416666666666665 0.17407407407407408 0.15208333333333332
14 0.2740740740740741 0.19947916666666668 0.42962962962962964 0.12083333333333333
