0 0.20833333333333334 0.721875 0.7027777777777777 1.0
0 0.000925925925925926 0.6578125 0.3194444444444444 1.0
0 0.6194444444444445 0.7208333333333333 0.6722222222222223 0.7864583333333334
0 0.9351851851851852 0.825 1.0 0.9739583333333334
2 0.17222222222222222 0.6567708333333333 0.2564814814814815 0.7098958333333333
2 0.47962962962962963 0.7197916666666667 0.6305555555555555 0.8067708333333333
1 0.24351851851851852 0.8015625 0.6425925925925926 1.0
1 0.003703703703703704 0.7197916666666667 0.21574074074074073 0.9161458333333333
1 0.9546296296296296 0.8515625 1.0 0.9276041666666667
10 0.44814814814814813 0.715625 0.5064814814814815 0.759375
12 0.5120370370370371 0.16666666666666666 0.6898148148148148 0.303125
14 0.11666666666666667 0.0015625 0.4425925925925926 0.1796875
