0 0.5125 0.90390625 0.25277777777777777 0.1921875
0 0.27685185185185185 0.9299479166666667 0.27037037037037037 0.14010416666666667
0 0.09953703703703703 0.9091145833333333 0.09351851851851851 0.17135416666666667
0 0.026851851851851852 0.9 0.05185185185185185 0.12083333333333333
0 0.44583333333333336 0.8778645833333333 0.09351851851851851 0.04739583333333333
2 0.5226851851851851 0.84921875 0.11574074074074074 0.07447916666666667
2 0.3 0.8971354166666666 0.19444444444444445 0.0734375
2 0.10138888888888889 0.83671875 0.04722222222222222 0.018229166666666668
2 0.021296296296296296 0.8515625 0.03888888888888889 0.021875
12 0.600925925925926 0.11822916666666666 0.15 0.11875
14 0.3819444444444444 0.25885416666666666 0.5527777777777778 0.13020833333333334
14 0.47129629629629627 0.028645833333333332 0.26296296296296295 0.05625
