0 0.16620370370370371 0.95859375 0.11388888888888889 0.0828125
0 0.07824074074074074 0.95703125 0.0824074074074074 0.0859375
0 0.023148148148148147 0.9677083333333333 0.03888888888888889 0.06458333333333334
0 0.6060185185185185 0.9513020833333333 0.14537037037037037 0.09739583333333333
0 0.5125 0.9643229166666667 0.13240740740740742 0.07135416666666666
2 0.6027777777777777 0.9328125 0.12037037037037036 0.058333333333333334
2 0.5365740740740741 0.9598958333333333 0.06759259259259259 0.034375
2 0.15046296296296297 0.9265625 0.041666666666666664 0.01875
2 0.08472222222222223 0.9255208333333333 0.03425925925925926 0.014583333333333334
2 0.022685185185185187 0.9536458333333333 0.04351851851851852 0.022916666666666665
1 0.16157407407407406 0.9747395833333333 0.06759259259259259 0.043229166666666666
1 0.07777777777777778 0.9643229166666667 0.05925925925925926 0.05364583333333333
12 0.6277777777777778 0.28619791666666666 0.18518518518518517 0.11614583333333334
14 0.45416666666666666 0.3455729166666667 0.5287037037037037 0.12135416666666667
14 0.4708333333333333 0.09088541666666666 0.38796296296296295 0.1203125
