0 0.30694444444444446 0.6973958333333333 0.07685185185185185 0.17395833333333333
0 0.23981481481481481 0.7065104166666667 0.12407407407407407 0.19635416666666666
0 0.48657407407407405 0.6330729166666667 0.025 0.034895833333333334
2 0.24537037037037038 0.6216145833333333 0.044444444444444446 0.0171875
2 0.3037037037037037 0.6184895833333334 0.046296296296296294 0.016145833333333335
1 0.23981481481481481 0.6838541666666667 0.08888888888888889 0.07708333333333334
1 0.29768518518518516 0.6651041666666667 0.04537037037037037 0.04791666666666667
11 0.5458333333333333 0.7598958333333333 0.287962962962963 0.10208333333333333
12 0.5393518518518519 0.5684895833333333 0.21574074074074073 0.11822916666666666
14 0.2759259259259259 0.40911458333333334 0.5388888888888889 0.24635416666666668
