0 0.37265625 0.6847222222222222 0.0984375 0.4083333333333333
0 0.4671875 0.5486111111111112 0.06145833333333333 0.10648148148148148
0 0.07916666666666666 0.6212962962962963 0.03125 0.12962962962962962
0 0.12864583333333332 0.6171296296296296 0.029166666666666667 0.1398148148148148
0 0.1421875 0.6134259259259259 0.021875 0.14351851851851852
0 0.16197916666666667 0.6064814814814815 0.019791666666666666 0.15185185185185185
0 0.06067708333333333 0.6166666666666667 0.011979166666666667 0.12777777777777777
2 0.35208333333333336 0.5180555555555556 0.0375 0.05092592592592592
2 0.4640625 0.5217592592592593 0.027083333333333334 0.030555555555555555
2 0.058854166666666666 0.5675925925925925 0.008333333333333333 0.012962962962962963
2 0.0765625 0.5703703703703704 0.015625 0.014814814814814815
2 0.12734375 0.5592592592592592 0.013020833333333334 0.022222222222222223
2 0.13828125 0.5527777777777778 0.0078125 0.012962962962962963
2 0.15963541666666667 0.5444444444444444 0.009895833333333333 0.014814814814814815
1 0.3625 0.6194444444444445 0.05625 0.12777777777777777
1 0.4635416666666667 0.5708333333333333 0.036458333333333336 0.03425925925925926
1 0.13072916666666667 0.5981481481481481 0.022916666666666665 0.04814814814814815
1 0.07447916666666667 0.6134259259259259 0.025 0.05092592592592592
3 0.8184895833333333 0.6777777777777778 0.25052083333333336 0.1962962962962963
3 0.49583333333333335 0.7287037037037037 0.38958333333333334 0.20925925925925926
8 0.24479166666666666 0.6208333333333333 0.052083333333333336 0.05277777777777778
11 0.54453125 0.5476851851851852 0.04739583333333333 0.03981481481481482
12 0.48072916666666665 0.3685185185185185 0.11145833333333334 0.1925925925925926
14 0.32395833333333335 0.030555555555555555 0.04791666666666667 0.05925925925925926
14 0.11796875 0.2152777777777778 0.2171875 0.20092592592592592
