0 0.5169270833333334 0.9106481481481481 0.09114583333333333 0.1787037037037037
0 0.14947916666666666 0.8893518518518518 0.11354166666666667 0.20092592592592592
2 0.5046875 0.8481481481481481 0.030208333333333334 0.040740740740740744
2 0.13828125 0.8101851851851852 0.03697916666666667 0.03888888888888889
1 0.509375 0.9444444444444444 0.051041666666666666 0.1111111111111111
3 0.3828125 0.874537037037037 0.20208333333333334 0.25092592592592594
6 0.97421875 0.937962962962963 0.0484375 0.12407407407407407
12 0.4044270833333333 0.11388888888888889 0.1359375 0.22592592592592592
14 0.5572916666666666 0.812037037037037 0.08125 0.03148148148148148
14 0.08020833333333334 0.586574074074074 0.10520833333333333 0.06759259259259259
14 0.08125 0.3106481481481482 0.09270833333333334 0.09166666666666666
14 0.09270833333333334 0.09814814814814815 0.084375 0.11296296296296296
