0 0.3958333333333333 0.337037037037037 0.5317708333333333 0.8953703703703704
0 0.7286458333333333 0.375 0.8239583333333333 0.8870370370370371
0 0.8484375 0.2851851851851852 0.8947916666666667 0.46296296296296297
0 0.09427083333333333 0.7759259259259259 0.16614583333333333 0.9444444444444444
2 0.45729166666666665 0.39537037037037037 0.5 0.4740740740740741
2 0.740625 0.3814814814814815 0.7864583333333334 0.4388888888888889
2 0.10572916666666667 0.7870370370370371 0.13854166666666667 0.8675925925925926
1 0.4421875 0.4777777777777778 0.503125 0.6564814814814814
1 0.7364583333333333 0.4740740740740741 0.7984375 0.6462962962962963
4 0.10625 0.6018518518518519 0.6036458333333333 0.899074074074074
7 0.0005208333333333333 0.49722222222222223 0.128125 0.6175925925925926
3 0.0005208333333333333 0.7620370370370371 0.0984375 0.9990740740740741
12 0.35520833333333335 0.021296296296296296 0.45989583333333334 0.33425925925925926
6 0.5885416666666666 0.4444444444444444 0.7182291666666667 0.6314814814814815
6 0.26927083333333335 0.4824074074074074 0.3671875 0.55
6 0.5026041666666666 0.45740740740740743 0.5697916666666667 0.649074074074074
6 0.35833333333333334 0.48333333333333334 0.4557291666666667 0.5435185185185185
14 0.5458333333333333 0.000925925925925926 0.9296875 0.1935185185185185
14 0.7880208333333333 0.09259259259259259 0.9989583333333333 0.2537037037037037
