0 0.8109375 0.5560185185185185 0.010416666666666666 0.04537037037037037
0 0.3890625 0.611574074074074 0.0125 0.06944444444444445
0 0.37838541666666664 0.6129629629629629 0.013020833333333334 0.07222222222222222
0 0.32838541666666665 0.7240740740740741 0.07135416666666666 0.2833333333333333
0 0.1734375 0.6564814814814814 0.019791666666666666 0.14814814814814814
0 0.14869791666666668 0.6546296296296297 0.034895833333333334 0.13518518518518519
0 0.11510416666666666 0.6620370370370371 0.025 0.14074074074074075
0 0.09088541666666666 0.6657407407407407 0.027604166666666666 0.12962962962962962
2 0.3380208333333333 0.5953703703703703 0.027083333333333334 0.027777777777777776
2 0.14869791666666668 0.5995370370370371 0.016145833333333335 0.01574074074074074
2 0.1734375 0.5925925925925926 0.010416666666666666 0.012962962962962963
2 0.11328125 0.6055555555555555 0.013020833333333334 0.014814814814814815
2 0.09166666666666666 0.6129629629629629 0.015625 0.022222222222222223
1 0.32057291666666665 0.6694444444444444 0.044270833333333336 0.10740740740740741
1 0.38776041666666666 0.6013888888888889 0.009895833333333333 0.025
1 0.08984375 0.6555555555555556 0.021354166666666667 0.046296296296296294
1 0.11744791666666667 0.6435185185185185 0.0140625 0.046296296296296294
3 0.83046875 0.7583333333333333 0.25677083333333334 0.2
4 0.5177083333333333 0.7888888888888889 0.37604166666666666 0.21851851851851853
8 0.25807291666666665 0.6731481481481482 0.058854166666666666 0.05185185185185185
11 0.5591145833333333 0.6143518518518518 0.05260416666666667 0.03611111111111111
12 0.49244791666666665 0.44583333333333336 0.10052083333333334 0.22685185185185186
14 0.33125 0.05740740740740741 0.08333333333333333 0.11296296296296296
2 0.4317708333333333 0.6398148148148148 0.026041666666666668 0.03148148148148148
14 0.11901041666666666 0.25925925925925924 0.23697916666666666 0.2222222222222222
