12 0.21041666666666667 0.20833333333333334 0.32864583333333336 0.44814814814814813
3 0.4890625 0.5333333333333333 0.7171875 0.6953703703703704
4 0.16770833333333332 0.5694444444444444 0.5088541666666667 0.7731481481481481
8 0.7239583333333334 0.6027777777777777 0.8963541666666667 0.725
11 0.21510416666666668 0.48703703703703705 0.2630208333333333 0.5259259259259259
11 0.6369791666666667 0.425 0.6848958333333334 0.45092592592592595
0 0.0140625 0.47314814814814815 0.044270833333333336 0.5703703703703704
0 0.09479166666666666 0.487962962962963 0.19583333333333333 0.8583333333333333
0 0.18541666666666667 0.4675925925925926 0.21927083333333333 0.5425925925925926
0 0.7651041666666667 0.3611111111111111 0.8182291666666667 0.5601851851851852
0 0.49375 0.4148148148148148 0.5010416666666667 0.4425925925925926
1 0.4942708333333333 0.4203703703703704 0.5010416666666667 0.43425925925925923
1 0.7817708333333333 0.40370370370370373 0.8 0.4898148148148148
1 0.1 0.5472222222222223 0.16354166666666667 0.6824074074074075
1 0.023958333333333335 0.4898148148148148 0.04375 0.5324074074074074
1 0.18489583333333334 0.5018518518518519 0.215625 0.5444444444444444
2 0.030208333333333334 0.4777777777777778 0.03854166666666667 0.4898148148148148
2 0.12916666666666668 0.4888888888888889 0.1671875 0.5462962962962963
2 0.1921875 0.4675925925925926 0.21510416666666668 0.5166666666666667
0 0.22864583333333333 0.44351851851851853 0.23854166666666668 0.4703703703703704
2 0.7729166666666667 0.36574074074074076 0.79375 0.39814814814814814
14 0.15 0.2574074074074074 0.175 0.28703703703703703
14 0.17135416666666667 0.1925925925925926 0.19375 0.22870370370370371
14 0.6546875 0.09351851851851851 0.6822916666666666 0.13333333333333333
