12 0.3528645833333333 0.38333333333333336 0.1109375 0.16111111111111112
11 0.3497395833333333 0.5648148148148148 0.05677083333333333 0.04259259259259259
11 0.78671875 0.5078703703703704 0.0453125 0.03981481481481482
3 0.6807291666666667 0.6930555555555555 0.240625 0.17314814814814813
4 0.3848958333333333 0.7199074074074074 0.3770833333333333 0.2064814814814815
8 0.8888020833333333 0.7555555555555555 0.17135416666666667 0.10555555555555556
8 0.026822916666666665 0.6208333333333333 0.050520833333333334 0.07685185185185185
6 0.8755208333333333 0.47314814814814815 0.08541666666666667 0.03888888888888889
0 0.20208333333333334 0.7189814814814814 0.09479166666666666 0.39537037037037037
0 0.29010416666666666 0.5694444444444444 0.04791666666666667 0.03888888888888889
0 0.04453125 0.562037037037037 0.0234375 0.09074074074074075
0 0.15833333333333333 0.562037037037037 0.01875 0.08333333333333333
0 0.92734375 0.5296296296296297 0.0390625 0.21296296296296297
0 0.6098958333333333 0.49212962962962964 0.009375 0.028703703703703703
1 0.6096354166666667 0.4898148148148148 0.005729166666666666 0.012962962962962963
1 0.9265625 0.5171296296296296 0.014583333333333334 0.08981481481481482
1 0.17708333333333334 0.6449074074074074 0.04583333333333333 0.1361111111111111
1 0.042708333333333334 0.5555555555555556 0.021875 0.03333333333333333
1 0.28072916666666664 0.5740740740740741 0.014583333333333334 0.03333333333333333
1 0.16328125 0.5513888888888889 0.013020833333333334 0.03425925925925926
2 0.3015625 0.5703703703703704 0.020833333333333332 0.04259259259259259
2 0.203125 0.5421296296296296 0.03854166666666667 0.04351851851851852
2 0.04505208333333333 0.5282407407407408 0.013020833333333334 0.012037037037037037
2 0.9223958333333333 0.4486111111111111 0.019791666666666666 0.026851851851851852
14 0.28567708333333336 0.3236111111111111 0.0390625 0.03611111111111111
14 0.31744791666666666 0.26851851851851855 0.0265625 0.037037037037037035
14 0.8005208333333333 0.060648148148148145 0.0375 0.04537037037037037
14 0.8036458333333333 0.175 0.026041666666666668 0.037037037037037035
14 0.96640625 0.07824074074074074 0.0140625 0.03425925925925926
