12 0.3140625 0.3199074074074074 0.115625 0.23425925925925925
3 0.6578125 0.6032407407407407 0.22916666666666666 0.18055555555555555
4 0.34739583333333335 0.6592592592592592 0.43125 0.25
8 0.87265625 0.6611111111111111 0.17760416666666667 0.11666666666666667
11 0.6705729166666666 0.42453703703703705 0.0484375 0.028703703703703703
8 0.13203125 0.5259259259259259 0.043229166666666666 0.07777777777777778
14 0.66875 0.10555555555555556 0.027083333333333334 0.040740740740740744
0 0.03359375 0.5212962962962963 0.0296875 0.09444444444444444
0 0.21614583333333334 0.6912037037037037 0.0875 0.3972222222222222
0 0.796875 0.4486111111111111 0.040625 0.18981481481481483
0 0.5046875 0.42407407407407405 0.008333333333333333 0.03148148148148148
1 0.5033854166666667 0.4212962962962963 0.005729166666666666 0.016666666666666666
1 0.7942708333333334 0.43287037037037035 0.03125 0.08055555555555556
1 0.21067708333333332 0.612037037037037 0.06302083333333333 0.1388888888888889
1 0.039322916666666666 0.5092592592592593 0.0171875 0.03888888888888889
2 0.038802083333333334 0.48657407407407405 0.011979166666666667 0.013888888888888888
2 0.23307291666666666 0.47129629629629627 0.028645833333333332 0.040740740740740744
2 0.24166666666666667 0.5226851851851851 0.03229166666666667 0.058333333333333334
2 0.7953125 0.36944444444444446 0.021875 0.025925925925925925
14 0.16015625 0.2675925925925926 0.034895833333333334 0.044444444444444446
14 0.18359375 0.20046296296296295 0.0296875 0.041666666666666664
14 0.23333333333333334 0.30972222222222223 0.020833333333333332 0.028703703703703703
