12 0.36666666666666664 0.06666666666666667 0.47760416666666666 0.3675925925925926
3 0.0015625 0.7148148148148148 0.15416666666666667 1.0
7 0.04375 0.512962962962963 0.23385416666666667 0.6342592592592593
4 0.16197916666666667 0.6074074074074074 0.6229166666666667 0.8611111111111112
6 0.5604166666666667 0.4527777777777778 0.8010416666666667 0.6101851851851852
6 0.3671875 0.4842592592592593 0.46875 0.5407407407407407
14 0.665625 0.000925925925925926 0.7963541666666667 0.11574074074074074
14 0.29739583333333336 0.13055555555555556 0.31927083333333334 0.1787037037037037
0 0.45677083333333335 0.3851851851851852 0.5489583333333333 0.9120370370370371
0 0.7864583333333334 0.35185185185185186 0.8682291666666667 0.8898148148148148
2 0.4739583333333333 0.3907407407407407 0.5244791666666667 0.4546296296296296
2 0.7901041666666667 0.36203703703703705 0.840625 0.4222222222222222
1 0.7963541666666667 0.45740740740740743 0.8578125 0.6527777777777778
1 0.465625 0.4685185185185185 0.540625 0.6435185185185185
