6 0.8223958333333333 0.4050925925925926 0.08645833333333333 0.04537037037037037
8 0.8046875 0.6953703703703704 0.18229166666666666 0.11296296296296296
3 0.6005208333333333 0.6425925925925926 0.22291666666666668 0.17777777777777778
4 0.2947916666666667 0.6916666666666667 0.41041666666666665 0.21851851851851853
11 0.3098958333333333 0.5175925925925926 0.046875 0.037037037037037035
11 0.7348958333333333 0.45185185185185184 0.052083333333333336 0.040740740740740744
12 0.2755208333333333 0.3578703703703704 0.11770833333333333 0.20092592592592592
14 0.8533854166666667 0.22407407407407406 0.025520833333333333 0.037037037037037035
14 0.7606770833333333 0.11666666666666667 0.030729166666666665 0.03888888888888889
14 0.7505208333333333 0.017592592592592594 0.027083333333333334 0.03333333333333333
14 0.27317708333333335 0.22546296296296298 0.0296875 0.03981481481481482
0 0.05130208333333333 0.6972222222222222 0.0765625 0.39444444444444443
0 0.11458333333333333 0.5282407407407408 0.030208333333333334 0.0824074074074074
0 0.22682291666666668 0.538425925925926 0.04010416666666667 0.05462962962962963
0 0.5653645833333333 0.44166666666666665 0.0109375 0.02962962962962963
0 0.884375 0.48055555555555557 0.046875 0.19814814814814816
2 0.06354166666666666 0.5328703703703703 0.046875 0.06759259259259259
2 0.11692708333333333 0.49675925925925923 0.013020833333333334 0.013888888888888888
2 0.23151041666666666 0.5342592592592592 0.0203125 0.044444444444444446
2 0.2859375 0.5319444444444444 0.020833333333333332 0.032407407407407406
2 0.8734375 0.39166666666666666 0.01875 0.027777777777777776
1 0.8783854166666667 0.45416666666666666 0.013020833333333334 0.08055555555555556
1 0.5661458333333333 0.4393518518518518 0.007291666666666667 0.01574074074074074
1 0.2140625 0.5449074074074074 0.015625 0.032407407407407406
1 0.2643229166666667 0.5416666666666666 0.025520833333333333 0.025925925925925925
1 0.11796875 0.5185185185185185 0.011979166666666667 0.03148148148148148
1 0.005729166666666666 0.5273148148148148 0.010416666666666666 0.03611111111111111
0 0.006510416666666667 0.5430555555555555 0.011979166666666667 0.08981481481481482
1 0.0515625 0.6439814814814815 0.04895833333333333 0.14722222222222223
0 0.31588541666666664 0.4671296296296296 0.009895833333333333 0.030555555555555555
