12 0.3814814814814815 0.40572916666666664 0.10740740740740741 0.14270833333333333
6 0.20787037037037037 0.74921875 0.2175925925925926 0.030729166666666665
9 0.11712962962962963 0.8950520833333333 0.2324074074074074 0.11614583333333334
14 0.5296296296296297 0.5135416666666667 0.06666666666666667 0.03333333333333333
14 0.3773148148148148 0.56171875 0.05462962962962963 0.0390625
14 0.8310185185185185 0.35520833333333335 0.20462962962962963 0.11770833333333333
14 0.8078703703703703 0.040364583333333336 0.11574074074074074 0.0796875
0 0.5574074074074075 0.8236979166666667 0.07962962962962963 0.0609375
0 0.3263888888888889 0.7544270833333333 0.03981481481481482 0.06302083333333333
2 0.33240740740740743 0.7322916666666667 0.016666666666666666 0.010416666666666666
2 0.5453703703703704 0.7994791666666666 0.025925925925925925 0.013541666666666667
14 0.4064814814814815 0.6494791666666667 0.14074074074074075 0.052083333333333336
14 0.7013888888888888 0.6427083333333333 0.3768518518518518 0.03333333333333333
