12 0.1875 0.1527777777777778 0.28802083333333334 0.39537037037037037
4 0.0625 0.512962962962963 0.49166666666666664 0.8342592592592593
3 0.4973958333333333 0.5027777777777778 0.6942708333333333 0.6666666666666666
8 0.7192708333333333 0.6027777777777777 0.8697916666666666 0.6888888888888889
6 0.6005208333333333 0.3592592592592593 0.6302083333333334 0.4
11 0.49635416666666665 0.39537037037037037 0.5427083333333333 0.42962962962962964
11 0.0390625 0.44722222222222224 0.09583333333333334 0.4888888888888889
14 0.5 0.07222222222222222 0.5244791666666667 0.11018518518518519
14 0.865625 0.1537037037037037 0.9963541666666667 0.225
0 0.09947916666666666 0.40370370370370373 0.1453125 0.5009259259259259
0 0.13229166666666667 0.3814814814814815 0.2109375 0.8601851851851852
0 0.6302083333333334 0.35462962962962963 0.6723958333333333 0.4925925925925926
0 0.8458333333333333 0.30925925925925923 0.8677083333333333 0.40925925925925927
0 0.9598958333333333 0.2935185185185185 0.9786458333333333 0.3768518518518518
2 0.965625 0.29814814814814816 0.975 0.30648148148148147
2 0.8520833333333333 0.31296296296296294 0.8625 0.32685185185185184
2 0.6286458333333333 0.3527777777777778 0.6442708333333333 0.38055555555555554
2 0.14322916666666666 0.38796296296296295 0.18177083333333333 0.44074074074074077
2 0.11041666666666666 0.40185185185185185 0.13958333333333334 0.45555555555555555
1 0.128125 0.45740740740740743 0.2 0.6361111111111111
1 0.6520833333333333 0.3814814814814815 0.66875 0.46111111111111114
1 0.9640625 0.3111111111111111 0.9755208333333333 0.33796296296296297
