12 0.284375 0.03333333333333333 0.38229166666666664 0.25277777777777777
4 0.1890625 0.3453703703703704 0.5729166666666666 0.6601851851851852
3 0.5859375 0.3138888888888889 0.78125 0.5351851851851852
8 0.7947916666666667 0.425 0.9651041666666667 0.524074074074074
11 0.6119791666666666 0.24814814814814815 0.6526041666666667 0.2712962962962963
11 0.16666666666666666 0.3194444444444444 0.22291666666666668 0.3638888888888889
6 0.7088541666666667 0.2 0.734375 0.24444444444444444
6 0.75625 0.1935185185185185 0.8083333333333333 0.2324074074074074
8 0.07239583333333334 0.3175925925925926 0.1171875 0.38981481481481484
0 0.24479166666666666 0.2388888888888889 0.31927083333333334 0.6935185185185185
0 0.7291666666666666 0.18518518518518517 0.7755208333333333 0.35555555555555557
0 0.9510416666666667 0.13703703703703704 0.9760416666666667 0.24259259259259258
2 0.21875 0.2824074074074074 0.25052083333333336 0.33425925925925926
2 0.259375 0.2388888888888889 0.3 0.30185185185185187
2 0.73125 0.18981481481481483 0.7489583333333333 0.2175925925925926
2 0.9557291666666666 0.1388888888888889 0.9692708333333333 0.15185185185185185
1 0.7567708333333333 0.225 0.7677083333333333 0.30648148148148147
1 0.25052083333333336 0.31203703703703706 0.309375 0.4601851851851852
14 0.08645833333333333 0.06759259259259259 0.11770833333333333 0.11944444444444445
14 0.16510416666666666 0.12407407407407407 0.190625 0.15833333333333333
14 0.896875 0.008333333333333333 0.9984375 0.07037037037037037
