12 0.2716145833333333 0.25416666666666665 0.10885416666666667 0.23981481481481481
3 0.6239583333333333 0.5597222222222222 0.22083333333333333 0.16018518518518518
4 0.3658854166666667 0.6185185185185185 0.3140625 0.3037037037037037
11 0.58671875 0.38935185185185184 0.044270833333333336 0.04351851851851852
8 0.82421875 0.6296296296296297 0.16302083333333334 0.08333333333333333
6 0.6794270833333333 0.3476851851851852 0.04114583333333333 0.04537037037037037
0 0.18046875 0.6541666666666667 0.10677083333333333 0.375
0 0.17135416666666667 0.43796296296296294 0.05416666666666667 0.10925925925925926
0 0.7140625 0.41203703703703703 0.041666666666666664 0.19074074074074074
0 0.9692708333333333 0.3199074074074074 0.028125 0.11574074074074074
0 0.14088541666666668 0.39537037037037037 0.0109375 0.020370370370370372
2 0.17838541666666666 0.40694444444444444 0.030729166666666665 0.04351851851851852
2 0.21666666666666667 0.5 0.034375 0.06481481481481481
2 0.7088541666666667 0.3314814814814815 0.019791666666666666 0.022222222222222223
1 0.7125 0.3925925925925926 0.03125 0.08518518518518518
1 0.16901041666666666 0.5689814814814815 0.08072916666666667 0.1361111111111111
1 0.17317708333333334 0.46111111111111114 0.04739583333333333 0.03888888888888889
8 0.04114583333333333 0.46574074074074073 0.051041666666666666 0.08703703703703704
14 0.13828125 0.24953703703703703 0.021354166666666667 0.03981481481481482
14 0.58515625 0.06296296296296296 0.024479166666666666 0.03333333333333333
