12 0.24427083333333333 0.06018518518518518 0.34479166666666666 0.287962962962963
4 0.13697916666666668 0.38981481481481484 0.546875 0.725925925925926
3 0.5473958333333333 0.39537037037037037 0.7661458333333333 0.5574074074074075
8 0.7864583333333334 0.4703703703703704 0.9619791666666667 0.5722222222222222
11 0.5770833333333333 0.29259259259259257 0.6171875 0.32222222222222224
11 0.12916666666666668 0.37222222222222223 0.17864583333333334 0.4111111111111111
6 0.6744791666666666 0.24444444444444444 0.7015625 0.2833333333333333
8 0.027604166666666666 0.35833333333333334 0.07708333333333334 0.44814814814814813
0 0.921875 0.1824074074074074 0.9541666666666667 0.29444444444444445
0 0.6984375 0.23333333333333334 0.7463541666666667 0.39537037037037037
0 0.20208333333333334 0.29259259259259257 0.28072916666666664 0.7425925925925926
2 0.18229166666666666 0.3055555555555556 0.21041666666666667 0.36944444444444446
2 0.20989583333333334 0.29074074074074074 0.24427083333333333 0.35462962962962963
2 0.2515625 0.3138888888888889 0.28020833333333334 0.3685185185185185
2 0.7010416666666667 0.2351851851851852 0.7234375 0.2638888888888889
2 0.9307291666666667 0.18333333333333332 0.9395833333333333 0.2
1 0.7265625 0.2638888888888889 0.7427083333333333 0.3490740740740741
1 0.20260416666666667 0.36944444444444446 0.2755208333333333 0.525
14 0.05364583333333333 0.11944444444444445 0.078125 0.15925925925925927
14 0.1265625 0.17037037037037037 0.1515625 0.1962962962962963
14 0.071875 0.05 0.096875 0.0962962962962963
14 0.5635416666666667 0.025925925925925925 0.5765625 0.05277777777777778
14 0.9140625 0.053703703703703705 1.0 0.11388888888888889
14 0.7255208333333333 0.0824074074074074 0.903125 0.16296296296296298
