12 0.3265625 0.09259259259259259 0.44895833333333335 0.3768518518518518
4 0.10572916666666667 0.5731481481481482 0.590625 0.8657407407407407
3 0.0015625 0.6518518518518519 0.07291666666666667 0.9675925925925926
7 0.0703125 0.462037037037037 0.240625 0.562962962962963
6 0.4973958333333333 0.4444444444444444 0.7130208333333333 0.6324074074074074
6 0.7713541666666667 0.44722222222222224 0.8322916666666667 0.6342592592592593
10 0.7536458333333333 0.36574074074074076 0.7864583333333334 0.44814814814814813
0 0.70625 0.3907407407407407 0.7989583333333333 0.925
0 0.3854166666666667 0.37222222222222223 0.48385416666666664 0.8935185185185185
2 0.4276041666666667 0.3787037037037037 0.46927083333333336 0.44907407407407407
2 0.7140625 0.39814814814814814 0.7640625 0.45
1 0.7192708333333333 0.48703703703703705 0.7880208333333333 0.6916666666666667
1 0.41354166666666664 0.45555555555555555 0.48333333333333334 0.6453703703703704
14 0.690625 0.000925925925925926 0.8244791666666667 0.12037037037037036
