12 0.08564814814814815 0.36171875 0.10833333333333334 0.15260416666666668
8 0.7282407407407407 0.8005208333333333 0.11388888888888889 0.065625
10 0.8194444444444444 0.7322916666666667 0.07962962962962963 0.04895833333333333
11 0.8796296296296297 0.9278645833333333 0.24074074074074073 0.1359375
14 0.28935185185185186 0.47942708333333334 0.06759259259259259 0.033854166666666664
14 0.4583333333333333 0.603125 0.4222222222222222 0.020833333333333332
14 0.13194444444444445 0.5190104166666667 0.06944444444444445 0.025520833333333333
14 0.6041666666666666 0.325 0.20462962962962963 0.10729166666666666
0 0.10416666666666667 0.71796875 0.04722222222222222 0.0546875
0 0.274537037037037 0.7833333333333333 0.10462962962962963 0.057291666666666664
2 0.10925925925925926 0.6963541666666667 0.020370370370370372 0.009375
6 0.03935185185185185 0.7182291666666667 0.06759259259259259 0.03229166666666667
