8 0.7229166666666667 0.6083333333333333 0.8989583333333333 0.7046296296296296
3 0.4984375 0.5018518518518519 0.7067708333333333 0.6842592592592592
4 0.18385416666666668 0.5009259259259259 0.496875 0.7944444444444444
12 0.19479166666666667 0.1287037037037037 0.29322916666666665 0.3851851851851852
6 0.6119791666666666 0.3685185185185185 0.6541666666666667 0.4046296296296296
11 0.5130208333333334 0.4 0.5510416666666667 0.4398148148148148
11 0.0421875 0.45 0.1078125 0.4898148148148148
0 0.6515625 0.35833333333333334 0.6916666666666667 0.5046296296296297
0 0.8755208333333333 0.3148148148148148 0.903125 0.4203703703703704
0 0.10364583333333334 0.4064814814814815 0.1921875 0.8907407407407407
0 0.0609375 0.4009259259259259 0.07708333333333334 0.42962962962962964
2 0.121875 0.40370370370370373 0.17708333333333334 0.4685185185185185
2 0.6546875 0.3574074074074074 0.6786458333333333 0.3814814814814815
2 0.884375 0.32222222222222224 0.896875 0.3351851851851852
0 0.9734375 0.3074074074074074 0.990625 0.39166666666666666
2 0.978125 0.31203703703703706 0.9880208333333333 0.32314814814814813
1 0.9770833333333333 0.32314814814814813 0.9875 0.35185185185185186
1 0.8817708333333333 0.3416666666666667 0.8994791666666667 0.3814814814814815
1 0.6729166666666667 0.3861111111111111 0.6895833333333333 0.4722222222222222
1 0.1109375 0.48333333333333334 0.1734375 0.6453703703703704
14 0.5119791666666667 0.08518518518518518 0.5348958333333333 0.125
14 0.05364583333333333 0.24722222222222223 0.078125 0.2814814814814815
