12 0.05 0.1361111111111111 0.15677083333333333 0.41388888888888886
4 0.052083333333333336 0.5296296296296297 0.37135416666666665 0.8592592592592593
3 0.3734375 0.5324074074074074 0.5692708333333333 0.7157407407407408
8 0.584375 0.6342592592592593 0.7510416666666667 0.7351851851851852
6 0.465625 0.4009259259259259 0.5057291666666667 0.44074074074074077
11 0.3619791666666667 0.4351851851851852 0.40729166666666666 0.46944444444444444
6 0.9625 0.37777777777777777 0.9979166666666667 0.44074074074074077
0 0.0005208333333333333 0.40370370370370373 0.05625 0.9157407407407407
0 0.5046875 0.387037037037037 0.5416666666666666 0.5342592592592592
0 0.70625 0.37222222222222223 0.7302083333333333 0.4666666666666667
0 0.8 0.3675925925925926 0.8145833333333333 0.44074074074074077
2 0.0005208333333333333 0.4074074074074074 0.04375 0.475
2 0.5052083333333334 0.4009259259259259 0.5213541666666667 0.4305555555555556
2 0.7135416666666666 0.37592592592592594 0.7234375 0.38796296296296295
2 0.8041666666666667 0.36944444444444446 0.8119791666666667 0.38055555555555554
1 0.8052083333333333 0.3814814814814815 0.8130208333333333 0.40925925925925927
1 0.5291666666666667 0.4305555555555556 0.5401041666666667 0.5092592592592593
1 0.0005208333333333333 0.4935185185185185 0.04583333333333333 0.6620370370370371
14 0.3692708333333333 0.11574074074074074 0.3932291666666667 0.14537037037037037
14 0.3625 0.003703703703703704 0.3953125 0.04259259259259259
14 0.5177083333333333 0.062037037037037036 0.5291666666666667 0.09351851851851851
14 0.6322916666666667 0.22870370370370371 0.884375 0.3111111111111111
14 0.8364583333333333 0.31203703703703706 0.9359375 0.3435185185185185
14 0.8890625 0.21388888888888888 1.0 0.2657407407407407
