12 0.6083333333333333 0.39537037037037037 0.7182291666666667 0.6259259259259259
4 0.4552083333333333 0.7888888888888889 0.9057291666666667 0.9861111111111112
3 0.9026041666666667 0.787962962962963 1.0 0.9953703703703703
8 0.2833333333333333 0.6620370370370371 0.33697916666666666 0.7351851851851852
8 0.48333333333333334 0.6527777777777778 0.5234375 0.700925925925926
8 0.41302083333333334 0.6574074074074074 0.434375 0.6953703703703704
0 0.4317708333333333 0.6129629629629629 0.4484375 0.6962962962962963
0 0.40572916666666664 0.6157407407407407 0.421875 0.700925925925926
0 0.5020833333333333 0.6037037037037037 0.5838541666666667 1.0
0 0.5807291666666666 0.6342592592592593 0.6348958333333333 0.7416666666666667
0 0.22135416666666666 0.5916666666666667 0.2453125 0.7472222222222222
0 0.1953125 0.5935185185185186 0.22239583333333332 0.7351851851851852
0 0.16510416666666666 0.5972222222222222 0.18958333333333333 0.7472222222222222
0 0.134375 0.5898148148148148 0.15625 0.7333333333333333
2 0.5213541666666667 0.6064814814814815 0.5536458333333333 0.662962962962963
2 0.5916666666666667 0.6388888888888888 0.6213541666666667 0.6759259259259259
2 0.4354166666666667 0.6157407407407407 0.44427083333333334 0.6305555555555555
2 0.4114583333333333 0.6166666666666667 0.4197916666666667 0.6287037037037037
2 0.228125 0.5935185185185186 0.24322916666666666 0.6166666666666667
2 0.2 0.5972222222222222 0.21458333333333332 0.6194444444444445
2 0.17239583333333333 0.6018518518518519 0.18697916666666667 0.6240740740740741
2 0.14114583333333333 0.5944444444444444 0.153125 0.6166666666666667
1 0.16927083333333334 0.6287037037037037 0.1875 0.6851851851851852
1 0.434375 0.6305555555555555 0.4479166666666667 0.6620370370370371
1 0.5135416666666667 0.6814814814814815 0.5697916666666667 0.8314814814814815
1 0.5864583333333333 0.6842592592592592 0.6244791666666667 0.7388888888888889
14 0.21927083333333333 0.2222222222222222 0.3046875 0.3351851851851852
14 0.0005208333333333333 0.05277777777777778 0.19895833333333332 0.24351851851851852
14 0.36041666666666666 0.008333333333333333 0.43385416666666665 0.1685185185185185
14 0.5421875 0.4305555555555556 0.5692708333333333 0.46944444444444444
14 0.11145833333333334 0.6037037037037037 0.1359375 0.6861111111111111
