8 0.6342592592592593 0.8005208333333333 0.1388888888888889 0.078125
8 0.5587962962962963 0.7528645833333333 0.0787037037037037 0.044270833333333336
11 0.799074074074074 0.9252604166666667 0.40185185185185185 0.14010416666666667
10 0.750462962962963 0.73125 0.07685185185185185 0.06145833333333333
14 0.2490740740740741 0.4713541666666667 0.07037037037037037 0.041666666666666664
14 0.5541666666666667 0.31588541666666664 0.19722222222222222 0.10052083333333334
14 0.38564814814814813 0.5989583333333334 0.3972222222222222 0.042708333333333334
14 0.09259259259259259 0.5125 0.05185185185185185 0.029166666666666667
14 0.09166666666666666 0.603125 0.14629629629629629 0.046875
0 0.9666666666666667 0.79921875 0.05740740740740741 0.1703125
0 0.0824074074074074 0.709375 0.040740740740740744 0.058333333333333334
0 0.1675925925925926 0.7783854166666667 0.06111111111111111 0.05260416666666667
1 0.9666666666666667 0.7778645833333333 0.06296296296296296 0.07135416666666666
2 0.09444444444444444 0.6877604166666667 0.020370370370370372 0.008854166666666666
2 0.9842592592592593 0.7283854166666667 0.03148148148148148 0.022395833333333334
