11 0.6979166666666666 0.6787037037037037 0.8854166666666666 0.9296296296296296
13 0.0005208333333333333 0.4203703703703704 0.228125 0.48333333333333334
0 0.3453125 0.4101851851851852 0.39947916666666666 0.7981481481481482
0 0.3109375 0.5462962962962963 0.35104166666666664 0.7287037037037037
0 0.11145833333333334 0.42962962962962964 0.14270833333333333 0.5527777777777778
0 0.4234375 0.44166666666666665 0.4328125 0.49166666666666664
8 0.14375 0.4935185185185185 0.2 0.5537037037037037
2 0.3541666666666667 0.41203703703703703 0.3890625 0.46111111111111114
2 0.11770833333333333 0.4351851851851852 0.128125 0.45185185185185184
1 0.425 0.45 0.4322916666666667 0.46944444444444444
1 0.3453125 0.4759259259259259 0.39895833333333336 0.6046296296296296
1 0.3151041666666667 0.5481481481481482 0.3484375 0.6083333333333333
1 0.11666666666666667 0.46111111111111114 0.13697916666666668 0.5055555555555555
10 0.21041666666666667 0.4351851851851852 0.22604166666666667 0.46944444444444444
