8 0.31979166666666664 0.7314814814814815 0.3734375 0.7907407407407407
4 0.509375 0.7870370370370371 0.9177083333333333 0.9972222222222222
3 0.9015625 0.8638888888888889 1.0 0.9972222222222222
12 0.6244791666666667 0.487962962962963 0.7291666666666666 0.7
8 0.5421875 0.7203703703703703 0.5723958333333333 0.7675925925925926
14 0.4119791666666667 0.08796296296296297 0.4765625 0.2351851851851852
14 0.25833333333333336 0.3037037037037037 0.34427083333333336 0.4064814814814815
14 0.15052083333333333 0.6722222222222223 0.17395833333333333 0.7407407407407407
14 0.029166666666666667 0.1712962962962963 0.234375 0.3148148148148148
0 0.18020833333333333 0.6583333333333333 0.20052083333333334 0.8009259259259259
0 0.20520833333333333 0.6666666666666666 0.2328125 0.8
0 0.23645833333333333 0.662962962962963 0.2604166666666667 0.7972222222222223
0 0.2598958333333333 0.6564814814814814 0.28229166666666666 0.812037037037037
0 0.4453125 0.6814814814814815 0.4630208333333333 0.7555555555555555
0 0.45364583333333336 0.6712962962962963 0.5223958333333333 1.0
0 0.5989583333333334 0.6851851851851852 0.6552083333333333 0.8064814814814815
0 0.66875 0.6990740740740741 0.678125 0.725
2 0.6255208333333333 0.6861111111111111 0.6510416666666666 0.7166666666666667
2 0.46927083333333336 0.6712962962962963 0.5026041666666666 0.7129629629629629
2 0.45416666666666666 0.6842592592592592 0.4625 0.6953703703703704
2 0.18697916666666667 0.662962962962963 0.19895833333333332 0.6787037037037037
2 0.21614583333333334 0.6685185185185185 0.228125 0.687962962962963
2 0.24270833333333333 0.662962962962963 0.2552083333333333 0.6814814814814815
2 0.271875 0.6583333333333333 0.2838541666666667 0.6787037037037037
1 0.21145833333333333 0.6944444444444444 0.22864583333333333 0.7453703703703703
1 0.18177083333333333 0.6842592592592592 0.2 0.7351851851851852
1 0.46458333333333335 0.7388888888888889 0.5213541666666667 0.8888888888888888
1 0.609375 0.7277777777777777 0.646875 0.8
