12 0.49973958333333335 0.3435185185185185 0.09322916666666667 0.23703703703703705
4 0.5325520833333334 0.7171296296296297 0.4140625 0.262037037037037
3 0.8583333333333333 0.6972222222222222 0.25416666666666665 0.23148148148148148
11 0.86953125 0.49583333333333335 0.05677083333333333 0.028703703703703703
8 0.11848958333333333 0.5763888888888888 0.0578125 0.062037037037037036
0 0.25026041666666665 0.5226851851851851 0.027604166666666666 0.08981481481481482
0 0.40729166666666666 0.6754629629629629 0.075 0.44907407407407407
0 0.03333333333333333 0.5648148148148148 0.034375 0.17962962962962964
0 0.00859375 0.5634259259259259 0.016145833333333335 0.15462962962962962
0 0.97109375 0.5277777777777778 0.0546875 0.2
0 0.4635416666666667 0.5337962962962963 0.036458333333333336 0.08611111111111111
2 0.03515625 0.4986111111111111 0.027604166666666666 0.028703703703703703
2 0.40729166666666666 0.48518518518518516 0.040625 0.06296296296296296
2 0.46822916666666664 0.5212962962962963 0.028125 0.06666666666666667
2 0.9591145833333333 0.45231481481481484 0.021354166666666667 0.041666666666666664
1 0.41015625 0.5944444444444444 0.05572916666666667 0.13703703703703704
1 0.45989583333333334 0.5546296296296296 0.035416666666666666 0.04259259259259259
1 0.25286458333333334 0.5180555555555556 0.016145833333333335 0.041666666666666664
14 0.05 0.1412037037037037 0.096875 0.12685185185185185
14 0.36432291666666666 0.3 0.022395833333333334 0.04259259259259259
14 0.4278645833333333 0.34305555555555556 0.019270833333333334 0.025
14 0.8755208333333333 0.03981481481481482 0.03333333333333333 0.053703703703703705
14 0.8802083333333334 0.15462962962962962 0.028125 0.040740740740740744
14 0.9799479166666667 0.27546296296296297 0.0265625 0.04537037037037037
14 0.9697916666666667 0.36435185185185187 0.06041666666666667 0.041666666666666664
