8 0.3796875 0.8444444444444444 0.43125 0.9157407407407407
8 0.5088541666666667 0.8453703703703703 0.5380208333333333 0.8944444444444445
11 0.6875 0.8712962962962963 0.740625 0.9138888888888889
12 0.6604166666666667 0.5953703703703703 0.7697916666666667 0.8240740740740741
8 0.5984375 0.8435185185185186 0.6364583333333333 0.8944444444444445
0 0.42604166666666665 0.7944444444444444 0.503125 1.0
0 0.5614583333333333 0.8453703703703703 0.615625 0.9268518518518518
0 0.6380208333333334 0.8148148148148148 0.6911458333333333 0.9407407407407408
0 0.540625 0.8037037037037037 0.553125 0.8898148148148148
0 0.5114583333333333 0.8 0.5296875 0.850925925925926
0 0.3203125 0.7712962962962963 0.34010416666666665 0.9212962962962963
0 0.234375 0.762962962962963 0.26458333333333334 0.8953703703703704
0 0.26875 0.774074074074074 0.2890625 0.912962962962963
0 0.29375 0.775 0.31979166666666664 0.9175925925925926
2 0.23802083333333332 0.7712962962962963 0.24947916666666667 0.7907407407407407
2 0.24791666666666667 0.7666666666666667 0.25729166666666664 0.7851851851851852
2 0.2734375 0.7768518518518519 0.2859375 0.799074074074074
2 0.3026041666666667 0.7759259259259259 0.3151041666666667 0.7916666666666666
2 0.328125 0.7703703703703704 0.33958333333333335 0.7907407407407407
2 0.4609375 0.7972222222222223 0.4895833333333333 0.8333333333333334
2 0.5765625 0.85 0.6015625 0.9009259259259259
2 0.6604166666666667 0.812037037037037 0.6869791666666667 0.8481481481481481
2 0.5442708333333334 0.8074074074074075 0.5505208333333333 0.8185185185185185
1 0.5401041666666667 0.8222222222222222 0.5515625 0.8527777777777777
1 0.56875 0.8962962962962963 0.6109375 0.9277777777777778
1 0.6453125 0.8583333333333333 0.6854166666666667 0.9416666666666667
1 0.43072916666666666 0.8527777777777777 0.4822916666666667 0.987037037037037
1 0.26875 0.8037037037037037 0.2864583333333333 0.8546296296296296
1 0.24947916666666667 0.7907407407407407 0.2609375 0.8416666666666667
14 0.20677083333333332 0.7814814814814814 0.22552083333333334 0.850925925925926
14 0.31354166666666666 0.42685185185185187 0.3932291666666667 0.524074074074074
14 0.47708333333333336 0.2111111111111111 0.5473958333333333 0.3490740740740741
