11 0.7127604166666667 0.8037037037037037 0.0515625 0.044444444444444446
12 0.7072916666666667 0.6342592592592593 0.11354166666666667 0.2074074074074074
4 0.7244791666666667 0.9226851851851852 0.4322916666666667 0.15462962962962962
3 0.9661458333333334 0.9421296296296297 0.06354166666666666 0.11574074074074074
8 0.40338541666666666 0.8226851851851852 0.059895833333333336 0.062037037037037036
8 0.5213541666666667 0.7902777777777777 0.01875 0.032407407407407406
8 0.6098958333333333 0.7875 0.04375 0.05092592592592592
0 0.25390625 0.7939814814814815 0.018229166666666668 0.13425925925925927
0 0.27760416666666665 0.8023148148148148 0.020833333333333332 0.14166666666666666
0 0.30234375 0.7935185185185185 0.0265625 0.13333333333333333
0 0.328125 0.7986111111111112 0.01875 0.15648148148148147
0 0.4791666666666667 0.8611111111111112 0.07604166666666666 0.2777777777777778
0 0.66328125 0.7861111111111111 0.06302083333333333 0.12777777777777777
0 0.54296875 0.775 0.019270833333333334 0.08518518518518518
2 0.4791666666666667 0.7449074074074075 0.03229166666666667 0.041666666666666664
2 0.6731770833333334 0.7388888888888889 0.0265625 0.03333333333333333
2 0.6049479166666667 0.825925925925926 0.03177083333333333 0.03518518518518519
2 0.5424479166666667 0.7407407407407407 0.0078125 0.011111111111111112
0 0.5161458333333333 0.7523148148148148 0.017708333333333333 0.03796296296296296
2 0.3302083333333333 0.7310185185185185 0.011458333333333333 0.01574074074074074
2 0.30416666666666664 0.7379629629629629 0.014583333333333334 0.018518518518518517
2 0.27890625 0.7435185185185185 0.013020833333333334 0.020370370370370372
2 0.2546875 0.7356481481481482 0.011458333333333333 0.013888888888888888
1 0.25364583333333335 0.7787037037037037 0.020833333333333332 0.04814814814814815
1 0.27630208333333334 0.7847222222222222 0.0171875 0.05092592592592592
1 0.47708333333333336 0.8578703703703704 0.052083333333333336 0.14166666666666666
1 0.5411458333333333 0.7652777777777777 0.0125 0.032407407407407406
1 0.6635416666666667 0.8037037037037037 0.0375 0.07222222222222222
14 0.21536458333333333 0.7796296296296297 0.022395833333333334 0.07407407407407407
14 0.33671875 0.41898148148148145 0.09010416666666667 0.11388888888888889
14 0.4875 0.21481481481481482 0.06770833333333333 0.12407407407407407
