12 0.8822916666666667 0.5962962962962963 1.0 0.8407407407407408
8 0.6255208333333333 0.8648148148148148 0.6776041666666667 0.9268518518518518
6 0.0005208333333333333 0.825925925925926 0.2625 0.9962962962962963
14 0.44947916666666665 0.8046296296296296 0.4708333333333333 0.8722222222222222
14 0.0005208333333333333 0.17962962962962964 0.057291666666666664 0.26481481481481484
14 0.534375 0.4638888888888889 0.6265625 0.5564814814814815
14 0.7177083333333333 0.22685185185185186 0.7953125 0.3472222222222222
14 0.9536458333333333 0.6203703703703703 0.975 0.6546296296296297
8 0.8541666666666666 0.8712962962962963 0.8963541666666667 0.9324074074074075
8 0.7786458333333334 0.8694444444444445 0.8005208333333333 0.9055555555555556
0 0.8208333333333333 0.825925925925926 0.8416666666666667 0.9185185185185185
0 0.7739583333333333 0.8185185185185185 0.7921875 0.8722222222222222
0 0.8890625 0.8305555555555556 0.9567708333333333 0.9518518518518518
0 0.7098958333333333 0.8175925925925925 0.7572916666666667 0.9287037037037037
0 0.5473958333333333 0.7944444444444444 0.5729166666666666 0.9342592592592592
0 0.5114583333333333 0.7842592592592592 0.5354166666666667 0.9314814814814815
0 0.4822916666666667 0.7898148148148149 0.5010416666666667 0.9194444444444444
2 0.484375 0.7916666666666666 0.4953125 0.812962962962963
2 0.51875 0.8 0.5307291666666667 0.8212962962962963
2 0.5151041666666667 0.7851851851851852 0.5255208333333333 0.7972222222222223
2 0.5546875 0.7935185185185185 0.5677083333333334 0.8138888888888889
2 0.7270833333333333 0.8203703703703704 0.7578125 0.8629629629629629
2 0.9005208333333333 0.8333333333333334 0.9307291666666667 0.8768518518518519
2 0.8265625 0.8268518518518518 0.8348958333333333 0.8398148148148148
2 0.7786458333333334 0.8222222222222222 0.7859375 0.8342592592592593
1 0.825 0.8435185185185186 0.8364583333333333 0.8796296296296297
1 0.8942708333333333 0.8805555555555555 0.9432291666666667 0.9546296296296296
1 0.7135416666666666 0.8703703703703703 0.7484375 0.9259259259259259
1 0.5166666666666667 0.8222222222222222 0.5333333333333333 0.8759259259259259
11 0.9755208333333333 0.8907407407407407 1.0 0.9296296296296296
