14 0.4765625 0.5564814814814815 0.5645833333333333 0.6462962962962963
14 0.6510416666666666 0.3055555555555556 0.7322916666666667 0.42962962962962964
14 0.6552083333333333 0.000925925925925926 0.721875 0.1388888888888889
11 0.915625 0.95 0.9880208333333333 0.9953703703703703
12 0.8104166666666667 0.6666666666666666 0.9203125 0.9046296296296297
0 0.8130208333333333 0.8981481481481481 0.8838541666666667 1.0
0 0.7651041666666667 0.9009259259259259 0.7885416666666667 0.9953703703703703
0 0.678125 0.9425925925925925 0.7333333333333333 1.0
0 0.7255208333333333 0.8944444444444445 0.7421875 0.9388888888888889
0 0.49635416666666665 0.8898148148148148 0.5203125 1.0
0 0.46041666666666664 0.8805555555555555 0.4890625 1.0
0 0.425 0.8870370370370371 0.44947916666666665 0.9981481481481481
8 0.578125 0.950925925925926 0.6421875 1.0
8 0.7291666666666666 0.9444444444444444 0.7520833333333333 0.9833333333333333
2 0.428125 0.8925925925925926 0.44479166666666664 0.9120370370370371
2 0.4671875 0.8925925925925926 0.4796875 0.9157407407407407
2 0.5 0.8907407407407407 0.5161458333333333 0.9083333333333333
2 0.7140625 0.9490740740740741 0.7338541666666667 0.9851851851851852
2 0.81875 0.9018518518518519 0.8505208333333333 0.9324074074074075
2 0.7692708333333333 0.9018518518518519 0.7760416666666666 0.9101851851851852
2 0.7291666666666666 0.899074074074074 0.7390625 0.9092592592592592
1 0.7671875 0.9185185185185185 0.7817708333333333 0.9527777777777777
1 0.8182291666666667 0.9472222222222222 0.8671875 1.0
1 0.46510416666666665 0.925 0.48541666666666666 0.975
1 0.6828125 0.9722222222222222 0.7140625 1.0
14 0.3963541666666667 0.9074074074074074 0.41822916666666665 0.9740740740740741
