12 0.7638020833333333 0.6759259259259259 0.1203125 0.23148148148148148
8 0.4471354166666667 0.8291666666666667 0.0546875 0.05462962962962963
4 0.734375 0.9356481481481481 0.38958333333333334 0.1287037037037037
6 0.03958333333333333 0.9064814814814814 0.078125 0.18703703703703703
8 0.56875 0.8217592592592593 0.023958333333333335 0.03611111111111111
14 0.4 0.43472222222222223 0.08541666666666667 0.09907407407407408
14 0.5520833333333334 0.2412037037037037 0.071875 0.1398148148148148
14 0.26666666666666666 0.7722222222222223 0.020833333333333332 0.06851851851851852
0 0.296875 0.7875 0.028125 0.12685185185185185
0 0.32421875 0.7981481481481482 0.021354166666666667 0.13703703703703704
0 0.3489583333333333 0.7944444444444444 0.029166666666666667 0.14629629629629629
0 0.37395833333333334 0.8041666666666667 0.022916666666666665 0.15092592592592594
0 0.5895833333333333 0.799074074074074 0.016666666666666666 0.08703703703703704
0 0.5635416666666667 0.7796296296296297 0.015625 0.04814814814814815
0 0.5268229166666667 0.8796296296296297 0.0578125 0.24074074074074073
0 0.6588541666666666 0.8495370370370371 0.051041666666666666 0.0787037037037037
0 0.71875 0.8361111111111111 0.06145833333333333 0.13703703703703704
2 0.6622395833333333 0.8435185185185186 0.0328125 0.05
2 0.728125 0.7828703703703703 0.026041666666666668 0.03981481481481482
2 0.590625 0.7675925925925926 0.010416666666666666 0.011111111111111112
2 0.5322916666666667 0.7787037037037037 0.03333333333333333 0.044444444444444446
2 0.35520833333333335 0.737037037037037 0.013541666666666667 0.014814814814814815
2 0.32734375 0.7412037037037037 0.0140625 0.017592592592592594
2 0.3059895833333333 0.7314814814814815 0.011979166666666667 0.014814814814814815
2 0.2890625 0.7356481481481482 0.013541666666666667 0.019444444444444445
1 0.30182291666666666 0.7722222222222223 0.016145833333333335 0.05
1 0.32395833333333335 0.7837962962962963 0.01875 0.05277777777777778
1 0.52109375 0.8768518518518519 0.03802083333333333 0.13703703703703704
1 0.7190104166666667 0.85 0.043229166666666666 0.07962962962962963
1 0.5903645833333333 0.7939814814814815 0.013020833333333334 0.030555555555555555
