12 0.36692708333333335 0.275 0.11510416666666666 0.29074074074074074
4 0.34401041666666665 0.7375 0.5088541666666667 0.2564814814814815
6 0.7921875 0.549074074074074 0.178125 0.19814814814814816
6 0.5619791666666667 0.5439814814814815 0.12708333333333333 0.1712962962962963
10 0.8200520833333333 0.40555555555555556 0.04114583333333333 0.08148148148148149
7 0.20859375 0.5217592592592593 0.1671875 0.06759259259259259
2 0.06822916666666666 0.7824074074074074 0.03854166666666667 0.09259259259259259
2 0.41822916666666665 0.4287037037037037 0.03958333333333333 0.06666666666666667
2 0.6640625 0.43194444444444446 0.04791666666666667 0.06388888888888888
0 0.66484375 0.6898148148148148 0.09635416666666667 0.5777777777777777
0 0.4125 0.6606481481481481 0.07395833333333333 0.5416666666666666
1 0.415625 0.5694444444444444 0.071875 0.1925925925925926
1 0.6723958333333333 0.6037037037037037 0.0625 0.20555555555555555
14 0.8018229166666667 0.05416666666666667 0.11510416666666666 0.10648148148148148
