6 0.17083333333333334 0.8773148148148148 0.334375 0.24537037037037038
8 0.70703125 0.8055555555555556 0.0453125 0.05555555555555555
4 0.8765625 0.9208333333333333 0.246875 0.15833333333333333
8 0.8390625 0.7939814814814815 0.021875 0.03981481481481482
12 0.9716145833333333 0.6171296296296296 0.05677083333333333 0.16574074074074074
8 0.9315104166666667 0.8 0.04010416666666667 0.05555555555555555
14 0.07942708333333333 0.14629629629629629 0.03697916666666667 0.09074074074074075
14 0.63125 0.41203703703703703 0.08854166666666667 0.0962962962962963
14 0.8088541666666667 0.17685185185185184 0.08645833333333333 0.1425925925925926
14 0.0421875 0.39305555555555555 0.06458333333333334 0.08425925925925926
14 0.5127604166666667 0.7481481481481481 0.021354166666666667 0.07407407407407407
0 0.5424479166666667 0.7597222222222222 0.019270833333333334 0.12685185185185185
0 0.5752604166666667 0.7731481481481481 0.0234375 0.12962962962962962
0 0.60859375 0.7717592592592593 0.0265625 0.1398148148148148
0 0.79921875 0.7828703703703703 0.04010416666666667 0.11388888888888889
0 0.8330729166666667 0.750462962962963 0.015104166666666667 0.04722222222222222
0 0.8783854166666667 0.774537037037037 0.0171875 0.08611111111111111
0 0.96953125 0.7981481481481482 0.0609375 0.13148148148148148
2 0.9643229166666667 0.7527777777777778 0.0328125 0.044444444444444446
2 0.803125 0.75 0.03229166666666667 0.05
2 0.8783854166666667 0.7388888888888889 0.008854166666666666 0.012962962962962963
2 0.8328125 0.7337962962962963 0.009375 0.012037037037037037
2 0.5401041666666667 0.711574074074074 0.013541666666666667 0.021296296296296296
2 0.5755208333333334 0.7180555555555556 0.013541666666666667 0.01574074074074074
2 0.5770833333333333 0.700462962962963 0.009375 0.012037037037037037
2 0.61015625 0.7097222222222223 0.018229166666666668 0.019444444444444445
1 0.79375 0.8046296296296296 0.03125 0.06666666666666667
1 0.8765625 0.7666666666666667 0.0125 0.037037037037037035
1 0.5755208333333334 0.7592592592592593 0.016666666666666666 0.05185185185185185
1 0.9723958333333333 0.8217592592592593 0.05416666666666667 0.075
