6 0.0005208333333333333 0.8805555555555555 0.21354166666666666 0.9990740740740741
14 0.49375 0.5037037037037037 0.5817708333333333 0.5888888888888889
14 0.6708333333333333 0.2611111111111111 0.75 0.3851851851851852
14 0.93125 0.5796296296296296 0.95625 0.6231481481481481
14 0.6895833333333333 0.000925925925925926 0.7453125 0.08703703703703704
11 0.93125 0.9074074074074074 0.9958333333333333 0.9601851851851851
12 0.8270833333333333 0.625 0.9447916666666667 0.8675925925925926
8 0.5927083333333333 0.9046296296296297 0.6453125 0.962037037037037
8 0.8151041666666666 0.899074074074074 0.8458333333333333 0.9518518518518518
8 0.7369791666666666 0.8962962962962963 0.7609375 0.9361111111111111
0 0.8453125 0.8527777777777777 0.9067708333333333 0.9851851851851852
0 0.7755208333333333 0.8537037037037037 0.7958333333333333 0.9490740740740741
0 0.7354166666666667 0.85 0.7546875 0.8972222222222223
0 0.6697916666666667 0.8555555555555555 0.7255208333333333 0.9592592592592593
0 0.5130208333333334 0.8324074074074074 0.534375 0.9740740740740741
0 0.4421875 0.8305555555555556 0.4609375 0.9638888888888889
0 0.47552083333333334 0.825925925925926 0.49635416666666665 0.9722222222222222
2 0.44427083333333334 0.8361111111111111 0.45677083333333335 0.8537037037037037
2 0.48125 0.8398148148148148 0.49322916666666666 0.8648148148148148
2 0.47760416666666666 0.8240740740740741 0.4895833333333333 0.8361111111111111
2 0.51875 0.8333333333333334 0.5286458333333334 0.8537037037037037
2 0.6989583333333333 0.8583333333333333 0.7244791666666667 0.9083333333333333
2 0.8583333333333333 0.8555555555555555 0.8833333333333333 0.9009259259259259
2 0.78125 0.8555555555555555 0.790625 0.8712962962962963
2 0.7375 0.8518518518518519 0.7484375 0.8638888888888889
1 0.7786458333333334 0.8712962962962963 0.79375 0.9083333333333333
1 0.8479166666666667 0.8972222222222223 0.8942708333333333 0.9796296296296296
1 0.6708333333333333 0.9 0.7067708333333333 0.9601851851851851
14 0.4125 0.8472222222222222 0.43020833333333336 0.912962962962963
