11 0.73046875 0.912962962962963 0.05572916666666667 0.03333333333333333
8 0.41822916666666665 0.9157407407407407 0.052083333333333336 0.05
8 0.5403645833333334 0.8958333333333334 0.021354166666666667 0.03796296296296296
14 0.34401041666666665 0.5328703703703703 0.0890625 0.10648148148148148
14 0.5190104166666667 0.3282407407407407 0.06927083333333334 0.13240740740740742
14 0.5325520833333334 0.04583333333333333 0.043229166666666666 0.08981481481481482
14 0.2125 0.8657407407407407 0.019791666666666666 0.07592592592592592
0 0.7841145833333333 0.924074074074074 0.05260416666666667 0.14629629629629629
0 0.6442708333333333 0.9032407407407408 0.058333333333333334 0.12685185185185185
0 0.6026041666666667 0.8773148148148148 0.019791666666666666 0.08611111111111111
0 0.31536458333333334 0.887962962962963 0.021354166666666667 0.12962962962962962
0 0.27682291666666664 0.8810185185185185 0.027604166666666666 0.13796296296296295
0 0.24036458333333333 0.8837962962962963 0.0203125 0.13425925925925927
12 0.6575520833333334 0.7194444444444444 0.1015625 0.2388888888888889
2 0.77421875 0.8689814814814815 0.033854166666666664 0.03425925925925926
2 0.6390625 0.8513888888888889 0.030208333333333334 0.028703703703703703
2 0.3145833333333333 0.8347222222222223 0.011458333333333333 0.017592592592592594
2 0.28177083333333336 0.8379629629629629 0.0125 0.018518518518518517
2 0.26875 0.825462962962963 0.0125 0.013888888888888888
2 0.28177083333333336 0.8194444444444444 0.011458333333333333 0.012962962962962963
2 0.23880208333333333 0.8324074074074074 0.013020833333333334 0.022222222222222223
1 0.27734375 0.875462962962963 0.021354166666666667 0.05277777777777778
1 0.6046875 0.8777777777777778 0.0125 0.03888888888888889
1 0.6432291666666666 0.9222222222222223 0.041666666666666664 0.06481481481481481
1 0.7869791666666667 0.9435185185185185 0.04375 0.08518518518518518
14 0.7239583333333334 0.6032407407407407 0.026041666666666668 0.03981481481481482
14 0.7763020833333333 0.7064814814814815 0.0234375 0.024074074074074074
