3 0.0005208333333333333 0.4925925925925926 0.11354166666666667 0.7870370370370371
4 0.16354166666666667 0.44351851851851853 0.6177083333333333 0.7518518518518519
6 0.6713541666666667 0.33240740740740743 1.0 0.5712962962962963
12 0.3489583333333333 0.000925925925925926 0.4859375 0.25833333333333336
0 0.4109375 0.24444444444444444 0.5 0.799074074074074
0 0.5916666666666667 0.25925925925925924 0.6807291666666667 0.8777777777777778
0 0.103125 0.5277777777777778 0.15677083333333333 0.712037037037037
2 0.44947916666666665 0.24166666666666667 0.4953125 0.32222222222222224
2 0.6057291666666667 0.2638888888888889 0.6682291666666667 0.3416666666666667
2 0.10572916666666667 0.5296296296296297 0.14427083333333332 0.6055555555555555
1 0.4317708333333333 0.33425925925925926 0.49375 0.5175925925925926
1 0.60625 0.3787037037037037 0.6770833333333334 0.6092592592592593
14 0.059375 0.20185185185185187 0.15625 0.25833333333333336
