12 0.7984375 0.7425925925925926 0.9177083333333333 0.9768518518518519
14 0.465625 0.6203703703703703 0.5598958333333334 0.700925925925926
14 0.6432291666666666 0.37407407407407406 0.7213541666666666 0.4935185185185185
14 0.6489583333333333 0.07777777777777778 0.7109375 0.1962962962962963
14 0.9734375 0.8074074074074075 0.9973958333333334 0.8379629629629629
0 0.409375 0.9601851851851851 0.434375 1.0
0 0.44635416666666666 0.950925925925926 0.4796875 1.0
0 0.4828125 0.9564814814814815 0.5067708333333333 1.0
0 0.715625 0.9675925925925926 0.7317708333333334 1.0
2 0.41354166666666664 0.962037037037037 0.42864583333333334 0.9805555555555555
2 0.4515625 0.9518518518518518 0.4625 0.962037037037037
2 0.4515625 0.9685185185185186 0.4635416666666667 0.9842592592592593
2 0.46458333333333335 0.9583333333333334 0.47552083333333334 0.975
2 0.48854166666666665 0.9601851851851851 0.49947916666666664 0.9777777777777777
2 0.8203125 0.9731481481481481 0.853125 1.0
