14 0.39947916666666666 0.08564814814814815 0.07708333333333334 0.11944444444444445
14 0.21640625 0.3087962962962963 0.0921875 0.09351851851851851
14 0.09192708333333334 0.6569444444444444 0.024479166666666666 0.07314814814814814
8 0.3028645833333333 0.6861111111111111 0.0515625 0.05925925925925926
0 0.8794270833333333 0.663425925925926 0.03177083333333333 0.15462962962962962
0 0.5971354166666667 0.6504629629629629 0.04010416666666667 0.10833333333333334
0 0.5416666666666666 0.6481481481481481 0.053125 0.11851851851851852
0 0.47630208333333335 0.6439814814814815 0.04739583333333333 0.10092592592592593
0 0.41822916666666665 0.6462962962962963 0.03958333333333333 0.10925925925925926
0 0.19244791666666666 0.6652777777777777 0.027604166666666666 0.125
0 0.15885416666666666 0.6685185185185185 0.029166666666666667 0.14629629629629629
0 0.12291666666666666 0.6699074074074074 0.022916666666666665 0.12685185185185185
12 0.5434895833333333 0.48055555555555557 0.10052083333333334 0.21666666666666667
2 0.8752604166666667 0.6032407407407407 0.0140625 0.021296296296296296
2 0.5940104166666667 0.6148148148148148 0.019270833333333334 0.024074074074074074
2 0.4752604166666667 0.6101851851851852 0.0234375 0.02962962962962963
2 0.4127604166666667 0.6041666666666666 0.027604166666666666 0.030555555555555555
2 0.15442708333333333 0.6074074074074074 0.013020833333333334 0.012962962962962963
2 0.16458333333333333 0.6226851851851852 0.0125 0.017592592592592594
2 0.19088541666666667 0.6129629629629629 0.0140625 0.012962962962962963
2 0.12369791666666667 0.6152777777777778 0.015104166666666667 0.017592592592592594
1 0.15885416666666666 0.6583333333333333 0.025 0.05555555555555555
1 0.41822916666666665 0.6712962962962963 0.029166666666666667 0.05925925925925926
1 0.4744791666666667 0.675 0.040625 0.046296296296296294
1 0.54140625 0.6680555555555555 0.04010416666666667 0.075
1 0.6002604166666666 0.6731481481481482 0.0265625 0.06111111111111111
4 0.5231770833333333 0.8333333333333334 0.3859375 0.24444444444444444
3 0.8583333333333333 0.8393518518518519 0.265625 0.21203703703703702
