11 0.7359375 0.9125 0.171875 0.175
8 0.090625 0.6361111111111111 0.0625 0.053703703703703705
13 0.10130208333333333 0.5601851851851852 0.2015625 0.05925925925925926
0 0.31276041666666665 0.7287037037037037 0.07447916666666667 0.42407407407407405
0 0.2669270833333333 0.7615740740740741 0.04010416666666667 0.19166666666666668
0 0.05703125 0.6069444444444444 0.022395833333333334 0.1175925925925926
0 0.403125 0.5777777777777777 0.008333333333333333 0.04814814814814815
2 0.30494791666666665 0.5476851851851852 0.0296875 0.04351851851851852
1 0.30703125 0.6648148148148149 0.0578125 0.1388888888888889
1 0.40260416666666665 0.5689814814814815 0.00625 0.01574074074074074
1 0.05260416666666667 0.5939814814814814 0.010416666666666666 0.05277777777777778
10 0.1859375 0.5643518518518519 0.017708333333333333 0.03611111111111111
