12 0.5450520833333333 0.5324074074074074 0.09947916666666666 0.20555555555555555
4 0.5315104166666667 0.8722222222222222 0.3963541666666667 0.2388888888888889
3 0.8645833333333334 0.8893518518518518 0.26979166666666665 0.20462962962962963
8 0.30807291666666664 0.7291666666666666 0.0421875 0.058333333333333334
8 0.4348958333333333 0.7032407407407407 0.022916666666666665 0.04351851851851852
0 0.9268229166666667 0.7097222222222223 0.043229166666666666 0.15648148148148147
0 0.60859375 0.6962962962962963 0.03177083333333333 0.11481481481481481
0 0.5395833333333333 0.6875 0.05520833333333333 0.11018518518518519
0 0.465625 0.6944444444444444 0.03854166666666667 0.10925925925925926
0 0.3966145833333333 0.6916666666666667 0.0359375 0.10740740740740741
0 0.19765625 0.7018518518518518 0.0265625 0.12407407407407407
0 0.12760416666666666 0.7046296296296296 0.017708333333333333 0.12777777777777777
0 0.16484375 0.7064814814814815 0.0296875 0.13703703703703704
2 0.12604166666666666 0.6578703703703703 0.013541666666666667 0.019444444444444445
2 0.16432291666666668 0.6625 0.0140625 0.017592592592592594
2 0.16614583333333333 0.6435185185185185 0.013541666666666667 0.014814814814814815
2 0.19791666666666666 0.6509259259259259 0.0125 0.018518518518518517
2 0.39557291666666666 0.6560185185185186 0.024479166666666666 0.03611111111111111
2 0.46770833333333334 0.6560185185185186 0.025 0.03796296296296296
2 0.528125 0.6472222222222223 0.009375 0.022222222222222223
2 0.6065104166666667 0.6574074074074074 0.0203125 0.03148148148148148
2 0.9169270833333333 0.6472222222222223 0.013020833333333334 0.018518518518518517
1 0.6111979166666667 0.7189814814814814 0.030729166666666665 0.05648148148148148
1 0.54140625 0.7050925925925926 0.044270833333333336 0.07314814814814814
1 0.4666666666666667 0.7185185185185186 0.034375 0.044444444444444446
1 0.15911458333333334 0.6995370370370371 0.0203125 0.05092592592592592
14 0.225 0.3486111111111111 0.096875 0.09351851851851851
14 0.09713541666666667 0.6944444444444444 0.022395833333333334 0.06296296296296296
14 0.4041666666666667 0.12685185185185185 0.07083333333333333 0.13333333333333333
