11 0.63671875 0.7787037037037037 0.0296875 0.02962962962962963
12 0.575 0.6097222222222223 0.10104166666666667 0.21944444444444444
8 0.34010416666666665 0.799537037037037 0.05520833333333333 0.05648148148148148
8 0.4625 0.7773148148148148 0.025 0.04351851851851852
14 0.2565104166666667 0.41944444444444445 0.0953125 0.09814814814814815
14 0.4361979166666667 0.20601851851851852 0.0765625 0.14351851851851852
14 0.6932291666666667 0.587037037037037 0.019791666666666666 0.02962962962962963
14 0.13020833333333334 0.7638888888888888 0.022916666666666665 0.07592592592592592
4 0.5638020833333334 0.9106481481481481 0.3953125 0.16944444444444445
3 0.8830729166666667 0.9296296296296296 0.23385416666666667 0.13148148148148148
0 0.23255208333333333 0.7814814814814814 0.022395833333333334 0.13703703703703704
0 0.18723958333333332 0.7754629629629629 0.0265625 0.1527777777777778
0 0.15807291666666667 0.7782407407407408 0.021354166666666667 0.13425925925925927
0 0.421875 0.7666666666666667 0.034375 0.12222222222222222
0 0.49895833333333334 0.775 0.03958333333333333 0.0962962962962963
0 0.5604166666666667 0.7689814814814815 0.052083333333333336 0.11944444444444445
0 0.6630208333333333 0.7731481481481481 0.03958333333333333 0.10925925925925926
0 0.98984375 0.7870370370370371 0.0203125 0.15
2 0.15520833333333334 0.7236111111111111 0.015625 0.021296296296296296
2 0.1875 0.7138888888888889 0.013541666666666667 0.020370370370370372
2 0.19140625 0.7263888888888889 0.009895833333333333 0.012037037037037037
2 0.20078125 0.7125 0.0109375 0.017592592592592594
2 0.23151041666666666 0.7217592592592592 0.011979166666666667 0.012037037037037037
2 0.42421875 0.7240740740740741 0.025520833333333333 0.02962962962962963
2 0.4986979166666667 0.7467592592592592 0.022395833333333334 0.032407407407407406
2 0.5606770833333333 0.7226851851851852 0.0265625 0.032407407407407406
2 0.6583333333333333 0.7379629629629629 0.020833333333333332 0.03148148148148148
2 0.9940104166666667 0.7282407407407407 0.0109375 0.023148148148148147
1 0.6627604166666666 0.7935185185185185 0.0265625 0.053703703703703705
1 0.56015625 0.7828703703703703 0.0421875 0.06388888888888888
1 0.50078125 0.7981481481481482 0.033854166666666664 0.03148148148148148
1 0.4197916666666667 0.7865740740740741 0.028125 0.06018518518518518
1 0.5390625 0.7476851851851852 0.009375 0.023148148148148147
1 0.19114583333333332 0.7712962962962963 0.021875 0.05185185185185185
