12 0.7296875 0.7268518518518519 0.8520833333333333 0.9768518518518519
14 0.4203125 0.5990740740740741 0.5083333333333333 0.6944444444444444
14 0.3333333333333333 0.9453703703703704 0.3546875 1.0
14 0.6020833333333333 0.3685185185185185 0.6765625 0.487962962962963
14 0.6104166666666667 0.06111111111111111 0.6723958333333333 0.20277777777777778
0 0.359375 0.9277777777777778 0.38385416666666666 1.0
0 0.39479166666666665 0.9175925925925926 0.421875 1.0
0 0.43020833333333336 0.937037037037037 0.4510416666666667 1.0
2 0.36302083333333335 0.9361111111111111 0.3765625 0.9564814814814815
2 0.40208333333333335 0.9416666666666667 0.41458333333333336 0.9638888888888889
2 0.3953125 0.9314814814814815 0.409375 0.9472222222222222
2 0.40208333333333335 0.9259259259259259 0.4161458333333333 0.9435185185185185
2 0.4348958333333333 0.9361111111111111 0.4479166666666667 0.9555555555555556
2 0.7177083333333333 0.975925925925926 0.7286458333333333 0.9935185185185185
