12 0.8578125 0.8222222222222222 0.11145833333333334 0.2351851851851852
14 0.5143229166666666 0.6361111111111111 0.08385416666666666 0.08888888888888889
14 0.39947916666666666 0.9717592592592592 0.020833333333333332 0.05648148148148148
14 0.684375 0.40555555555555556 0.07708333333333334 0.12407407407407407
14 0.6817708333333333 0.1087962962962963 0.05625 0.13796296296296295
0 0.76484375 0.9694444444444444 0.0234375 0.06111111111111111
0 0.48463541666666665 0.9625 0.0140625 0.075
0 0.49895833333333334 0.9638888888888889 0.013541666666666667 0.07037037037037037
0 0.46380208333333334 0.9671296296296297 0.0203125 0.058333333333333334
0 0.4244791666666667 0.9643518518518519 0.021875 0.0712962962962963
2 0.4239583333333333 0.9416666666666667 0.015625 0.014814814814814815
2 0.4625 0.9472222222222222 0.013541666666666667 0.016666666666666666
2 0.4549479166666667 0.9291666666666667 0.008854166666666666 0.013888888888888888
2 0.4856770833333333 0.9356481481481481 0.013020833333333334 0.019444444444444445
2 0.49765625 0.9402777777777778 0.008854166666666666 0.017592592592592594
2 0.7651041666666667 0.9495370370370371 0.010416666666666666 0.01574074074074074
2 0.7268229166666667 0.9439814814814815 0.015104166666666667 0.01574074074074074
