4 0.3338541666666667 0.7092592592592593 0.7203125 0.9555555555555556
3 0.7197916666666667 0.7388888888888889 0.9927083333333333 0.95
8 0.2791666666666667 0.662962962962963 0.3260416666666667 0.7203703703703703
8 0.415625 0.6425925925925926 0.43802083333333336 0.6768518518518518
8 0.49270833333333336 0.6398148148148148 0.5171875 0.687962962962963
12 0.49895833333333334 0.3824074074074074 0.6 0.5990740740740741
0 0.7552083333333334 0.5935185185185186 0.790625 0.7453703703703703
0 0.5776041666666667 0.5962962962962963 0.6145833333333334 0.712037037037037
0 0.5265625 0.587037037037037 0.584375 0.7055555555555556
0 0.4354166666666667 0.5944444444444444 0.5026041666666666 0.6972222222222222
0 0.415625 0.5981481481481481 0.43333333333333335 0.6416666666666667
0 0.16510416666666666 0.6111111111111112 0.18333333333333332 0.7222222222222222
0 0.13697916666666668 0.6129629629629629 0.15885416666666666 0.7277777777777777
0 0.1171875 0.5981481481481481 0.13541666666666666 0.7194444444444444
2 0.11927083333333334 0.6018518518518519 0.12916666666666668 0.6175925925925926
2 0.14114583333333333 0.5962962962962963 0.15052083333333333 0.6074074074074074
2 0.15572916666666667 0.5935185185185186 0.16927083333333334 0.6064814814814815
2 0.1390625 0.6111111111111112 0.15260416666666668 0.6240740740740741
2 0.17239583333333333 0.6018518518518519 0.18125 0.6148148148148148
2 0.446875 0.600925925925926 0.471875 0.637962962962963
2 0.4375 0.5935185185185186 0.4552083333333333 0.6212962962962963
2 0.5828125 0.5990740740740741 0.6046875 0.6333333333333333
2 0.7640625 0.5925925925925926 0.778125 0.612037037037037
1 0.5859375 0.6416666666666667 0.6140625 0.7046296296296296
1 0.5328125 0.625 0.5729166666666666 0.7055555555555556
1 0.440625 0.65 0.4901041666666667 0.6953703703703704
1 0.11822916666666666 0.6203703703703703 0.13385416666666666 0.6666666666666666
1 0.13802083333333334 0.6314814814814815 0.15885416666666666 0.6777777777777778
1 0.15416666666666667 0.612037037037037 0.16666666666666666 0.6518518518518519
2 0.6697916666666667 0.600925925925926 0.6770833333333334 0.612037037037037
14 0.16145833333333334 0.24537037037037038 0.2625 0.3675925925925926
14 0.3609375 0.019444444444444445 0.43802083333333336 0.15
14 0.07864583333333333 0.6148148148148148 0.10208333333333333 0.6916666666666667
14 0.6458333333333334 0.45925925925925926 0.6645833333333333 0.48055555555555557
14 0.5953125 0.3527777777777778 0.6114583333333333 0.3907407407407407
