14 0.17994791666666668 0.6638888888888889 0.027604166666666666 0.06851851851851852
14 0.2955729166666667 0.33101851851851855 0.0921875 0.09166666666666666
14 0.5046875 0.1162037037037037 0.078125 0.1361111111111111
14 0.78046875 0.4962962962962963 0.0234375 0.03333333333333333
14 0.721875 0.39444444444444443 0.022916666666666665 0.046296296296296294
4 0.5596354166666667 0.8467592592592592 0.38177083333333334 0.2638888888888889
3 0.8828125 0.8768518518518519 0.234375 0.24444444444444444
12 0.56953125 0.5254629629629629 0.10677083333333333 0.20277777777777778
0 0.6973958333333333 0.6791666666666667 0.028125 0.12685185185185185
0 0.6505208333333333 0.6685185185185185 0.036458333333333336 0.10740740740740741
0 0.5927083333333333 0.6569444444444444 0.05625 0.12314814814814815
0 0.5377604166666666 0.6597222222222222 0.028645833333333332 0.11388888888888889
0 0.5158854166666667 0.6537037037037037 0.044270833333333336 0.11296296296296296
0 0.27838541666666666 0.6685185185185185 0.019270833333333334 0.12037037037037036
0 0.24713541666666666 0.6680555555555555 0.0234375 0.12314814814814815
0 0.08385416666666666 0.6777777777777778 0.028125 0.10555555555555556
2 0.08723958333333333 0.6365740740740741 0.0140625 0.019444444444444445
2 0.24869791666666666 0.6162037037037037 0.013020833333333334 0.012037037037037037
2 0.24739583333333334 0.6287037037037037 0.011458333333333333 0.014814814814814815
2 0.27708333333333335 0.6236111111111111 0.009375 0.013888888888888888
2 0.5140625 0.6189814814814815 0.021875 0.03425925925925926
2 0.53359375 0.6199074074074075 0.019270833333333334 0.032407407407407406
2 0.5953125 0.6106481481481482 0.030208333333333334 0.026851851851851852
2 0.6466145833333333 0.6347222222222222 0.025520833333333333 0.03425925925925926
2 0.6924479166666667 0.6296296296296297 0.018229166666666668 0.022222222222222223
8 0.4015625 0.700462962962963 0.06145833333333333 0.05092592592592592
