12 0.7796875 0.18194444444444444 0.1125 0.21574074074074073
13 0.8533854166666667 0.6787037037037037 0.29322916666666665 0.13333333333333333
0 0.5666666666666667 0.725925925925926 0.05416666666666667 0.28888888888888886
0 0.4421875 0.7407407407407407 0.057291666666666664 0.3537037037037037
0 0.6458333333333334 0.637962962962963 0.05625 0.1259259259259259
0 0.15859375 0.6791666666666667 0.04114583333333333 0.1787037037037037
0 0.32083333333333336 0.6699074074074074 0.040625 0.19166666666666668
2 0.15729166666666666 0.6060185185185185 0.017708333333333333 0.025
2 0.31875 0.587037037037037 0.015625 0.020370370370370372
2 0.434375 0.587037037037037 0.025 0.040740740740740744
2 0.5580729166666667 0.6023148148148149 0.025520833333333333 0.032407407407407406
2 0.6526041666666667 0.6037037037037037 0.028125 0.040740740740740744
1 0.6497395833333334 0.6587962962962963 0.033854166666666664 0.06944444444444445
1 0.5651041666666666 0.6925925925925925 0.03958333333333333 0.1037037037037037
1 0.44088541666666664 0.6791666666666667 0.049479166666666664 0.12129629629629629
1 0.15859375 0.6666666666666666 0.034895833333333334 0.07777777777777778
14 0.062239583333333334 0.5819444444444445 0.011979166666666667 0.03796296296296296
