4 0.5174479166666667 0.8287037037037037 0.38385416666666666 0.24074074074074073
3 0.8559895833333333 0.8425925925925926 0.2713541666666667 0.21296296296296297
12 0.5458333333333333 0.4842592592592593 0.09791666666666667 0.2074074074074074
8 0.30052083333333335 0.6842592592592592 0.051041666666666666 0.07222222222222222
8 0.4244791666666667 0.6550925925925926 0.025 0.041666666666666664
14 0.21041666666666667 0.3 0.09791666666666667 0.0962962962962963
14 0.3971354166666667 0.07546296296296297 0.07135416666666666 0.12129629629629629
14 0.6018229166666667 0.36342592592592593 0.0203125 0.028703703703703703
14 0.6544270833333333 0.462037037037037 0.015104166666666667 0.025925925925925925
14 0.08802083333333334 0.6486111111111111 0.023958333333333335 0.06759259259259259
14 0.12369791666666667 0.6541666666666667 0.021354166666666667 0.12314814814814815
14 0.14947916666666666 0.6620370370370371 0.021875 0.1425925925925926
14 0.18307291666666667 0.663425925925926 0.0203125 0.12685185185185185
14 0.4661458333333333 0.6462962962962963 0.05625 0.09444444444444444
14 0.5471354166666667 0.6365740740740741 0.059895833333333336 0.1175925925925926
14 0.5963541666666666 0.6467592592592593 0.03125 0.11574074074074074
14 0.8072916666666666 0.6597222222222222 0.03333333333333333 0.15833333333333333
2 0.8044270833333333 0.5953703703703703 0.015104166666666667 0.020370370370370372
2 0.5942708333333333 0.6083333333333333 0.021875 0.02962962962962963
2 0.45755208333333336 0.6203703703703703 0.03802083333333333 0.05925925925925926
2 0.146875 0.6134259259259259 0.0125 0.017592592592592594
2 0.12630208333333334 0.6060185185185185 0.011979166666666667 0.019444444444444445
2 0.1828125 0.6097222222222223 0.009375 0.019444444444444445
2 0.15052083333333333 0.5972222222222222 0.013541666666666667 0.011111111111111112
1 0.14973958333333334 0.6537037037037037 0.019270833333333334 0.05185185185185185
1 0.1265625 0.6416666666666667 0.01875 0.044444444444444446
1 0.4671875 0.6699074074074074 0.036458333333333336 0.03981481481481482
1 0.55078125 0.6555555555555556 0.0390625 0.07407407407407407
1 0.5971354166666667 0.6703703703703704 0.027604166666666666 0.06851851851851852
