4 0.5166666666666667 0.8333333333333334 0.3885416666666667 0.2611111111111111
3 0.84765625 0.837037037037037 0.27447916666666666 0.21666666666666667
0 0.9302083333333333 0.6152777777777778 0.010416666666666666 0.05277777777777778
0 0.7346354166666667 0.6638888888888889 0.03177083333333333 0.1537037037037037
0 0.5916666666666667 0.6453703703703704 0.036458333333333336 0.10925925925925926
0 0.5440104166666667 0.637962962962963 0.0609375 0.12037037037037036
0 0.47708333333333336 0.6439814814814815 0.04583333333333333 0.11574074074074074
0 0.4395833333333333 0.6425925925925926 0.035416666666666666 0.1111111111111111
0 0.41848958333333336 0.6347222222222222 0.016145833333333335 0.0824074074074074
12 0.5424479166666667 0.4791666666666667 0.09947916666666666 0.20092592592592592
8 0.29401041666666666 0.6837962962962963 0.05572916666666667 0.058333333333333334
0 0.12838541666666667 0.6671296296296296 0.025520833333333333 0.13796296296296295
0 0.16354166666666667 0.6606481481481481 0.03229166666666667 0.14166666666666666
2 0.12161458333333333 0.6060185185185185 0.009895833333333333 0.013888888888888888
2 0.13151041666666666 0.6162037037037037 0.011979166666666667 0.017592592592592594
2 0.13958333333333334 0.600462962962963 0.011458333333333333 0.017592592592592594
2 0.1578125 0.6018518518518519 0.0125 0.014814814814814815
2 0.17005208333333333 0.6069444444444444 0.009895833333333333 0.01574074074074074
2 0.41848958333333336 0.6027777777777777 0.008854166666666666 0.009259259259259259
2 0.43697916666666664 0.6041666666666666 0.020833333333333332 0.026851851851851852
2 0.46875 0.6018518518518519 0.022916666666666665 0.02962962962962963
2 0.5885416666666666 0.6078703703703704 0.020833333333333332 0.030555555555555555
2 0.7309895833333333 0.5949074074074074 0.018229166666666668 0.017592592592592594
0 0.6721354166666667 0.6092592592592593 0.0078125 0.025925925925925925
0 0.67265625 0.6 0.0046875 0.005555555555555556
1 0.6721354166666667 0.611574074074074 0.0036458333333333334 0.013888888888888888
1 0.7395833333333334 0.6537037037037037 0.015625 0.06666666666666667
1 0.5932291666666667 0.6671296296296296 0.030208333333333334 0.05277777777777778
1 0.5502604166666667 0.6592592592592592 0.03697916666666667 0.07962962962962963
1 0.47291666666666665 0.6736111111111112 0.036458333333333336 0.06388888888888888
1 0.446875 0.6694444444444444 0.03333333333333333 0.05185185185185185
1 0.12005208333333334 0.6425925925925926 0.016145833333333335 0.04259259259259259
1 0.13359375 0.6532407407407408 0.0171875 0.04351851851851852
1 0.15625 0.6328703703703704 0.013541666666666667 0.03981481481481482
14 0.20911458333333333 0.300462962962963 0.09739583333333333 0.09351851851851851
14 0.0859375 0.6504629629629629 0.022916666666666665 0.0712962962962963
14 0.3932291666666667 0.07916666666666666 0.075 0.12314814814814815
14 0.5755208333333334 0.4199074074074074 0.013541666666666667 0.025
14 0.6502604166666667 0.4648148148148148 0.021354166666666667 0.025925925925925925
