0 0.5690104166666666 0.8939814814814815 0.03802083333333333 0.16944444444444445
0 0.5020833333333333 0.8731481481481481 0.029166666666666667 0.1037037037037037
0 0.39140625 0.8541666666666666 0.024479166666666666 0.09537037037037037
0 0.33567708333333335 0.8837962962962963 0.03177083333333333 0.13240740740740742
2 0.33671875 0.8277777777777777 0.0140625 0.020370370370370372
2 0.3921875 0.8148148148148148 0.010416666666666666 0.012962962962962963
2 0.5 0.8300925925925926 0.011458333333333333 0.01574074074074074
2 0.5643229166666667 0.8180555555555555 0.016145833333333335 0.019444444444444445
1 0.33229166666666665 0.8648148148148148 0.015625 0.04814814814814815
1 0.39088541666666665 0.8458333333333333 0.015104166666666667 0.03425925925925926
1 0.5028645833333333 0.8652777777777778 0.021354166666666667 0.03611111111111111
10 0.23567708333333334 0.8421296296296297 0.027604166666666666 0.04351851851851852
11 0.43802083333333336 0.5564814814814815 0.07708333333333334 0.06111111111111111
12 0.4395833333333333 0.03796296296296296 0.035416666666666666 0.07407407407407407
13 0.38229166666666664 0.8222222222222222 0.15833333333333333 0.044444444444444446
14 0.07630208333333334 0.2263888888888889 0.1515625 0.09351851851851851
14 0.06302083333333333 0.6865740740740741 0.11041666666666666 0.05648148148148148
14 0.4791666666666667 0.6995370370370371 0.3416666666666667 0.10277777777777777
