12 0.5411458333333333 0.475462962962963 0.10104166666666667 0.20277777777777778
4 0.51640625 0.8263888888888888 0.3932291666666667 0.23796296296296296
3 0.8567708333333334 0.8333333333333334 0.26979166666666665 0.21481481481481482
8 0.30026041666666664 0.6828703703703703 0.05677083333333333 0.06018518518518518
8 0.503125 0.6541666666666667 0.023958333333333335 0.05092592592592592
14 0.21223958333333334 0.2972222222222222 0.10052083333333334 0.08888888888888889
14 0.39609375 0.0763888888888889 0.07135416666666666 0.12314814814814815
14 0.6520833333333333 0.45601851851851855 0.016666666666666666 0.026851851851851852
14 0.08958333333333333 0.6467592592592593 0.025 0.06574074074074074
0 0.1234375 0.6587962962962963 0.019791666666666666 0.13240740740740742
0 0.1546875 0.6587962962962963 0.025 0.14351851851851852
0 0.18541666666666667 0.6601851851851852 0.01875 0.13148148148148148
0 0.4234375 0.6370370370370371 0.0375 0.1111111111111111
0 0.47369791666666666 0.6388888888888888 0.04739583333333333 0.10740740740740741
0 0.55234375 0.6337962962962963 0.059895833333333336 0.11944444444444445
0 0.596875 0.6398148148148148 0.030208333333333334 0.1111111111111111
0 0.8377604166666667 0.6550925925925926 0.034895833333333334 0.14907407407407408
2 0.8356770833333333 0.5921296296296297 0.015104166666666667 0.017592592592592594
2 0.5916666666666667 0.6041666666666666 0.017708333333333333 0.032407407407407406
2 0.5591145833333333 0.586574074074074 0.022395833333333334 0.021296296296296296
2 0.46953125 0.5995370370370371 0.028645833333333332 0.026851851851851852
2 0.421875 0.5995370370370371 0.027083333333333334 0.030555555555555555
2 0.1234375 0.6041666666666666 0.0125 0.017592592592592594
2 0.15390625 0.6111111111111112 0.0109375 0.018518518518518517
2 0.15572916666666667 0.5976851851851852 0.014583333333333334 0.017592592592592594
2 0.18411458333333333 0.6018518518518519 0.008854166666666666 0.014814814814814815
1 0.15260416666666668 0.6532407407407408 0.017708333333333333 0.05092592592592592
1 0.12317708333333334 0.6453703703703704 0.013020833333333334 0.05185185185185185
1 0.42291666666666666 0.6620370370370371 0.030208333333333334 0.05555555555555555
1 0.47239583333333335 0.6675925925925926 0.040625 0.05
1 0.5541666666666667 0.6550925925925926 0.041666666666666664 0.07685185185185185
1 0.5997395833333333 0.6643518518518519 0.0234375 0.06574074074074074
