12 0.4393518518518518 0.378125 0.08796296296296297 0.14583333333333334
6 0.5259259259259259 0.6947916666666667 0.23703703703703705 0.035416666666666666
14 0.06712962962962964 0.6541666666666667 0.13240740740740742 0.016666666666666666
14 0.8777777777777778 0.5861979166666667 0.20185185185185187 0.0265625
14 0.8143518518518519 0.4622395833333333 0.05462962962962963 0.0296875
9 0.23333333333333334 0.8020833333333334 0.23333333333333334 0.140625
0 0.08055555555555556 0.8315104166666667 0.13148148148148148 0.13177083333333334
0 0.7212962962962963 0.6947916666666667 0.03888888888888889 0.052083333333333336
2 0.10555555555555556 0.775 0.053703703703703705 0.021875
1 0.08055555555555556 0.8403645833333333 0.1111111111111111 0.0953125
