12 0.6432291666666666 0.46296296296296297 0.75 0.6842592592592592
3 0.8911458333333333 0.8435185185185186 1.0 0.9981481481481481
4 0.4786458333333333 0.7675925925925926 0.8859375 0.9990740740740741
14 0.3536458333333333 0.32222222222222224 0.44427083333333334 0.41759259259259257
14 0.2635416666666667 0.6527777777777778 0.2921875 0.7148148148148148
14 0.553125 0.0962962962962963 0.6307291666666667 0.24259259259259258
14 0.846875 0.5657407407407408 0.8708333333333333 0.5916666666666667
0 0.31302083333333336 0.6453703703703704 0.334375 0.7703703703703704
0 0.34479166666666666 0.6416666666666667 0.36770833333333336 0.7694444444444445
0 0.6057291666666667 0.662962962962963 0.6567708333333333 0.7768518518518519
0 0.6760416666666667 0.662962962962963 0.7390625 0.7907407407407407
0 0.7453125 0.6898148148148148 0.7828125 0.8037037037037037
0 0.8265625 0.6972222222222222 0.871875 0.8824074074074074
2 0.8307291666666666 0.700925925925926 0.85 0.7203703703703703
2 0.7510416666666667 0.6925925925925925 0.7734375 0.725925925925926
2 0.70625 0.662962962962963 0.7333333333333333 0.6990740740740741
2 0.6145833333333334 0.6666666666666666 0.6442708333333333 0.6972222222222222
2 0.31927083333333334 0.65 0.32864583333333336 0.6666666666666666
2 0.3260416666666667 0.6388888888888888 0.3333333333333333 0.6564814814814814
2 0.3494791666666667 0.6453703703703704 0.36354166666666665 0.6611111111111111
1 0.3145833333333333 0.6703703703703704 0.33177083333333335 0.7138888888888889
1 0.6104166666666667 0.7175925925925926 0.6515625 0.775
1 0.690625 0.7083333333333334 0.73125 0.7898148148148149
1 0.7505208333333333 0.7361111111111112 0.7807291666666667 0.8009259259259259
1 0.8364583333333333 0.7351851851851852 0.85625 0.8083333333333333
8 0.45208333333333334 0.7175925925925926 0.5010416666666667 0.7796296296296297
