14 0.4515625 0.28888888888888886 0.09895833333333333 0.1037037037037037
14 0.3359375 0.6046296296296296 0.023958333333333335 0.07037037037037037
14 0.7046875 0.06527777777777778 0.09166666666666666 0.1287037037037037
14 0.9119791666666667 0.4152777777777778 0.025 0.04351851851851852
14 0.9473958333333333 0.3537037037037037 0.023958333333333335 0.04814814814814815
11 0.9208333333333333 0.674537037037037 0.065625 0.05092592592592592
12 0.6598958333333333 0.49212962962962964 0.12291666666666666 0.23055555555555557
8 0.5651041666666666 0.6527777777777778 0.041666666666666664 0.040740740740740744
8 0.7127604166666667 0.6546296296296297 0.018229166666666668 0.03888888888888889
4 0.6528645833333333 0.8111111111111111 0.3963541666666667 0.2740740740740741
3 0.9361979166666666 0.8578703703703704 0.12760416666666666 0.23055555555555557
0 0.2984375 0.6273148148148148 0.021875 0.12129629629629629
0 0.3796875 0.6148148148148148 0.023958333333333335 0.11481481481481481
0 0.4046875 0.6171296296296296 0.021875 0.10648148148148148
0 0.4265625 0.6134259259259259 0.026041666666666668 0.11388888888888889
0 0.4479166666666667 0.6175925925925926 0.023958333333333335 0.11296296296296296
0 0.6184895833333334 0.6337962962962963 0.05260416666666667 0.08981481481481482
0 0.678125 0.6273148148148148 0.06041666666666667 0.12129629629629629
0 0.76953125 0.6453703703703704 0.05364583333333333 0.12777777777777777
2 0.30026041666666664 0.575462962962963 0.0140625 0.017592592592592594
2 0.378125 0.5699074074074074 0.010416666666666666 0.012037037037037037
2 0.40546875 0.5740740740740741 0.0078125 0.009259259259259259
2 0.4205729166666667 0.5666666666666667 0.0067708333333333336 0.011111111111111112
2 0.4328125 0.5731481481481482 0.009375 0.012962962962962963
2 0.4515625 0.5726851851851852 0.011458333333333333 0.012037037037037037
2 0.6052083333333333 0.6148148148148148 0.026041666666666668 0.046296296296296294
2 0.6744791666666666 0.5763888888888888 0.020833333333333332 0.017592592592592594
2 0.7125 0.5995370370370371 0.015625 0.01574074074074074
2 0.7546875 0.5953703703703703 0.016666666666666666 0.020370370370370372
2 0.7731770833333333 0.600925925925926 0.018229166666666668 0.03148148148148148
1 0.7794270833333333 0.6717592592592593 0.028645833333333332 0.0787037037037037
1 0.6817708333333333 0.6509259259259259 0.04583333333333333 0.07407407407407407
1 0.61953125 0.6523148148148148 0.04114583333333333 0.049074074074074076
1 0.40651041666666665 0.600925925925926 0.011979166666666667 0.03888888888888889
1 0.428125 0.6055555555555555 0.013541666666666667 0.037037037037037035
1 0.4421875 0.5972222222222222 0.009375 0.03518518518518519
