6 0.0010416666666666667 0.6101851851851852 0.271875 1.0
4 0.7229166666666667 0.6685185185185185 1.0 0.9851851851851852
12 0.8703125 0.3814814814814815 1.0 0.6129629629629629
14 0.14166666666666666 0.08425925925925926 0.184375 0.1712962962962963
14 0.0005208333333333333 0.040740740740740744 0.11510416666666666 0.16018518518518518
14 0.6994791666666667 0.22870370370370371 0.8197916666666667 0.3194444444444444
14 0.1328125 0.29259259259259257 0.23854166666666668 0.36944444444444446
14 0.6317708333333333 0.5740740740740741 0.6546875 0.6527777777777778
0 0.7067708333333333 0.5666666666666667 0.7302083333333333 0.675
0 0.74375 0.5648148148148148 0.7625 0.6648148148148149
0 0.7635416666666667 0.5648148148148148 0.7880208333333333 0.6648148148148149
0 0.81875 0.5648148148148148 0.8723958333333334 0.6722222222222223
0 0.9432291666666667 0.549074074074074 1.0 0.6861111111111111
2 0.7109375 0.5694444444444444 0.728125 0.5842592592592593
2 0.7494791666666667 0.5657407407407408 0.7572916666666667 0.5805555555555556
2 0.7677083333333333 0.5694444444444444 0.7791666666666667 0.5861111111111111
2 0.8208333333333333 0.5685185185185185 0.8494791666666667 0.6064814814814815
2 0.9567708333333333 0.5518518518518518 0.9817708333333334 0.5935185185185186
1 0.9557291666666666 0.6259259259259259 1.0 0.6861111111111111
1 0.8197916666666667 0.625 0.859375 0.6712962962962963
1 0.7682291666666666 0.5898148148148148 0.784375 0.6296296296296297
