12 0.7337962962962963 0.3143229166666667 0.10462962962962963 0.13177083333333334
6 0.8861111111111111 0.61484375 0.22777777777777777 0.034895833333333334
14 0.37407407407407406 0.5799479166666667 0.2833333333333333 0.011979166666666667
0 0.2824074074074074 0.6638020833333333 0.1037037037037037 0.15572916666666667
0 0.46944444444444444 0.7390625 0.1388888888888889 0.12083333333333333
9 0.5388888888888889 0.7294270833333333 0.362962962962963 0.0953125
2 0.2791666666666667 0.5934895833333333 0.03981481481481482 0.016145833333333335
2 0.4777777777777778 0.6911458333333333 0.046296296296296294 0.025
1 0.2833333333333333 0.6388020833333333 0.07777777777777778 0.05677083333333333
1 0.45601851851851855 0.7481770833333333 0.11574074074074074 0.08072916666666667
