6 0.10442708333333334 0.799537037037037 0.20677083333333332 0.4009259259259259
12 0.8625 0.5078703703703704 0.14166666666666666 0.23425925925925925
4 0.8229166666666666 0.8296296296296296 0.3541666666666667 0.3296296296296296
14 0.08515625 0.10601851851851851 0.043229166666666666 0.10277777777777777
14 0.016145833333333335 0.08657407407407407 0.03125 0.08796296296296297
14 0.09921875 0.32175925925925924 0.1109375 0.09907407407407408
14 0.6744791666666666 0.28194444444444444 0.11041666666666666 0.09166666666666666
14 0.5625 0.6069444444444444 0.019791666666666666 0.06388888888888888
0 0.63046875 0.6189814814814815 0.019270833333333334 0.10462962962962963
0 0.6572916666666667 0.6175925925925926 0.016666666666666666 0.11296296296296296
0 0.6861979166666666 0.6138888888888889 0.0234375 0.09444444444444444
0 0.8096354166666667 0.6199074074074075 0.05364583333333333 0.11018518518518519
0 0.8869791666666667 0.6226851851851852 0.051041666666666666 0.12314814814814815
0 0.9216145833333333 0.6273148148148148 0.0328125 0.11574074074074074
2 0.9143229166666667 0.5842592592592593 0.0171875 0.03148148148148148
2 0.8880208333333334 0.5800925925925926 0.026041666666666668 0.03425925925925926
2 0.7966145833333333 0.5842592592592593 0.0296875 0.03888888888888889
2 0.6302083333333334 0.5731481481481482 0.010416666666666666 0.012962962962962963
2 0.65625 0.5703703703703704 0.009375 0.009259259259259259
2 0.68359375 0.575925925925926 0.0140625 0.018518518518518517
2 0.6940104166666666 0.575 0.0067708333333333336 0.016666666666666666
1 0.6846354166666667 0.6064814814814815 0.0171875 0.04259259259259259
1 0.8098958333333334 0.6472222222222223 0.03854166666666667 0.05555555555555555
1 0.8901041666666667 0.6518518518518519 0.05416666666666667 0.06481481481481481
1 0.9216145833333333 0.6398148148148148 0.0234375 0.07407407407407407
