14 0.46041666666666664 0.2490740740740741 0.5619791666666667 0.34444444444444444
14 0.3859375 0.575 0.409375 0.6388888888888888
14 0.7255208333333333 0.000925925925925926 0.8239583333333333 0.11944444444444445
12 0.6322916666666667 0.39537037037037037 0.7604166666666666 0.5805555555555556
4 0.4979166666666667 0.6685185185185185 0.9 0.9601851851851851
3 0.925 0.7333333333333333 1.0 0.9518518518518518
0 0.3734375 0.5731481481481482 0.3880208333333333 0.6564814814814814
0 0.44479166666666664 0.5638888888888889 0.46510416666666665 0.675
0 0.4786458333333333 0.5648148148148148 0.4947916666666667 0.6694444444444444
0 0.4947916666666667 0.5657407407407408 0.5145833333333333 0.6796296296296296
0 0.5151041666666667 0.5666666666666667 0.5296875 0.662962962962963
0 0.6333333333333333 0.5722222222222222 0.6890625 0.6703703703703704
0 0.6901041666666666 0.5675925925925925 0.7463541666666667 0.6805555555555556
0 0.7588541666666667 0.575 0.7942708333333334 0.6861111111111111
0 0.8130208333333333 0.5787037037037037 0.8526041666666667 0.725
2 0.8145833333333333 0.5796296296296296 0.8369791666666667 0.6157407407407407
2 0.7651041666666667 0.575925925925926 0.7822916666666667 0.6
2 0.6395833333333333 0.5805555555555556 0.6713541666666667 0.625
2 0.6989583333333333 0.5675925925925925 0.7192708333333333 0.5953703703703703
2 0.7880208333333333 0.5888888888888889 0.8015625 0.6055555555555555
2 0.37864583333333335 0.5731481481481482 0.38958333333333334 0.5935185185185186
2 0.44895833333333335 0.5666666666666667 0.4583333333333333 0.5805555555555556
2 0.46145833333333336 0.5703703703703704 0.46875 0.5851851851851851
2 0.4817708333333333 0.5648148148148148 0.49375 0.575925925925926
2 0.49895833333333334 0.5685185185185185 0.5119791666666667 0.5879629629629629
2 0.5171875 0.5694444444444444 0.525 0.5833333333333334
1 0.4953125 0.5925925925925926 0.5119791666666667 0.6287037037037037
1 0.6932291666666667 0.6222222222222222 0.7411458333333333 0.6814814814814815
1 0.7739583333333333 0.6129629629629629 0.79375 0.6833333333333333
1 0.821875 0.6259259259259259 0.85 0.7148148148148148
