12 0.4786458333333333 0.13240740740740742 0.15729166666666666 0.26296296296296295
6 0.8200520833333333 0.4638888888888889 0.35989583333333336 0.25555555555555554
4 0.44973958333333336 0.5833333333333334 0.4546875 0.3574074074074074
3 0.078125 0.5967592592592592 0.15520833333333334 0.28425925925925927
14 0.159375 0.2101851851851852 0.28958333333333336 0.06851851851851852
7 0.4125 0.35138888888888886 0.103125 0.06018518518518518
7 0.16041666666666668 0.3449074074074074 0.06979166666666667 0.09351851851851851
0 0.55234375 0.5777777777777777 0.0921875 0.6314814814814815
0 0.4895833333333333 0.5101851851851852 0.08541666666666667 0.5277777777777778
2 0.5565104166666667 0.2972222222222222 0.05260416666666667 0.06851851851851852
2 0.5135416666666667 0.27685185185185185 0.036458333333333336 0.06851851851851852
1 0.49713541666666666 0.4111111111111111 0.06822916666666666 0.17592592592592593
1 0.5591145833333333 0.49675925925925923 0.06927083333333334 0.2324074074074074
7 0.22135416666666666 0.3578703703703704 0.04895833333333333 0.075
7 0.09036458333333333 0.3416666666666667 0.0578125 0.10740740740740741
7 0.028125 0.3875 0.05520833333333333 0.08796296296296297
2 0.16744791666666667 0.5152777777777777 0.0328125 0.06944444444444445
0 0.17552083333333332 0.5615740740740741 0.053125 0.19537037037037036
1 0.18203125 0.5828703703703704 0.022395833333333334 0.11388888888888889
