12 0.29348958333333336 0.6592592592592592 0.07447916666666667 0.1574074074074074
10 0.8466145833333333 0.913425925925926 0.0609375 0.10648148148148148
14 0.684375 0.20416666666666666 0.026041666666666668 0.12685185185185185
14 0.7643229166666666 0.32175925925925924 0.04739583333333333 0.13425925925925927
0 0.2635416666666667 0.9138888888888889 0.036458333333333336 0.17222222222222222
0 0.2955729166666667 0.9175925925925926 0.030729166666666665 0.1648148148148148
2 0.2596354166666667 0.8449074074074074 0.0171875 0.028703703703703703
2 0.2921875 0.850925925925926 0.014583333333333334 0.02962962962962963
1 0.26536458333333335 0.9083333333333333 0.03177083333333333 0.07962962962962963
1 0.2955729166666667 0.9125 0.025520833333333333 0.075
