14 0.37604166666666666 0.18518518518518517 0.48385416666666664 0.27685185185185185
14 0.30833333333333335 0.5277777777777778 0.33229166666666665 0.5879629629629629
14 0.9520833333333333 0.29259259259259257 0.9854166666666667 0.3435185185185185
3 0.7890625 0.6611111111111111 1.0 0.9453703703703704
4 0.39010416666666664 0.6222222222222222 0.7578125 0.8972222222222223
11 0.928125 0.562962962962963 0.9927083333333333 0.6083333333333333
8 0.7984375 0.5398148148148149 0.8494791666666667 0.6101851851851852
8 0.7359375 0.5555555555555556 0.75625 0.5990740740740741
8 0.5645833333333333 0.5611111111111111 0.6041666666666666 0.6064814814814815
12 0.49583333333333335 0.3527777777777778 0.6151041666666667 0.5259259259259259
0 0.7 0.5064814814814815 0.7463541666666667 0.7185185185185186
0 0.60625 0.49166666666666664 0.6677083333333333 0.6296296296296297
0 0.3333333333333333 0.5138888888888888 0.40677083333333336 0.8648148148148148
0 0.41458333333333336 0.5083333333333333 0.43125 0.5944444444444444
0 0.43072916666666666 0.5148148148148148 0.44479166666666664 0.5990740740740741
2 0.3723958333333333 0.48148148148148145 0.39010416666666664 0.5064814814814815
2 0.41770833333333335 0.5092592592592593 0.42552083333333335 0.5203703703703704
2 0.4270833333333333 0.5083333333333333 0.43125 0.5185185185185185
2 0.4328125 0.5148148148148148 0.4401041666666667 0.5296296296296297
2 0.3734375 0.5148148148148148 0.4078125 0.5574074074074075
2 0.515625 0.5833333333333334 0.5395833333333333 0.6166666666666667
2 0.6135416666666667 0.4925925925925926 0.6380208333333334 0.525
2 0.7026041666666667 0.5083333333333333 0.7244791666666667 0.5398148148148149
2 0.7401041666666667 0.5138888888888888 0.7463541666666667 0.5259259259259259
2 0.7453125 0.5111111111111111 0.7494791666666667 0.524074074074074
1 0.7427083333333333 0.5333333333333333 0.7510416666666667 0.5546296296296296
1 0.7083333333333334 0.5555555555555556 0.740625 0.6425925925925926
1 0.6083333333333333 0.5462962962962963 0.6505208333333333 0.6212962962962963
1 0.4317708333333333 0.5296296296296297 0.44375 0.5703703703703704
1 0.33958333333333335 0.5694444444444444 0.39479166666666665 0.7064814814814815
