12 0.32265625 0.2310185185185185 0.04739583333333333 0.09722222222222222
14 0.6427083333333333 0.2671296296296296 0.030208333333333334 0.08981481481481482
14 0.73984375 0.337037037037037 0.0609375 0.11666666666666667
14 0.8388020833333333 0.675 0.1046875 0.027777777777777776
10 0.6888020833333334 0.8518518518518519 0.04635416666666667 0.07777777777777778
0 0.28802083333333334 0.9032407407407408 0.03125 0.14722222222222223
0 0.3684895833333333 0.8777777777777778 0.022395833333333334 0.1111111111111111
2 0.2825520833333333 0.8407407407407408 0.0171875 0.020370370370370372
2 0.36953125 0.8333333333333334 0.011979166666666667 0.020370370370370372
1 0.36822916666666666 0.8675925925925926 0.015625 0.05
1 0.2838541666666667 0.8861111111111111 0.021875 0.06851851851851852
