14 0.384375 0.16296296296296298 0.490625 0.26481481481481484
14 0.3109375 0.5046296296296297 0.3328125 0.5731481481481482
3 0.7973958333333333 0.6527777777777778 1.0 0.9351851851851852
4 0.38229166666666664 0.600925925925926 0.7682291666666666 0.887962962962963
8 0.8 0.5231481481481481 0.8572916666666667 0.6037037037037037
11 0.9302083333333333 0.5555555555555556 1.0 0.6018518518518519
12 0.4822916666666667 0.33796296296296297 0.6203125 0.5546296296296296
14 0.9614583333333333 0.28888888888888886 0.9921875 0.33425925925925926
0 0.3229166666666667 0.4888888888888889 0.384375 0.8379629629629629
0 0.38333333333333336 0.4898148148148148 0.4046875 0.5648148148148148
0 0.41770833333333335 0.47685185185185186 0.453125 0.5888888888888889
0 0.5755208333333334 0.49166666666666664 0.6458333333333334 0.6111111111111112
0 0.7046875 0.49166666666666664 0.7489583333333333 0.7101851851851851
0 0.7369791666666666 0.49907407407407406 0.7598958333333333 0.5453703703703704
8 0.7364583333333333 0.5472222222222223 0.7645833333333333 0.587037037037037
2 0.7109375 0.49444444444444446 0.7307291666666667 0.5268518518518519
2 0.73125 0.5018518518518519 0.7369791666666666 0.5175925925925926
2 0.7427083333333333 0.5009259259259259 0.7546875 0.5138888888888888
2 0.5916666666666667 0.487962962962963 0.6130208333333333 0.5148148148148148
2 0.5729166666666666 0.4962962962962963 0.5890625 0.5370370370370371
2 0.4203125 0.47962962962962963 0.4348958333333333 0.49537037037037035
2 0.35104166666666664 0.4962962962962963 0.38229166666666664 0.5314814814814814
2 0.38645833333333335 0.4935185185185185 0.39375 0.5055555555555555
2 0.39427083333333335 0.49907407407407406 0.39947916666666666 0.5092592592592593
2 0.4432291666666667 0.49907407407407406 0.45 0.5092592592592593
1 0.43020833333333336 0.5037037037037037 0.45 0.5648148148148148
1 0.3953125 0.5101851851851852 0.4036458333333333 0.5462962962962963
1 0.32395833333333335 0.5518518518518518 0.38177083333333334 0.6824074074074075
1 0.5890625 0.5435185185185185 0.6401041666666667 0.6083333333333333
1 0.709375 0.5444444444444444 0.7494791666666667 0.6351851851851852
1 0.7307291666666667 0.5203703703703704 0.7411458333333333 0.5527777777777778
1 0.7458333333333333 0.5203703703703704 0.7572916666666667 0.5444444444444444
