6 0.11276041666666667 0.7305555555555555 0.22447916666666667 0.3592592592592593
14 0.09296875 0.06759259259259259 0.03697916666666667 0.09259259259259259
14 0.026302083333333334 0.050462962962962966 0.0515625 0.08611111111111111
14 0.12317708333333334 0.2791666666666667 0.11197916666666667 0.10462962962962963
14 0.70546875 0.22314814814814815 0.11927083333333334 0.07777777777777778
14 0.58515625 0.5601851851851852 0.025520833333333333 0.06666666666666667
12 0.859375 0.4546296296296296 0.140625 0.23148148148148148
4 0.8244791666666667 0.7847222222222222 0.35104166666666664 0.3175925925925926
0 0.6604166666666667 0.5569444444444445 0.03333333333333333 0.08981481481481482
0 0.6958333333333333 0.5523148148148148 0.017708333333333333 0.08981481481481482
0 0.7291666666666666 0.5643518518518519 0.052083333333333336 0.12129629629629629
0 0.89453125 0.575 0.07760416666666667 0.1259259259259259
2 0.6609375 0.5222222222222223 0.015625 0.014814814814814815
2 0.6986979166666667 0.5180555555555556 0.009895833333333333 0.021296296296296296
2 0.721875 0.5254629629629629 0.03125 0.04351851851851852
2 0.8841145833333334 0.5236111111111111 0.028645833333333332 0.032407407407407406
1 0.8950520833333333 0.6018518518518519 0.07239583333333334 0.06851851851851852
1 0.7286458333333333 0.5921296296296297 0.05 0.05648148148148148
1 0.65625 0.5467592592592593 0.013541666666666667 0.03425925925925926
