3 0.8619791666666666 0.6601851851851852 1.0 0.9185185185185185
4 0.434375 0.6055555555555555 0.8375 0.9
14 0.4348958333333333 0.1685185185185185 0.5432291666666667 0.26481481481481484
14 0.3703125 0.5101851851851852 0.39427083333333335 0.587037037037037
12 0.5369791666666667 0.337037037037037 0.6682291666666667 0.5287037037037037
8 0.8635416666666667 0.5342592592592592 0.9171875 0.6083333333333333
0 0.8010416666666667 0.5009259259259259 0.821875 0.5888888888888889
0 0.7609375 0.49722222222222223 0.8098958333333334 0.7064814814814815
0 0.6291666666666667 0.4935185185185185 0.6927083333333334 0.612037037037037
0 0.5182291666666666 0.4925925925925926 0.5479166666666667 0.5962962962962963
0 0.5005208333333333 0.5037037037037037 0.5140625 0.5888888888888889
0 0.47291666666666665 0.49537037037037035 0.49270833333333336 0.5796296296296296
0 0.44479166666666664 0.49444444444444446 0.46145833333333336 0.5601851851851852
0 0.40572916666666664 0.4861111111111111 0.46145833333333336 0.8175925925925925
2 0.42239583333333336 0.4935185185185185 0.4515625 0.5361111111111111
2 0.4484375 0.49722222222222223 0.4546875 0.5101851851851852
2 0.4765625 0.4962962962962963 0.48489583333333336 0.5120370370370371
2 0.5015625 0.5046296296296297 0.5104166666666666 0.5148148148148148
2 0.5208333333333334 0.49074074074074076 0.5375 0.5148148148148148
2 0.6322916666666667 0.4981481481481482 0.6614583333333334 0.5277777777777778
2 0.7692708333333333 0.49722222222222223 0.79375 0.5305555555555556
2 0.8020833333333334 0.5018518518518519 0.8166666666666667 0.5203703703703704
1 0.8010416666666667 0.5203703703703704 0.8140625 0.5555555555555556
1 0.7734375 0.5453703703703704 0.809375 0.6398148148148148
1 0.6354166666666666 0.5370370370370371 0.6932291666666667 0.6101851851851852
1 0.5307291666666667 0.5175925925925926 0.546875 0.5842592592592593
1 0.5 0.5185185185185185 0.5130208333333334 0.5546296296296296
1 0.40520833333333334 0.5462962962962963 0.4505208333333333 0.6814814814814815
