14 0.5401041666666667 0.2074074074074074 0.10729166666666666 0.10740740740740741
14 0.43125 0.537962962962963 0.020833333333333332 0.06851851851851852
12 0.66484375 0.4125 0.14635416666666667 0.20277777777777778
3 0.959375 0.7611111111111111 0.08125 0.26666666666666666
4 0.6911458333333333 0.7356481481481482 0.4041666666666667 0.2916666666666667
8 0.9497395833333333 0.5587962962962963 0.05364583333333333 0.075
0 0.45755208333333336 0.5462962962962963 0.018229166666666668 0.10185185185185185
0 0.5036458333333333 0.5111111111111111 0.028125 0.05
0 0.5575520833333333 0.5138888888888888 0.022395833333333334 0.06666666666666667
0 0.5338541666666666 0.5291666666666667 0.05520833333333333 0.10833333333333334
0 0.6317708333333333 0.5393518518518519 0.03125 0.10462962962962963
0 0.7114583333333333 0.5425925925925926 0.07604166666666666 0.10740740740740741
0 0.8510416666666667 0.5935185185185186 0.051041666666666666 0.21851851851851853
0 0.8723958333333334 0.5291666666666667 0.030208333333333334 0.08611111111111111
2 0.8653645833333333 0.49583333333333335 0.005729166666666666 0.012037037037037037
2 0.8713541666666667 0.4935185185185185 0.007291666666666667 0.011111111111111112
2 0.878125 0.49537037037037035 0.008333333333333333 0.016666666666666666
2 0.8411458333333334 0.5018518518518519 0.027083333333333334 0.03888888888888889
2 0.690625 0.5046296296296297 0.022916666666666665 0.025925925925925925
2 0.6255208333333333 0.49583333333333335 0.017708333333333333 0.01574074074074074
2 0.5369791666666667 0.5032407407407408 0.028125 0.041666666666666664
2 0.5567708333333333 0.49537037037037035 0.009375 0.020370370370370372
2 0.5052083333333334 0.49444444444444446 0.011458333333333333 0.012962962962962963
1 0.5278645833333333 0.5587962962962963 0.044270833333333336 0.05277777777777778
1 0.55859375 0.524537037037037 0.0109375 0.032407407407407406
1 0.6354166666666666 0.5444444444444444 0.021875 0.07037037037037037
1 0.7135416666666666 0.5685185185185185 0.058333333333333334 0.05740740740740741
1 0.8513020833333333 0.5828703703703704 0.03697916666666667 0.09351851851851851
1 0.87890625 0.5273148148148148 0.016145833333333335 0.03611111111111111
