0 0.2838541666666667 0.5712962962962963 0.025 0.14629629629629629
0 0.34140625 0.5884259259259259 0.0203125 0.09722222222222222
0 0.35130208333333335 0.5745370370370371 0.008854166666666666 0.06759259259259259
0 0.37057291666666664 0.5837962962962963 0.015104166666666667 0.08611111111111111
0 0.4041666666666667 0.7231481481481481 0.115625 0.37407407407407406
0 0.5325520833333334 0.6162037037037037 0.0640625 0.07314814814814814
0 0.6458333333333334 0.6041666666666666 0.052083333333333336 0.1712962962962963
0 0.69296875 0.6462962962962963 0.0421875 0.21851851851851853
0 0.7184895833333333 0.575462962962963 0.0171875 0.06018518518518518
3 0.8763020833333334 0.8333333333333334 0.24739583333333334 0.31296296296296294
4 0.5640625 0.7814814814814814 0.3645833333333333 0.3
2 0.2796875 0.5106481481481482 0.013541666666666667 0.017592592592592594
2 0.34479166666666666 0.5481481481481482 0.016666666666666666 0.012962962962962963
2 0.3690104166666667 0.5486111111111112 0.008854166666666666 0.013888888888888888
2 0.40208333333333335 0.5564814814814815 0.036458333333333336 0.03518518518518519
2 0.51484375 0.5962962962962963 0.022395833333333334 0.037037037037037035
2 0.6359375 0.5365740740740741 0.029166666666666667 0.032407407407407406
2 0.6838541666666667 0.5504629629629629 0.023958333333333335 0.028703703703703703
2 0.7184895833333333 0.549537037037037 0.011979166666666667 0.010185185185185186
1 0.3815104166666667 0.662962962962963 0.0703125 0.15925925925925927
1 0.6369791666666667 0.6162037037037037 0.036458333333333336 0.09537037037037037
1 0.69453125 0.625462962962963 0.04010416666666667 0.09166666666666666
12 0.5359375 0.4861111111111111 0.13125 0.17037037037037037
14 0.7213541666666666 0.02962962962962963 0.04791666666666667 0.05
14 0.24973958333333332 0.20416666666666666 0.4921875 0.3101851851851852
11 0.9244791666666666 0.612037037037037 0.06979166666666667 0.04259259259259259
