0 0.228125 0.5939814814814814 0.036458333333333336 0.1787037037037037
0 0.3893229166666667 0.625462962962963 0.0171875 0.09537037037037037
0 0.45286458333333335 0.6185185185185185 0.0109375 0.07962962962962963
0 0.41692708333333334 0.7662037037037037 0.10677083333333333 0.38981481481481484
0 0.5515625 0.6717592592592593 0.057291666666666664 0.0787037037037037
0 0.6890625 0.6810185185185185 0.04895833333333333 0.2064814814814815
0 0.7278645833333334 0.7421296296296296 0.050520833333333334 0.28425925925925927
0 0.7606770833333333 0.6546296296296297 0.018229166666666668 0.07777777777777778
0 0.7825520833333334 0.6458333333333334 0.0171875 0.06018518518518518
3 0.88828125 0.8842592592592593 0.2234375 0.22592592592592592
4 0.5596354166666667 0.8435185185185186 0.4119791666666667 0.31296296296296294
2 0.2203125 0.5148148148148148 0.01875 0.018518518518518517
2 0.390625 0.5847222222222223 0.010416666666666666 0.013888888888888888
2 0.45026041666666666 0.587037037037037 0.0078125 0.011111111111111112
2 0.43203125 0.5944444444444444 0.033854166666666664 0.04259259259259259
2 0.5359375 0.6504629629629629 0.025 0.03981481481481482
2 0.6791666666666667 0.5958333333333333 0.03125 0.032407407407407406
2 0.7161458333333334 0.6166666666666667 0.025 0.03333333333333333
2 0.7627604166666667 0.6199074074074075 0.0078125 0.01574074074074074
2 0.7838541666666666 0.6208333333333333 0.014583333333333334 0.01574074074074074
1 0.40546875 0.7018518518518518 0.07135416666666666 0.1648148148148148
1 0.7033854166666667 0.687037037037037 0.09947916666666666 0.13518518518518519
12 0.5440104166666667 0.5254629629629629 0.13489583333333333 0.14537037037037037
14 0.7768229166666667 0.07407407407407407 0.0828125 0.11666666666666667
14 0.275 0.21666666666666667 0.5354166666666667 0.337037037037037
