0 0.21302083333333333 0.5583333333333333 0.030208333333333334 0.17222222222222222
0 0.3046875 0.5648148148148148 0.017708333333333333 0.1
0 0.33151041666666664 0.5643518518518519 0.019270833333333334 0.08981481481481482
0 0.3528645833333333 0.5537037037037037 0.018229166666666668 0.07037037037037037
0 0.36666666666666664 0.538425925925926 0.009375 0.05648148148148148
0 0.37838541666666664 0.6981481481481482 0.1015625 0.37407407407407406
0 0.5010416666666667 0.5879629629629629 0.05625 0.07777777777777778
0 0.63203125 0.5949074074074074 0.05260416666666667 0.2101851851851852
0 0.6609375 0.6138888888888889 0.03854166666666667 0.21481481481481482
0 0.68359375 0.5439814814814815 0.0140625 0.062037037037037036
3 0.859375 0.8 0.28125 0.28888888888888886
4 0.5229166666666667 0.7643518518518518 0.38125 0.30277777777777776
2 0.20598958333333334 0.4828703703703704 0.015104166666666667 0.01574074074074074
2 0.30442708333333335 0.525 0.009895833333333333 0.012962962962962963
2 0.33229166666666665 0.5254629629629629 0.007291666666666667 0.010185185185185186
2 0.33307291666666666 0.524074074074074 0.009895833333333333 0.014814814814814815
2 0.35260416666666666 0.5268518518518519 0.010416666666666666 0.014814814814814815
2 0.36666666666666664 0.5189814814814815 0.010416666666666666 0.008333333333333333
2 0.38177083333333334 0.5324074074074074 0.03333333333333333 0.03888888888888889
2 0.484375 0.5685185185185185 0.019791666666666666 0.03148148148148148
2 0.6223958333333334 0.5069444444444444 0.03229166666666667 0.032407407407407406
2 0.6510416666666666 0.5236111111111111 0.023958333333333335 0.028703703703703703
2 0.68125 0.5212962962962963 0.0125 0.016666666666666666
1 0.36328125 0.6402777777777777 0.07135416666666666 0.15833333333333333
1 0.64140625 0.5972222222222222 0.0734375 0.1111111111111111
12 0.5013020833333334 0.4550925925925926 0.13177083333333334 0.16018518518518518
11 0.8854166666666666 0.5805555555555556 0.0625 0.040740740740740744
14 0.23020833333333332 0.18101851851851852 0.45729166666666665 0.28425925925925927
