0 0.32447916666666665 0.3768518518518518 0.33697916666666666 0.46111111111111114
0 0.3385416666666667 0.3787037037037037 0.3484375 0.4444444444444444
0 0.3458333333333333 0.3787037037037037 0.359375 0.4462962962962963
0 0.3651041666666667 0.38425925925925924 0.3796875 0.4675925925925926
0 0.3828125 0.3824074074074074 0.39427083333333335 0.46944444444444444
0 0.2375 0.375 0.3223958333333333 0.7555555555555555
0 0.5520833333333334 0.37962962962962965 0.6052083333333333 0.6342592592592593
0 0.5989583333333334 0.39444444444444443 0.6526041666666667 0.6898148148148148
0 0.71875 0.4074074074074074 0.7364583333333333 0.4824074074074074
3 0.65 0.5638888888888889 0.9739583333333334 0.8898148148148148
4 0.246875 0.46574074074074073 0.6369791666666667 0.8
2 0.2791666666666667 0.37222222222222223 0.3177083333333333 0.42314814814814816
2 0.5625 0.3787037037037037 0.5916666666666667 0.4166666666666667
2 0.6052083333333333 0.3990740740740741 0.6276041666666666 0.4287037037037037
2 0.7234375 0.4111111111111111 0.7369791666666666 0.42685185185185187
2 0.33958333333333335 0.3787037037037037 0.3567708333333333 0.3962962962962963
2 0.371875 0.3888888888888889 0.3796875 0.3990740740740741
2 0.38229166666666664 0.3814814814814815 0.38697916666666665 0.39351851851851855
1 0.24114583333333334 0.4203703703703704 0.31197916666666664 0.5824074074074074
1 0.5609375 0.425 0.6489583333333333 0.5564814814814815
11 0.909375 0.47129629629629627 0.9765625 0.512962962962963
12 0.3625 0.23796296296296296 0.5 0.40555555555555556
10 0.48489583333333336 0.3888888888888889 0.4973958333333333 0.5018518518518519
8 0.7703125 0.45092592592592595 0.8130208333333333 0.5222222222222223
14 0.08333333333333333 0.000925925925925926 0.48385416666666664 0.17777777777777778
