0 0.5828125 0.6138888888888889 0.6770833333333334 0.9944444444444445
0 0.40677083333333336 0.6138888888888889 0.4786458333333333 0.7694444444444445
0 0.0921875 0.5712962962962963 0.1984375 0.8138888888888889
2 0.12291666666666666 0.5740740740740741 0.16510416666666666 0.6138888888888889
2 0.42864583333333334 0.6231481481481481 0.45989583333333334 0.6611111111111111
2 0.603125 0.6212962962962963 0.64375 0.6592592592592592
1 0.4166666666666667 0.6824074074074075 0.4625 0.7527777777777778
1 0.6119791666666666 0.6787037037037037 0.6645833333333333 0.8009259259259259
3 0.3463541666666667 0.737037037037037 0.51875 0.9981481481481481
3 0.5265625 0.7592592592592593 0.7541666666666667 0.9537037037037037
6 0.81875 0.6620370370370371 0.9036458333333334 0.8037037037037037
6 0.9026041666666667 0.6759259259259259 1.0 0.8166666666666667
7 0.6671875 0.6601851851851852 0.7463541666666667 0.7509259259259259
7 0.309375 0.6703703703703704 0.3567708333333333 0.7231481481481481
12 0.34010416666666665 0.19537037037037036 0.4859375 0.45092592592592595
14 0.33541666666666664 0.5879629629629629 0.46458333333333335 0.6212962962962963
14 0.8859375 0.1574074074074074 0.9385416666666667 0.24166666666666667
