0 0.0375 0.7953125 0.07314814814814814 0.19270833333333334
0 0.4726851851851852 0.7815104166666667 0.07314814814814814 0.05260416666666667
0 0.5120370370370371 0.8614583333333333 0.1648148148148148 0.12916666666666668
2 0.0375 0.7135416666666666 0.05462962962962963 0.020833333333333332
2 0.5074074074074074 0.80625 0.05185185185185185 0.023958333333333335
2 0.45787037037037037 0.7674479166666667 0.025 0.016145833333333335
1 0.034722222222222224 0.76953125 0.06759259259259259 0.08072916666666667
1 0.525 0.86796875 0.11666666666666667 0.07864583333333333
12 0.6157407407407407 0.42291666666666666 0.18333333333333332 0.08229166666666667
14 0.4810185185185185 0.3484375 0.2212962962962963 0.078125
11 0.3773148148148148 0.6302083333333334 0.3768518518518518 0.059375
10 0.7800925925925926 0.7403645833333333 0.0712962962962963 0.06510416666666667
