12 0.4166666666666667 0.000925925925925926 0.5567708333333333 0.2638888888888889
14 0.1265625 0.20462962962962963 0.39375 0.2657407407407407
6 0.6942708333333333 0.3453703703703704 1.0 0.6037037037037037
4 0.2453125 0.44074074074074077 0.6958333333333333 0.7842592592592592
3 0.0005208333333333333 0.41759259259259257 0.18385416666666668 0.7333333333333333
7 0.5385416666666667 0.3416666666666667 0.590625 0.40185185185185185
7 0.004166666666666667 0.30277777777777776 0.11041666666666666 0.3638888888888889
0 0.17604166666666668 0.48055555555555557 0.23645833333333333 0.6666666666666666
0 0.42135416666666664 0.2657407407407407 0.5078125 0.9175925925925926
0 0.4895833333333333 0.25555555555555554 0.5411458333333333 0.7796296296296297
2 0.4375 0.2657407407407407 0.4921875 0.3388888888888889
2 0.4947916666666667 0.2537037037037037 0.5291666666666667 0.33240740740740743
2 0.17760416666666667 0.4842592592592593 0.209375 0.5583333333333333
1 0.20625 0.5037037037037037 0.225 0.6083333333333333
1 0.43020833333333336 0.38333333333333336 0.5125 0.6185185185185185
1 0.4890625 0.34074074074074073 0.540625 0.5296296296296297
7 0.2171875 0.32037037037037036 0.275 0.40555555555555556
7 0.27760416666666665 0.3425925925925926 0.3223958333333333 0.4027777777777778
7 0.1546875 0.31574074074074077 0.2140625 0.4203703703703704
