0 0.353125 0.4583333333333333 0.36614583333333334 0.5157407407407407
0 0.4203125 0.46296296296296297 0.4359375 0.5388888888888889
0 0.3984375 0.45185185185185184 0.4114583333333333 0.5324074074074074
0 0.43854166666666666 0.45925925925925926 0.446875 0.5259259259259259
0 0.3328125 0.45185185185185184 0.4473958333333333 0.8388888888888889
0 0.6338541666666667 0.44074074074074077 0.6932291666666667 0.687962962962963
0 0.6807291666666667 0.46111111111111114 0.7328125 0.7666666666666667
0 0.7557291666666667 0.47685185185185186 0.7713541666666667 0.5509259259259259
0 0.7776041666666667 0.47314814814814815 0.7901041666666667 0.5120370370370371
3 0.7458333333333333 0.6259259259259259 1.0 0.9592592592592593
4 0.33177083333333335 0.5546296296296296 0.7317708333333334 0.8787037037037037
2 0.3546875 0.4583333333333333 0.3625 0.47314814814814815
2 0.4239583333333333 0.46111111111111114 0.43020833333333336 0.47685185185185186
2 0.43645833333333334 0.4583333333333333 0.44427083333333334 0.47685185185185186
2 0.3640625 0.45092592592592595 0.40520833333333334 0.4925925925925926
2 0.6442708333333333 0.4444444444444444 0.6697916666666667 0.48333333333333334
2 0.68125 0.4638888888888889 0.7036458333333333 0.5037037037037037
2 0.7630208333333334 0.4787037037037037 0.771875 0.49074074074074076
2 0.7802083333333333 0.47685185185185186 0.7885416666666667 0.4888888888888889
1 0.33177083333333335 0.49722222222222223 0.4036458333333333 0.6694444444444444
1 0.6307291666666667 0.487962962962963 0.7307291666666667 0.6333333333333333
12 0.44166666666666665 0.31666666666666665 0.5734375 0.475
14 0.00625 0.005555555555555556 0.5338541666666666 0.26481481481481484
11 0.9625 0.5342592592592592 0.9984375 0.5740740740740741
