0 0.33229166666666665 0.5111111111111111 0.3572916666666667 0.6972222222222222
0 0.3625 0.5444444444444444 0.37864583333333335 0.6416666666666667
0 0.37395833333333334 0.549074074074074 0.384375 0.6129629629629629
0 0.42083333333333334 0.537962962962963 0.43072916666666666 0.612037037037037
0 0.353125 0.5407407407407407 0.4625 0.9148148148148149
0 0.525 0.5879629629629629 0.5776041666666667 0.6555555555555556
0 0.6145833333333334 0.5222222222222223 0.671875 0.6638888888888889
0 0.6947916666666667 0.5398148148148149 0.7354166666666667 0.7555555555555555
0 0.73125 0.5444444444444444 0.7510416666666667 0.5972222222222222
3 0.7734375 0.6824074074074075 0.9864583333333333 0.9675925925925926
4 0.36822916666666666 0.6296296296296297 0.7760416666666666 0.9462962962962963
2 0.3333333333333333 0.5101851851851852 0.346875 0.5314814814814814
2 0.3640625 0.5425925925925926 0.3734375 0.5583333333333333
2 0.37395833333333334 0.5481481481481482 0.37864583333333335 0.5583333333333333
2 0.3932291666666667 0.5398148148148149 0.428125 0.5879629629629629
2 0.5255208333333333 0.587037037037037 0.5494791666666666 0.6231481481481481
2 0.615625 0.524074074074074 0.6463541666666667 0.5638888888888889
2 0.6958333333333333 0.537962962962963 0.7177083333333333 0.5722222222222222
2 0.7348958333333333 0.5416666666666666 0.7463541666666667 0.5564814814814815
1 0.35104166666666664 0.5925925925925926 0.41822916666666665 0.7453703703703703
1 0.609375 0.5694444444444444 0.6578125 0.6518518518518519
1 0.6979166666666666 0.5833333333333334 0.7348958333333333 0.675
1 0.33645833333333336 0.5425925925925926 0.35989583333333336 0.6064814814814815
12 0.48541666666666666 0.4009259259259259 0.6203125 0.6027777777777777
14 0.7041666666666667 0.000925925925925926 0.7682291666666666 0.06481481481481481
14 0.00625 0.046296296296296294 0.5114583333333333 0.34629629629629627
11 0.9208333333333333 0.5851851851851851 0.9885416666666667 0.6361111111111111
