0 0.21588541666666666 0.65 0.0359375 0.17777777777777778
0 0.3375 0.6712962962962963 0.01875 0.09814814814814815
0 0.36692708333333335 0.6680555555555555 0.0140625 0.09907407407407408
0 0.38333333333333336 0.6523148148148148 0.022916666666666665 0.05648148148148148
0 0.40625 0.8055555555555556 0.103125 0.3888888888888889
0 0.528125 0.6898148148148148 0.057291666666666664 0.08518518518518518
0 0.66640625 0.6930555555555555 0.05364583333333333 0.2064814814814815
0 0.7020833333333333 0.7212962962962963 0.058333333333333334 0.22407407407407406
0 0.70546875 0.6462962962962963 0.013020833333333334 0.053703703703703705
0 0.7247395833333333 0.6435185185185185 0.013020833333333334 0.044444444444444446
3 0.8791666666666667 0.8833333333333333 0.24166666666666667 0.22407407407407406
4 0.5455729166666666 0.8564814814814815 0.4140625 0.28703703703703703
2 0.209375 0.5763888888888888 0.015625 0.01574074074074074
2 0.33489583333333334 0.6305555555555555 0.0125 0.012962962962962963
2 0.37786458333333334 0.6296296296296297 0.018229166666666668 0.014814814814814815
2 0.4122395833333333 0.6361111111111111 0.04114583333333333 0.044444444444444446
2 0.5145833333333333 0.675 0.027083333333333334 0.03518518518518519
2 0.6580729166666667 0.6069444444444444 0.028645833333333332 0.032407407407407406
2 0.6864583333333333 0.6282407407407408 0.01875 0.03425925925925926
2 0.7041666666666667 0.6324074074074074 0.007291666666666667 0.014814814814814815
2 0.7244791666666667 0.6287037037037037 0.014583333333333334 0.018518518518518517
1 0.39010416666666664 0.7384259259259259 0.06666666666666667 0.1675925925925926
1 0.6848958333333334 0.7 0.08854166666666667 0.12222222222222222
11 0.9356770833333333 0.6893518518518519 0.06822916666666666 0.04351851851851852
12 0.53046875 0.5560185185185185 0.12760416666666666 0.16944444444444445
14 0.7002604166666667 0.08842592592592592 0.09427083333333333 0.11388888888888889
14 0.24817708333333333 0.2810185185185185 0.48489583333333336 0.30277777777777776
