0 0.2859375 0.3824074074074074 0.40729166666666666 1.0
0 0.40729166666666666 0.37222222222222223 0.4796875 0.899074074074074
2 0.3260416666666667 0.37777777777777777 0.3776041666666667 0.4537037037037037
2 0.4296875 0.3685185185185185 0.46927083333333336 0.4388888888888889
1 0.3140625 0.49166666666666664 0.4015625 0.7462962962962963
1 0.4140625 0.4462962962962963 0.4765625 0.6416666666666667
3 0.0005208333333333333 0.5898148148148148 0.13645833333333332 0.8833333333333333
4 0.16041666666666668 0.5972222222222222 0.6640625 0.8712962962962963
6 0.6286458333333333 0.4166666666666667 0.7520833333333333 0.6287037037037037
6 0.7520833333333333 0.42962962962962964 0.8911458333333333 0.6537037037037037
6 0.878125 0.38055555555555554 1.0 0.6472222222222223
7 0.0015625 0.4537037037037037 0.13854166666666667 0.5222222222222223
7 0.4666666666666667 0.43796296296296294 0.603125 0.5101851851851852
12 0.35989583333333336 0.12129629629629629 0.5109375 0.3074074074074074
14 0.16041666666666668 0.34814814814814815 0.2994791666666667 0.3814814814814815
