0 0.13385416666666666 0.48518518518518516 0.20208333333333334 0.8694444444444445
0 0.43072916666666666 0.47129629629629627 0.46510416666666665 0.7083333333333334
0 0.5125 0.48518518518518516 0.5598958333333334 0.7657407407407407
0 0.246875 0.4842592592592593 0.2552083333333333 0.5527777777777778
0 0.25729166666666664 0.4842592592592593 0.2635416666666667 0.5592592592592592
0 0.2708333333333333 0.4824074074074074 0.28125 0.5574074074074075
0 0.3 0.487962962962963 0.3104166666666667 0.5472222222222223
0 0.31875 0.5333333333333333 0.3880208333333333 0.6092592592592593
0 0.7036458333333333 0.48703703703703705 0.7135416666666666 0.5518518518518518
0 0.6958333333333333 0.4824074074074074 0.7036458333333333 0.5342592592592592
2 0.16197916666666667 0.4824074074074074 0.20052083333333334 0.5287037037037037
2 0.30572916666666666 0.4777777777777778 0.31145833333333334 0.48518518518518516
2 0.30104166666666665 0.48333333333333334 0.3098958333333333 0.49722222222222223
2 0.27291666666666664 0.48333333333333334 0.28072916666666664 0.49074074074074076
2 0.2484375 0.48148148148148145 0.2552083333333333 0.4925925925925926
2 0.2557291666666667 0.48333333333333334 0.2635416666666667 0.49166666666666664
2 0.4354166666666667 0.46574074074074073 0.46458333333333335 0.49537037037037035
2 0.5140625 0.47962962962962963 0.5385416666666667 0.5111111111111111
2 0.7005208333333334 0.48333333333333334 0.7072916666666667 0.4935185185185185
2 0.7057291666666666 0.4842592592592593 0.7119791666666667 0.4935185185185185
1 0.13333333333333333 0.5259259259259259 0.19322916666666667 0.6833333333333333
1 0.34791666666666665 0.5583333333333333 0.3859375 0.6064814814814815
1 0.4317708333333333 0.5083333333333333 0.4635416666666667 0.6277777777777778
1 0.51875 0.5231481481481481 0.559375 0.6361111111111111
1 0.246875 0.4925925925925926 0.2546875 0.512962962962963
1 0.2994791666666667 0.4981481481481482 0.3098958333333333 0.5277777777777778
1 0.6958333333333333 0.49074074074074076 0.703125 0.5212962962962963
3 0.5338541666666666 0.6333333333333333 0.8484375 0.950925925925926
4 0.1875 0.5611111111111111 0.525 0.924074074074074
8 0.7369791666666666 0.5092592592592593 0.796875 0.5833333333333334
11 0.8807291666666667 0.5333333333333333 0.9432291666666667 0.562962962962963
12 0.26197916666666665 0.35185185185185186 0.4010416666666667 0.49074074074074076
