0 0.2171875 0.38055555555555554 0.321875 0.7462962962962963
0 0.5088541666666667 0.3638888888888889 0.56875 0.6092592592592593
0 0.584375 0.38055555555555554 0.6385416666666667 0.6907407407407408
0 0.35833333333333334 0.37037037037037035 0.371875 0.4527777777777778
0 0.3802083333333333 0.37407407407407406 0.3963541666666667 0.44722222222222224
0 0.39479166666666665 0.4444444444444444 0.4661458333333333 0.4981481481481482
0 0.7567708333333333 0.3962962962962963 0.7692708333333333 0.4824074074074074
0 0.7703125 0.4046296296296296 0.7848958333333333 0.48148148148148145
2 0.2578125 0.38425925925925924 0.29375 0.42685185185185187
2 0.5260416666666666 0.3685185185185185 0.5546875 0.4027777777777778
2 0.5895833333333333 0.387037037037037 0.61875 0.41944444444444445
2 0.7625 0.39814814814814814 0.7697916666666667 0.4074074074074074
2 0.775 0.4064814814814815 0.784375 0.41944444444444445
2 0.3151041666666667 0.36944444444444446 0.31979166666666664 0.3787037037037037
2 0.35989583333333336 0.3712962962962963 0.36875 0.38333333333333336
2 0.384375 0.37407407407407406 0.3958333333333333 0.3888888888888889
1 0.2203125 0.4166666666666667 0.27760416666666665 0.5537037037037037
1 0.31145833333333334 0.3824074074074074 0.31927083333333334 0.4148148148148148
1 0.38177083333333334 0.38981481481481484 0.39427083333333335 0.41944444444444445
1 0.5171875 0.41388888888888886 0.5661458333333333 0.5287037037037037
1 0.5984375 0.4287037037037037 0.6432291666666666 0.5416666666666666
1 0.7604166666666666 0.4083333333333333 0.76875 0.4425925925925926
3 0.6286458333333333 0.5638888888888889 0.9296875 0.8916666666666667
4 0.26458333333333334 0.45185185185185184 0.5880208333333333 0.8185185185185185
8 0.8072916666666666 0.4398148148148148 0.8625 0.5101851851851852
11 0.9489583333333333 0.4675925925925926 1.0 0.5046296296296297
12 0.34010416666666665 0.22314814814814815 0.4875 0.39814814814814814
