0 0.13385416666666666 0.6231481481481481 0.06354166666666666 0.1685185185185185
0 0.39739583333333334 0.7162037037037037 0.053125 0.2972222222222222
0 0.3651041666666667 0.7268518518518519 0.029166666666666667 0.24259259259259258
0 0.7684895833333333 0.7675925925925926 0.13802083333333334 0.4648148148148148
2 0.13125 0.5555555555555556 0.023958333333333335 0.037037037037037035
2 0.3953125 0.5828703703703704 0.028125 0.030555555555555555
2 0.77421875 0.5652777777777778 0.0515625 0.0712962962962963
1 0.39791666666666664 0.6657407407407407 0.04791666666666667 0.09814814814814815
1 0.3729166666666667 0.674537037037037 0.023958333333333335 0.0787037037037037
1 0.76875 0.750462962962963 0.10208333333333333 0.25833333333333336
3 0.5729166666666666 0.6527777777777778 0.10104166666666667 0.06666666666666667
3 0.4747395833333333 0.725 0.11510416666666666 0.1
3 0.43072916666666666 0.6481481481481481 0.020833333333333332 0.04259259259259259
3 0.31015625 0.7476851851851852 0.0890625 0.1398148148148148
6 0.9171875 0.6814814814814815 0.08854166666666667 0.1259259259259259
6 0.68515625 0.6949074074074074 0.0609375 0.08611111111111111
6 0.70625 0.6300925925925925 0.042708333333333334 0.05648148148148148
6 0.8356770833333333 0.6648148148148149 0.06510416666666667 0.12037037037037036
12 0.40598958333333335 0.3990740740740741 0.1015625 0.16296296296296298
14 0.8330729166666667 0.19212962962962962 0.04010416666666667 0.0787037037037037
