0 0.07407407407407407 0.715625 0.24814814814814815 0.8239583333333333
0 0.000925925925925926 0.6104166666666667 0.07037037037037037 0.7666666666666667
2 0.014814814814814815 0.6125 0.05462962962962963 0.6276041666666666
2 0.16203703703703703 0.7109375 0.2064814814814815 0.7328125
1 0.000925925925925926 0.6338541666666667 0.06481481481481481 0.6994791666666667
1 0.07962962962962963 0.7375 0.21666666666666667 0.8213541666666667
6 0.575925925925926 0.6520833333333333 0.6287037037037037 0.6848958333333334
6 0.6296296296296297 0.653125 0.6861111111111111 0.6890625
6 0.6916666666666667 0.6541666666666667 0.7481481481481481 0.6916666666666667
6 0.737037037037037 0.6557291666666667 0.8138888888888889 0.6984375
12 0.44722222222222224 0.3145833333333333 0.524074074074074 0.425
9 0.06018518518518518 0.7109375 0.3962962962962963 0.8046875
14 0.05277777777777778 0.603125 0.20092592592592592 0.6177083333333333
