0 0.14010416666666667 0.44907407407407407 0.21822916666666667 0.8027777777777778
0 0.44114583333333335 0.4027777777777778 0.5088541666666667 0.6361111111111111
0 0.5130208333333334 0.41203703703703703 0.5760416666666667 0.7074074074074074
0 0.2552083333333333 0.4212962962962963 0.26458333333333334 0.4935185185185185
0 0.2765625 0.41574074074074074 0.2921875 0.4981481481481482
0 0.32083333333333336 0.41944444444444445 0.3359375 0.4898148148148148
0 0.6994791666666667 0.4111111111111111 0.7130208333333333 0.45925925925925926
0 0.7125 0.4185185185185185 0.7270833333333333 0.4888888888888889
0 0.3359375 0.49166666666666664 0.3932291666666667 0.5333333333333333
2 0.19114583333333332 0.4527777777777778 0.22291666666666668 0.49074074074074076
2 0.3296875 0.4842592592592593 0.3567708333333333 0.5157407407407407
2 0.25625 0.41944444444444445 0.26145833333333335 0.4361111111111111
2 0.2791666666666667 0.41574074074074074 0.29010416666666666 0.4324074074074074
2 0.3255208333333333 0.4203703703703704 0.33177083333333335 0.43425925925925923
2 0.465625 0.40370370370370373 0.49166666666666664 0.43148148148148147
2 0.5239583333333333 0.4111111111111111 0.5453125 0.44537037037037036
2 0.70625 0.41203703703703703 0.7140625 0.42407407407407405
2 0.7140625 0.4166666666666667 0.7223958333333333 0.42685185185185187
1 0.1484375 0.47685185185185186 0.20364583333333333 0.6055555555555555
1 0.25833333333333336 0.4351851851851852 0.2630208333333333 0.46296296296296297
1 0.3229166666666667 0.4351851851851852 0.3338541666666667 0.46296296296296297
1 0.3609375 0.4981481481481482 0.39375 0.5361111111111111
1 0.45364583333333336 0.45 0.49583333333333335 0.5555555555555556
1 0.5317708333333333 0.46111111111111114 0.5723958333333333 0.5675925925925925
1 0.7020833333333333 0.4212962962962963 0.7109375 0.45
3 0.5552083333333333 0.5675925925925925 0.846875 0.8870370370370371
4 0.19427083333333334 0.49444444444444446 0.5270833333333333 0.8481481481481481
8 0.7421875 0.44074074074074077 0.8041666666666667 0.5027777777777778
11 0.8890625 0.4527777777777778 0.9515625 0.5027777777777778
12 0.26927083333333335 0.2833333333333333 0.4083333333333333 0.412962962962963
