0 0.14010416666666667 0.5268518518518519 0.21979166666666666 0.9027777777777778
0 0.33958333333333335 0.5833333333333334 0.39739583333333334 0.6361111111111111
0 0.4375 0.5083333333333333 0.4953125 0.7
0 0.5322916666666667 0.5120370370370371 0.5744791666666667 0.8092592592592592
0 0.24270833333333333 0.5120370370370371 0.25364583333333335 0.5861111111111111
0 0.2630208333333333 0.5194444444444445 0.2734375 0.5916666666666667
0 0.28177083333333336 0.5212962962962963 0.290625 0.5953703703703703
0 0.7166666666666667 0.524074074074074 0.7265625 0.5916666666666667
0 0.7088541666666667 0.5185185185185185 0.7192708333333333 0.562962962962963
2 0.175 0.5175925925925926 0.209375 0.5592592592592592
2 0.24427083333333333 0.5138888888888888 0.2520833333333333 0.524074074074074
2 0.26197916666666665 0.5185185185185185 0.2734375 0.5277777777777778
2 0.45364583333333336 0.5037037037037037 0.47604166666666664 0.5305555555555556
2 0.5276041666666667 0.5138888888888888 0.5515625 0.5462962962962963
2 0.7135416666666666 0.5194444444444445 0.7203125 0.5296296296296297
2 0.7177083333333333 0.5203703703703704 0.725 0.5296296296296297
1 0.14479166666666668 0.5712962962962963 0.209375 0.7148148148148148
1 0.3619791666666667 0.5935185185185186 0.396875 0.6370370370370371
1 0.43854166666666666 0.5462962962962963 0.4890625 0.6546296296296297
1 0.534375 0.5611111111111111 0.5760416666666667 0.6759259259259259
1 0.24479166666666666 0.525 0.25364583333333335 0.5555555555555556
1 0.7083333333333334 0.5287037037037037 0.7166666666666667 0.5564814814814815
3 0.5520833333333334 0.6638888888888889 0.8578125 0.9787037037037037
4 0.2125 0.6111111111111112 0.5375 0.9555555555555556
8 0.7526041666666666 0.5416666666666666 0.8083333333333333 0.6157407407407407
11 0.8927083333333333 0.5601851851851852 0.9583333333333334 0.6148148148148148
12 0.2791666666666667 0.3851851851851852 0.41458333333333336 0.512962962962963
