0 0.096875 0.43425925925925923 0.16510416666666666 0.8444444444444444
0 0.40729166666666666 0.4361111111111111 0.44895833333333335 0.6620370370370371
0 0.4796875 0.4398148148148148 0.5322916666666667 0.7462962962962963
0 0.6635416666666667 0.45092592592592595 0.675 0.49537037037037035
0 0.6729166666666667 0.4537037037037037 0.6854166666666667 0.524074074074074
0 0.215625 0.45555555555555555 0.22447916666666667 0.5287037037037037
0 0.22604166666666667 0.4537037037037037 0.234375 0.5138888888888888
0 0.2390625 0.4537037037037037 0.24895833333333334 0.5333333333333333
0 0.2765625 0.45185185185185184 0.28958333333333336 0.5277777777777778
0 0.29635416666666664 0.5185185185185185 0.35625 0.575925925925926
2 0.12864583333333332 0.45185185185185184 0.1671875 0.4935185185185185
2 0.215625 0.4564814814814815 0.22083333333333333 0.4666666666666667
2 0.22552083333333334 0.4537037037037037 0.23229166666666667 0.4648148148148148
2 0.23802083333333332 0.45740740740740743 0.2421875 0.4666666666666667
2 0.2791666666666667 0.4564814814814815 0.2875 0.4703703703703704
2 0.4192708333333333 0.4351851851851852 0.44479166666666664 0.46944444444444444
2 0.4859375 0.45 0.5114583333333333 0.48333333333333334
2 0.6682291666666667 0.44907407407407407 0.6755208333333333 0.46111111111111114
2 0.6744791666666666 0.45092592592592595 0.6807291666666667 0.4601851851851852
1 0.09895833333333333 0.5046296296296297 0.1625 0.6620370370370371
1 0.40677083333333336 0.4777777777777778 0.44635416666666666 0.6018518518518519
1 0.3203125 0.5268518518518519 0.3546875 0.5731481481481482
1 0.4791666666666667 0.4962962962962963 0.53125 0.6111111111111112
1 0.2171875 0.4703703703703704 0.22395833333333334 0.49907407407407406
1 0.22604166666666667 0.4666666666666667 0.23333333333333334 0.49537037037037035
1 0.27708333333333335 0.4703703703703704 0.2890625 0.5009259259259259
1 0.6645833333333333 0.4601851851851852 0.671875 0.4861111111111111
3 0.5145833333333333 0.6138888888888889 0.809375 0.9138888888888889
4 0.1578125 0.5268518518518519 0.48541666666666666 0.8777777777777778
8 0.709375 0.48333333333333334 0.7640625 0.5462962962962963
11 0.8447916666666667 0.49166666666666664 0.9109375 0.5296296296296297
12 0.2265625 0.32407407407407407 0.3640625 0.44907407407407407
