0 0.18489583333333334 0.37777777777777777 0.29375 0.7537037037037037
0 0.26145833333333335 0.3685185185185185 0.271875 0.43796296296296294
0 0.3046875 0.37222222222222223 0.315625 0.43333333333333335
0 0.31354166666666666 0.37037037037037035 0.32760416666666664 0.4583333333333333
0 0.35625 0.38055555555555554 0.36822916666666666 0.43796296296296294
0 0.7041666666666667 0.3962962962962963 0.7177083333333333 0.46296296296296297
0 0.49583333333333335 0.3712962962962963 0.5572916666666666 0.6361111111111111
0 0.5494791666666666 0.38796296296296295 0.6125 0.6898148148148148
3 0.5921875 0.5611111111111111 0.9151041666666667 0.8722222222222222
4 0.21197916666666666 0.45740740740740743 0.5869791666666667 0.7870370370370371
2 0.22239583333333332 0.375 0.2609375 0.41574074074074074
2 0.5140625 0.37222222222222223 0.540625 0.4083333333333333
2 0.5598958333333334 0.387037037037037 0.5848958333333333 0.42407407407407405
2 0.3072916666666667 0.3712962962962963 0.3140625 0.38333333333333336
2 0.3171875 0.37407407407407406 0.325 0.3861111111111111
2 0.7078125 0.3990740740740741 0.7192708333333333 0.41574074074074074
1 0.18697916666666667 0.41574074074074074 0.25416666666666665 0.5740740740740741
1 0.5026041666666666 0.41574074074074074 0.6083333333333333 0.5435185185185185
11 0.8869791666666667 0.46574074074074073 0.9541666666666667 0.5046296296296297
12 0.31614583333333335 0.22685185185185186 0.46458333333333335 0.4212962962962963
8 0.7541666666666667 0.43425925925925923 0.8052083333333333 0.5083333333333333
