0 0.17864583333333334 0.5842592592592593 0.26458333333333334 0.9472222222222222
0 0.37604166666666666 0.600925925925926 0.43802083333333336 0.6935185185185185
0 0.48333333333333334 0.5555555555555556 0.5302083333333333 0.7861111111111111
0 0.5588541666666667 0.5675925925925925 0.615625 0.8629629629629629
0 0.7625 0.575925925925926 0.7755208333333333 0.6481481481481481
0 0.7453125 0.5712962962962963 0.7609375 0.6185185185185185
0 0.27760416666666665 0.5611111111111111 0.29270833333333335 0.6333333333333333
0 0.3067708333333333 0.562037037037037 0.31614583333333335 0.6240740740740741
0 0.32135416666666666 0.562037037037037 0.33125 0.6324074074074074
2 0.49635416666666665 0.5509259259259259 0.51875 0.5787037037037037
2 0.5635416666666667 0.5703703703703704 0.590625 0.5962962962962963
2 0.7661458333333333 0.5740740740740741 0.7734375 0.5861111111111111
2 0.7520833333333333 0.5731481481481482 0.7604166666666666 0.5824074074074074
2 0.28072916666666664 0.5611111111111111 0.2875 0.5694444444444444
2 0.3104166666666667 0.562962962962963 0.315625 0.5722222222222222
2 0.32135416666666666 0.562037037037037 0.3265625 0.5712962962962963
2 0.23541666666666666 0.6 0.26666666666666666 0.6314814814814815
1 0.18229166666666666 0.6194444444444445 0.24479166666666666 0.7638888888888888
1 0.48541666666666666 0.5916666666666667 0.5276041666666667 0.7129629629629629
1 0.5692708333333333 0.6092592592592593 0.6083333333333333 0.7222222222222222
1 0.4010416666666667 0.6407407407407407 0.4375 0.687962962962963
1 0.3098958333333333 0.5740740740740741 0.315625 0.5962962962962963
1 0.32083333333333336 0.5740740740740741 0.32864583333333336 0.6037037037037037
1 0.7458333333333333 0.5796296296296296 0.7557291666666667 0.6074074074074074
3 0.5916666666666667 0.7416666666666667 0.8942708333333333 1.0
4 0.253125 0.6194444444444445 0.58125 1.0
8 0.7890625 0.5972222222222222 0.8463541666666666 0.6638888888888889
11 0.9390625 0.6259259259259259 1.0 0.6648148148148149
12 0.3177083333333333 0.4305555555555556 0.44947916666666665 0.5611111111111111
14 0.7208333333333333 0.000925925925925926 0.790625 0.07685185185185185
