0 0.18828125 0.7240740740740741 0.0671875 0.38333333333333336
0 0.46848958333333335 0.6268518518518519 0.05364583333333333 0.22407407407407406
0 0.5572916666666666 0.6888888888888889 0.06145833333333333 0.3055555555555556
0 0.728125 0.5777777777777777 0.010416666666666666 0.06666666666666667
0 0.7205729166666667 0.562037037037037 0.009895833333333333 0.044444444444444446
0 0.24765625 0.5587962962962963 0.0140625 0.0712962962962963
0 0.27890625 0.5666666666666667 0.011979166666666667 0.07407407407407407
0 0.3723958333333333 0.6166666666666667 0.0625 0.07777777777777778
2 0.20572916666666666 0.5578703703703703 0.03229166666666667 0.04537037037037037
2 0.4744791666666667 0.5347222222222222 0.022916666666666665 0.03611111111111111
2 0.5484375 0.5513888888888889 0.026041666666666668 0.032407407407407406
2 0.7236979166666667 0.5476851851851852 0.005729166666666666 0.008333333333333333
2 0.728125 0.5476851851851852 0.00625 0.008333333333333333
2 0.24557291666666667 0.5300925925925926 0.0067708333333333336 0.010185185185185186
2 0.28072916666666664 0.5333333333333333 0.00625 0.007407407407407408
1 0.18645833333333334 0.6541666666666667 0.0625 0.15462962962962962
1 0.46953125 0.625462962962963 0.049479166666666664 0.12685185185185185
1 0.5572916666666666 0.6416666666666667 0.053125 0.11666666666666667
1 0.38619791666666664 0.6314814814814815 0.03177083333333333 0.04814814814814815
1 0.24739583333333334 0.549074074074074 0.011458333333333333 0.027777777777777776
1 0.71875 0.5638888888888889 0.00625 0.02962962962962963
3 0.7190104166666667 0.8472222222222222 0.3109375 0.3055555555555556
4 0.38177083333333334 0.7916666666666666 0.32916666666666666 0.37407407407407406
8 0.7932291666666667 0.6087962962962963 0.05625 0.062037037037037036
11 0.9317708333333333 0.6199074074074075 0.06875 0.04537037037037037
12 0.35442708333333334 0.4671296296296296 0.13802083333333334 0.13796296296296295
14 0.7338541666666667 0.03148148148148148 0.06770833333333333 0.06111111111111111
