0 0.20234375 0.7550925925925925 0.09427083333333333 0.3972222222222222
0 0.4315104166666667 0.6365740740740741 0.07135416666666666 0.0787037037037037
0 0.5205729166666667 0.6541666666666667 0.058854166666666666 0.24351851851851852
0 0.603125 0.6995370370370371 0.05416666666666667 0.29907407407407405
0 0.2953125 0.5842592592592593 0.009375 0.06851851851851852
0 0.30625 0.5851851851851851 0.009375 0.07037037037037037
0 0.32890625 0.5875 0.0109375 0.07314814814814814
0 0.3453125 0.5833333333333334 0.007291666666666667 0.07222222222222222
0 0.7908854166666667 0.5986111111111111 0.0140625 0.08055555555555556
0 0.7755208333333333 0.5810185185185185 0.015625 0.049074074074074076
2 0.21223958333333334 0.5833333333333334 0.030729166666666665 0.040740740740740744
2 0.2953125 0.5532407407407407 0.004166666666666667 0.008333333333333333
2 0.30625 0.5527777777777778 0.00625 0.009259259259259259
2 0.328125 0.5560185185185185 0.005208333333333333 0.012037037037037037
2 0.34401041666666665 0.5523148148148148 0.005729166666666666 0.010185185185185186
2 0.5161458333333333 0.549074074074074 0.021875 0.02962962962962963
2 0.5963541666666666 0.5675925925925925 0.027083333333333334 0.02962962962962963
2 0.7776041666666667 0.562962962962963 0.007291666666666667 0.011111111111111112
2 0.7880208333333333 0.5634259259259259 0.00625 0.008333333333333333
1 0.19348958333333333 0.6791666666666667 0.0609375 0.1527777777777778
1 0.4421875 0.6481481481481481 0.022916666666666665 0.04259259259259259
1 0.5190104166666667 0.6412037037037037 0.044270833333333336 0.12685185185185185
1 0.6119791666666666 0.6527777777777778 0.036458333333333336 0.10185185185185185
1 0.32864583333333336 0.5768518518518518 0.010416666666666666 0.02962962962962963
1 0.77421875 0.5805555555555556 0.009895833333333333 0.027777777777777776
3 0.76640625 0.850462962962963 0.3067708333333333 0.29907407407407405
4 0.41354166666666664 0.7986111111111112 0.3770833333333333 0.36018518518518516
8 0.8494791666666667 0.6199074074074075 0.059375 0.0712962962962963
11 0.9815104166666667 0.6300925925925925 0.03697916666666667 0.05648148148148148
12 0.4036458333333333 0.48842592592592593 0.13645833333333332 0.1287037037037037
14 0.7825520833333334 0.03009259259259259 0.0734375 0.058333333333333334
