0 0.20755208333333333 0.7379629629629629 0.09427083333333333 0.37777777777777777
0 0.48411458333333335 0.6240740740740741 0.05677083333333333 0.21481481481481482
0 0.5658854166666667 0.6925925925925925 0.05572916666666667 0.29814814814814816
0 0.26901041666666664 0.5731481481481482 0.009895833333333333 0.07037037037037037
0 0.28671875 0.5740740740740741 0.009895833333333333 0.07777777777777778
0 0.3111979166666667 0.5736111111111111 0.0067708333333333336 0.07314814814814814
0 0.30546875 0.5708333333333333 0.005729166666666666 0.075
0 0.2950520833333333 0.5726851851851852 0.0067708333333333336 0.06759259259259259
0 0.38671875 0.6310185185185185 0.0609375 0.075
0 0.7450520833333333 0.5907407407407408 0.011979166666666667 0.08148148148148149
0 0.7317708333333334 0.5740740740740741 0.0125 0.044444444444444446
2 0.22942708333333334 0.5819444444444445 0.030729166666666665 0.030555555555555555
2 0.4875 0.5402777777777777 0.021875 0.03425925925925926
2 0.26979166666666665 0.5412037037037037 0.005208333333333333 0.008333333333333333
2 0.2864583333333333 0.5416666666666666 0.005208333333333333 0.007407407407407408
2 0.2942708333333333 0.5425925925925926 0.005208333333333333 0.007407407407407408
2 0.30546875 0.537962962962963 0.0046875 0.009259259259259259
2 0.3111979166666667 0.5444444444444444 0.0078125 0.009259259259259259
2 0.55625 0.5587962962962963 0.027083333333333334 0.030555555555555555
2 0.7369791666666666 0.5574074074074075 0.00625 0.009259259259259259
2 0.7424479166666667 0.5601851851851852 0.0078125 0.011111111111111112
1 0.19609375 0.6648148148148149 0.06197916666666667 0.15
1 0.39947916666666666 0.6425925925925926 0.03333333333333333 0.044444444444444446
1 0.48515625 0.624537037037037 0.0421875 0.11574074074074074
1 0.571875 0.6435185185185185 0.04479166666666667 0.11481481481481481
1 0.29453125 0.562962962962963 0.0067708333333333336 0.025925925925925925
1 0.3111979166666667 0.5652777777777778 0.0067708333333333336 0.028703703703703703
1 0.7307291666666667 0.5736111111111111 0.010416666666666666 0.028703703703703703
3 0.7229166666666667 0.8537037037037037 0.3125 0.29259259259259257
4 0.39453125 0.8027777777777778 0.32135416666666666 0.37407407407407406
8 0.803125 0.6171296296296296 0.05625 0.06388888888888888
11 0.9497395833333333 0.625 0.07239583333333334 0.04814814814814815
12 0.36432291666666666 0.475462962962963 0.1328125 0.12685185185185185
14 0.74375 0.03009259259259259 0.06145833333333333 0.058333333333333334
