0 0.12708333333333333 0.5351851851851852 0.21354166666666666 0.9064814814814814
0 0.5682291666666667 0.5268518518518519 0.6359375 0.837037037037037
0 0.39791666666666664 0.587037037037037 0.46927083333333336 0.6620370370370371
0 0.4875 0.512962962962963 0.5479166666666667 0.7564814814814815
0 0.7588541666666667 0.5351851851851852 0.775 0.587037037037037
0 0.7744791666666667 0.537962962962963 0.790625 0.6222222222222222
0 0.28854166666666664 0.525 0.2989583333333333 0.5972222222222222
0 0.29739583333333336 0.5259259259259259 0.3067708333333333 0.5916666666666667
0 0.33697916666666666 0.524074074074074 0.34479166666666666 0.5916666666666667
0 0.3140625 0.5305555555555556 0.3229166666666667 0.6027777777777777
2 0.171875 0.5351851851851852 0.20208333333333334 0.5842592592592593
2 0.290625 0.5259259259259259 0.29635416666666664 0.5351851851851852
2 0.2989583333333333 0.5277777777777778 0.30364583333333334 0.537962962962963
2 0.3375 0.5259259259259259 0.34270833333333334 0.5342592592592592
2 0.4005208333333333 0.5842592592592593 0.4239583333333333 0.6268518518518519
2 0.5083333333333333 0.5148148148148148 0.5317708333333333 0.5435185185185185
2 0.5776041666666667 0.5314814814814814 0.6046875 0.5601851851851852
2 0.7666666666666667 0.537962962962963 0.7734375 0.5453703703703704
2 0.7755208333333333 0.5407407407407407 0.7838541666666666 0.549074074074074
1 0.1359375 0.5851851851851851 0.1953125 0.7046296296296296
1 0.31614583333333335 0.5416666666666666 0.32083333333333336 0.5675925925925925
1 0.2994791666666667 0.5388888888888889 0.3067708333333333 0.5638888888888889
1 0.42916666666666664 0.6018518518518519 0.459375 0.6527777777777778
1 0.4953125 0.5574074074074075 0.5375 0.6759259259259259
1 0.5838541666666667 0.5805555555555556 0.6244791666666667 0.6888888888888889
1 0.7625 0.5462962962962963 0.7739583333333333 0.5740740740740741
3 0.6114583333333333 0.6972222222222222 0.9130208333333333 1.0
4 0.215625 0.575925925925926 0.59375 0.9648148148148148
8 0.8098958333333334 0.575925925925926 0.8661458333333333 0.6324074074074074
11 0.9489583333333333 0.5944444444444444 1.0 0.6370370370370371
12 0.32395833333333335 0.3990740740740741 0.475 0.5370370370370371
