0 0.2828125 0.7041666666666667 0.13020833333333334 0.5916666666666667
0 0.4359375 0.6685185185185185 0.1 0.5648148148148148
2 0.2640625 0.44212962962962965 0.053125 0.07314814814814814
2 0.45208333333333334 0.42916666666666664 0.04375 0.0824074074074074
1 0.2791666666666667 0.6458333333333334 0.1125 0.275
1 0.17760416666666667 0.7333333333333333 0.057291666666666664 0.07037037037037037
1 0.44505208333333335 0.5643518518518519 0.0828125 0.19907407407407407
2 0.17578125 0.7569444444444444 0.034895833333333334 0.05092592592592592
3 0.07994791666666666 0.737037037037037 0.15885416666666666 0.29074074074074074
4 0.4401041666666667 0.7638888888888888 0.4822916666666667 0.3277777777777778
6 0.7583333333333333 0.5504629629629629 0.12291666666666666 0.2064814814814815
6 0.8885416666666667 0.5712962962962963 0.13125 0.20925925925925926
6 0.9713541666666666 0.5712962962962963 0.057291666666666664 0.2611111111111111
7 0.5841145833333333 0.49583333333333335 0.1734375 0.08611111111111111
7 0.14140625 0.4981481481481482 0.12864583333333332 0.07037037037037037
7 0.04244791666666667 0.5055555555555555 0.08385416666666666 0.1037037037037037
12 0.4484375 0.2550925925925926 0.16875 0.23981481481481481
14 0.3151041666666667 0.3837962962962963 0.13125 0.025
