0 0.000925925925925926 0.5927083333333333 0.030555555555555555 0.7083333333333334
0 0.20925925925925926 0.6 0.2962962962962963 0.7484375
0 0.2518518518518518 0.6942708333333333 0.4064814814814815 0.8041666666666667
2 0.2462962962962963 0.6 0.2814814814814815 0.6151041666666667
2 0.000925925925925926 0.5927083333333333 0.02962962962962963 0.6078125
2 0.3333333333333333 0.696875 0.38055555555555554 0.7140625
1 0.22407407407407406 0.621875 0.28425925925925927 0.6776041666666667
1 0.2657407407407407 0.7151041666666667 0.37962962962962965 0.8
6 0.8518518518518519 0.6578125 0.9166666666666666 0.6901041666666666
6 0.9083333333333333 0.6604166666666667 0.9685185185185186 0.6947916666666667
6 0.5388888888888889 0.7838541666666666 0.5675925925925925 0.8151041666666666
12 0.6157407407407407 0.296875 0.7046296296296296 0.421875
9 0.24537037037037038 0.6890625 0.5861111111111111 0.8015625
14 0.3453703703703704 0.5958333333333333 0.5111111111111111 0.6161458333333333
14 0.000925925925925926 0.36614583333333334 0.06574074074074074 0.3958333333333333
14 0.000925925925925926 0.475 0.044444444444444446 0.49635416666666665
14 0.012962962962962963 0.27395833333333336 0.08888888888888889 0.31197916666666664
14 0.062037037037037036 0.071875 0.13703703703703704 0.11822916666666666
