0 0.34322916666666664 0.6208333333333333 0.05 0.1175925925925926
0 0.29244791666666664 0.6078703703703704 0.0078125 0.06574074074074074
0 0.4979166666666667 0.6421296296296296 0.04895833333333333 0.1712962962962963
0 0.5479166666666667 0.6675925925925926 0.051041666666666666 0.2351851851851852
0 0.59921875 0.7138888888888889 0.05260416666666667 0.29259259259259257
0 0.7260416666666667 0.6106481481481482 0.017708333333333333 0.09351851851851851
0 0.7645833333333333 0.5907407407407408 0.015625 0.05
0 0.7911458333333333 0.6236111111111111 0.01875 0.03981481481481482
2 0.2890625 0.5805555555555556 0.005208333333333333 0.007407407407407408
2 0.34427083333333336 0.5819444444444445 0.023958333333333335 0.03425925925925926
2 0.490625 0.5712962962962963 0.026041666666666668 0.02962962962962963
2 0.540625 0.5648148148148148 0.023958333333333335 0.03148148148148148
2 0.5856770833333333 0.5842592592592593 0.025520833333333333 0.03333333333333333
2 0.7255208333333333 0.5712962962962963 0.008333333333333333 0.012962962962962963
2 0.76875 0.5717592592592593 0.007291666666666667 0.010185185185185186
2 0.7919270833333333 0.6180555555555556 0.0078125 0.013888888888888888
1 0.3380208333333333 0.637962962962963 0.03958333333333333 0.06851851851851852
1 0.49947916666666664 0.6601851851851852 0.03958333333333333 0.11666666666666667
1 0.5432291666666667 0.6583333333333333 0.041666666666666664 0.13148148148148148
1 0.6065104166666667 0.6574074074074074 0.0359375 0.12222222222222222
1 0.7643229166666666 0.5907407407407408 0.0109375 0.03148148148148148
1 0.72265625 0.6027777777777777 0.0078125 0.037037037037037035
3 0.7734375 0.8611111111111112 0.31145833333333334 0.2777777777777778
4 0.40208333333333335 0.8268518518518518 0.4 0.34629629629629627
8 0.8348958333333333 0.637962962962963 0.053125 0.07962962962962963
11 0.97421875 0.6337962962962963 0.0515625 0.04351851851851852
12 0.3966145833333333 0.5041666666666667 0.13697916666666668 0.12314814814814815
14 0.7572916666666667 0.03564814814814815 0.08645833333333333 0.06944444444444445
