0 0.16536458333333334 0.6986111111111111 0.0828125 0.3527777777777778
0 0.45078125 0.6273148148148148 0.08072916666666667 0.09351851851851851
0 0.5255208333333333 0.6453703703703704 0.06041666666666667 0.24814814814814815
0 0.6028645833333334 0.6912037037037037 0.058854166666666666 0.3194444444444444
0 0.30625 0.5675925925925925 0.011458333333333333 0.07407407407407407
0 0.3294270833333333 0.5634259259259259 0.011979166666666667 0.07685185185185185
0 0.7963541666666667 0.6023148148148149 0.0125 0.05648148148148148
0 0.7747395833333334 0.5939814814814814 0.0140625 0.09166666666666666
2 0.18723958333333332 0.5453703703703704 0.03177083333333333 0.044444444444444446
2 0.30703125 0.5393518518518519 0.0067708333333333336 0.012037037037037037
2 0.328125 0.5342592592592592 0.007291666666666667 0.011111111111111112
2 0.42994791666666665 0.6083333333333333 0.024479166666666666 0.05
2 0.5315104166666667 0.537962962962963 0.021354166666666667 0.027777777777777776
2 0.5953125 0.5597222222222222 0.027083333333333334 0.028703703703703703
2 0.7721354166666666 0.5569444444444445 0.0067708333333333336 0.013888888888888888
2 0.7966145833333333 0.5842592592592593 0.0046875 0.012962962962962963
1 0.15807291666666667 0.6347222222222222 0.059895833333333336 0.1361111111111111
1 0.4552083333333333 0.6324074074074074 0.03125 0.05
1 0.5255208333333333 0.6259259259259259 0.042708333333333334 0.11296296296296296
1 0.6020833333333333 0.6296296296296297 0.03333333333333333 0.08703703703703704
1 0.3065104166666667 0.5606481481481481 0.009895833333333333 0.030555555555555555
3 0.7661458333333333 0.8532407407407407 0.3104166666666667 0.2935185185185185
4 0.4046875 0.7837962962962963 0.378125 0.3675925925925926
8 0.84375 0.6217592592592592 0.04895833333333333 0.05462962962962963
11 0.978125 0.6310185185185185 0.04375 0.04351851851851852
12 0.40989583333333335 0.4675925925925926 0.13645833333333332 0.15
14 0.7934895833333333 0.02962962962962963 0.0515625 0.05740740740740741
