0 0.2669270833333333 0.6504629629629629 0.0578125 0.10833333333333334
0 0.4557291666666667 0.6782407407407407 0.06666666666666667 0.15462962962962962
0 0.51171875 0.7060185185185185 0.059895833333333336 0.23796296296296296
0 0.5856770833333333 0.7467592592592592 0.0640625 0.30648148148148147
0 0.2825520833333333 0.6685185185185185 0.013020833333333334 0.020370370370370372
0 0.72109375 0.6472222222222223 0.019270833333333334 0.09259259259259259
0 0.75 0.6291666666666667 0.016666666666666666 0.058333333333333334
0 0.7739583333333333 0.6648148148148149 0.01875 0.03148148148148148
2 0.27578125 0.6199074074074075 0.024479166666666666 0.03796296296296296
2 0.4434895833333333 0.6180555555555556 0.025520833333333333 0.028703703703703703
2 0.51796875 0.6027777777777777 0.022395833333333334 0.02962962962962963
2 0.57578125 0.6129629629629629 0.027604166666666666 0.03333333333333333
2 0.7208333333333333 0.6083333333333333 0.00625 0.011111111111111112
2 0.7513020833333334 0.6092592592592593 0.0067708333333333336 0.009259259259259259
2 0.77421875 0.6546296296296297 0.0067708333333333336 0.012962962962962963
1 0.25885416666666666 0.6763888888888889 0.036458333333333336 0.06388888888888888
1 0.4661458333333333 0.700925925925926 0.042708333333333334 0.10925925925925926
1 0.5153645833333333 0.6884259259259259 0.04739583333333333 0.12685185185185185
1 0.5916666666666667 0.6949074074074074 0.040625 0.1175925925925926
1 0.74765625 0.6259259259259259 0.011979166666666667 0.02962962962962963
3 0.7466145833333333 0.8810185185185185 0.3046875 0.23796296296296296
4 0.38515625 0.8453703703703703 0.3880208333333333 0.30925925925925923
8 0.8205729166666667 0.6652777777777777 0.0484375 0.062037037037037036
11 0.9677083333333333 0.6726851851851852 0.06458333333333334 0.03981481481481482
12 0.3885416666666667 0.537962962962963 0.15104166666666666 0.13518518518518519
14 0.7338541666666667 0.0587962962962963 0.11145833333333334 0.10833333333333334
