0 0.4947916666666667 0.49907407407407406 0.5427083333333333 0.6148148148148148
0 0.5911458333333334 0.49537037037037035 0.6260416666666667 0.6527777777777778
0 0.6270833333333333 0.5194444444444445 0.6885416666666667 0.7185185185185186
0 0.6854166666666667 0.5194444444444445 0.7380208333333333 0.8046296296296296
0 0.7921875 0.5111111111111111 0.8140625 0.6037037037037037
0 0.8578125 0.5157407407407407 0.875 0.5648148148148148
0 0.8786458333333333 0.562962962962963 0.9010416666666666 0.600925925925926
2 0.5963541666666666 0.4962962962962963 0.6229166666666667 0.5305555555555556
2 0.6265625 0.5212962962962963 0.6567708333333333 0.5675925925925925
2 0.6848958333333334 0.5194444444444445 0.7052083333333333 0.5592592592592592
2 0.796875 0.512962962962963 0.8078125 0.525
2 0.8671875 0.5185185185185185 0.8744791666666667 0.5296296296296297
2 0.8927083333333333 0.5666666666666667 0.8989583333333333 0.5814814814814815
1 0.5041666666666667 0.5472222222222223 0.5432291666666667 0.6101851851851852
1 0.5921875 0.5462962962962963 0.6213541666666667 0.6453703703703704
1 0.6276041666666666 0.5703703703703704 0.68125 0.6861111111111111
1 0.7 0.55 0.7375 0.6601851851851852
1 0.8604166666666667 0.524074074074074 0.8713541666666667 0.5583333333333333
3 0.7348958333333333 0.6694444444444444 1.0 0.9916666666666667
4 0.33229166666666665 0.6074074074074074 0.7177083333333333 0.9092592592592592
8 0.9135416666666667 0.5638888888888889 0.965625 0.6138888888888889
12 0.44375 0.3712962962962963 0.5916666666666667 0.49166666666666664
