0 0.3953125 0.5046296296296297 0.4276041666666667 0.6212962962962963
0 0.5072916666666667 0.49537037037037035 0.5494791666666666 0.6675925925925926
0 0.553125 0.4925925925925926 0.6145833333333334 0.7546296296296297
0 0.6041666666666666 0.5212962962962963 0.653125 0.8
0 0.7260416666666667 0.5092592592592593 0.7489583333333333 0.600925925925926
0 0.7807291666666667 0.5120370370370371 0.7958333333333333 0.5611111111111111
0 0.8052083333333333 0.5583333333333333 0.8239583333333333 0.5888888888888889
2 0.40677083333333336 0.5037037037037037 0.42552083333333335 0.5370370370370371
2 0.515625 0.49907407407407406 0.5375 0.5324074074074074
2 0.5723958333333333 0.49074074074074076 0.596875 0.5268518518518519
2 0.60625 0.5222222222222223 0.6244791666666667 0.55
2 0.7328125 0.5101851851851852 0.7416666666666667 0.5222222222222223
2 0.7885416666666667 0.512962962962963 0.7953125 0.5259259259259259
2 0.8104166666666667 0.5583333333333333 0.8177083333333334 0.5712962962962963
1 0.39947916666666666 0.5518518518518518 0.4265625 0.6185185185185185
1 0.5135416666666667 0.5462962962962963 0.5484375 0.6638888888888889
1 0.5604166666666667 0.5416666666666666 0.6083333333333333 0.6620370370370371
1 0.6177083333333333 0.5462962962962963 0.6526041666666667 0.674074074074074
1 0.7822916666666667 0.5212962962962963 0.7932291666666667 0.55
3 0.6416666666666667 0.6694444444444444 0.9609375 0.9685185185185186
4 0.23489583333333333 0.6240740740740741 0.6286458333333333 0.9361111111111111
8 0.8338541666666667 0.5425925925925926 0.8817708333333333 0.6148148148148148
11 0.978125 0.5555555555555556 1.0 0.6018518518518519
12 0.3651041666666667 0.37777777777777777 0.5036458333333333 0.525
