0 0.1609375 0.5481481481481482 0.240625 0.8824074074074074
0 0.4140625 0.612037037037037 0.49947916666666664 0.7074074074074074
0 0.5 0.5407407407407407 0.5484375 0.7703703703703704
0 0.5692708333333333 0.5564814814814815 0.6223958333333334 0.8648148148148148
0 0.2869791666666667 0.5611111111111111 0.29739583333333336 0.6314814814814815
0 0.7432291666666667 0.5601851851851852 0.7598958333333333 0.6527777777777778
0 0.7614583333333333 0.5592592592592592 0.7807291666666667 0.6194444444444445
0 0.7822916666666667 0.5972222222222222 0.8026041666666667 0.6453703703703704
2 0.21510416666666668 0.5518518518518518 0.24583333333333332 0.5990740740740741
2 0.28802083333333334 0.562962962962963 0.2953125 0.5731481481481482
2 0.41822916666666665 0.6129629629629629 0.44427083333333334 0.6462962962962963
2 0.5119791666666667 0.5398148148148149 0.5354166666666667 0.5722222222222222
2 0.5770833333333333 0.5564814814814815 0.6036458333333333 0.5861111111111111
2 0.7880208333333333 0.6046296296296296 0.7942708333333334 0.6175925925925926
2 0.746875 0.562037037037037 0.75625 0.575
2 0.7630208333333334 0.5648148148148148 0.7708333333333334 0.5740740740740741
1 0.18072916666666666 0.6055555555555555 0.22552083333333334 0.7194444444444444
1 0.446875 0.6388888888888888 0.475 0.6842592592592592
1 0.5010416666666667 0.5888888888888889 0.5411458333333333 0.700925925925926
1 0.5796875 0.5981481481481481 0.6177083333333333 0.6962962962962963
1 0.2869791666666667 0.5731481481481482 0.296875 0.6018518518518519
1 0.7614583333333333 0.5740740740740741 0.7703125 0.600925925925926
3 0.6078125 0.7212962962962963 0.915625 1.0
4 0.215625 0.6425925925925926 0.5963541666666666 0.9777777777777777
8 0.809375 0.600925925925926 0.8557291666666667 0.662962962962963
11 0.95625 0.6148148148148148 1.0 0.6555555555555556
12 0.33229166666666665 0.43425925925925923 0.4703125 0.5657407407407408
14 0.7239583333333334 0.000925925925925926 0.8109375 0.06851851851851852
