0 0.53828125 0.6537037037037037 0.0546875 0.11666666666666667
0 0.6083333333333333 0.6574074074074074 0.052083333333333336 0.13518518518518519
0 0.6546875 0.7189814814814814 0.065625 0.16203703703703703
0 0.71171875 0.7513888888888889 0.06302083333333333 0.2953703703703704
0 0.7747395833333334 0.6518518518518519 0.0234375 0.1037037037037037
0 0.89375 0.625462962962963 0.014583333333333334 0.05092592592592592
0 0.9200520833333333 0.662962962962963 0.016145833333333335 0.040740740740740744
2 0.5359375 0.6097222222222223 0.019791666666666666 0.028703703703703703
2 0.6046875 0.6064814814814815 0.022916666666666665 0.03518518518518519
2 0.6471354166666666 0.6611111111111111 0.03177083333333333 0.04259259259259259
2 0.70234375 0.6259259259259259 0.024479166666666666 0.044444444444444446
2 0.77265625 0.6083333333333333 0.008854166666666666 0.011111111111111112
2 0.8966145833333333 0.6064814814814815 0.0067708333333333336 0.012962962962962963
2 0.9171875 0.649537037037037 0.008333333333333333 0.012037037037037037
1 0.5375 0.6699074074074074 0.05 0.07314814814814814
1 0.6033854166666667 0.6768518518518518 0.043229166666666666 0.07222222222222222
1 0.6546875 0.7393518518518518 0.059375 0.10833333333333334
1 0.7138020833333333 0.6824074074074075 0.04635416666666667 0.07222222222222222
1 0.8924479166666667 0.625 0.0109375 0.03333333333333333
3 0.8729166666666667 0.8680555555555556 0.25 0.2638888888888889
4 0.5302083333333333 0.8541666666666666 0.38645833333333335 0.2916666666666667
8 0.9703125 0.662962962962963 0.058333333333333334 0.06666666666666667
12 0.52265625 0.5388888888888889 0.14010416666666667 0.13148148148148148
14 0.8677083333333333 0.04722222222222222 0.12604166666666666 0.09259259259259259
