0 0.27685185185185185 0.534375 0.3490740740740741 0.6578125
0 0.4703703703703704 0.54375 0.5481481481481482 0.6760416666666667
0 0.4703703703703704 0.6348958333333333 0.6222222222222222 0.7328125
0 0.5296296296296297 0.64375 1.0 0.9984375
2 0.3194444444444444 0.5375 0.35 0.55
2 0.5037037037037037 0.5432291666666667 0.5425925925925926 0.5572916666666666
2 0.5453703703703704 0.634375 0.6 0.653125
2 0.725925925925926 0.64375 0.9972222222222222 0.8755208333333333
1 0.5277777777777778 0.90625 1.0 1.0
1 0.27870370370370373 0.5515625 0.337037037037037 0.6026041666666667
1 0.48148148148148145 0.5619791666666667 0.5398148148148149 0.6177083333333333
1 0.4861111111111111 0.6546875 0.5990740740740741 0.71875
12 0.8101851851851852 0.24010416666666667 0.9296296296296296 0.3828125
9 0.48703703703703705 0.625 0.8009259259259259 0.7401041666666667
14 0.6592592592592592 0.546875 0.8222222222222222 0.5703125
14 0.32037037037037036 0.31979166666666664 0.39166666666666666 0.3458333333333333
14 0.29444444444444445 0.4239583333333333 0.3768518518518518 0.44947916666666665
14 0.3425925925925926 0.22916666666666666 0.41388888888888886 0.2682291666666667
14 0.39444444444444443 0.025 0.462037037037037 0.07447916666666667
