0 0.7901041666666667 0.6476851851851851 0.027083333333333334 0.10648148148148148
0 0.70625 0.7402777777777778 0.057291666666666664 0.2861111111111111
0 0.53671875 0.6430555555555556 0.0578125 0.12129629629629629
0 0.60703125 0.6648148148148149 0.050520833333333334 0.1648148148148148
0 0.6604166666666667 0.7222222222222222 0.057291666666666664 0.20185185185185187
0 0.8921875 0.6231481481481481 0.013541666666666667 0.05185185185185185
0 0.9200520833333333 0.6606481481481481 0.018229166666666668 0.03981481481481482
2 0.5356770833333333 0.5995370370370371 0.0234375 0.03611111111111111
2 0.6005208333333333 0.5990740740740741 0.028125 0.03333333333333333
2 0.65703125 0.6412037037037037 0.030729166666666665 0.041666666666666664
2 0.69609375 0.6287037037037037 0.0234375 0.044444444444444446
2 0.7903645833333334 0.6027777777777777 0.0078125 0.011111111111111112
2 0.8947916666666667 0.6050925925925926 0.008333333333333333 0.012037037037037037
2 0.91640625 0.6481481481481481 0.005729166666666666 0.012962962962962963
1 0.5369791666666667 0.6675925925925926 0.03854166666666667 0.06481481481481481
1 0.60703125 0.6925925925925925 0.03697916666666667 0.1037037037037037
1 0.6552083333333333 0.7222222222222222 0.042708333333333334 0.1037037037037037
1 0.7080729166666667 0.6976851851851852 0.0390625 0.09166666666666666
1 0.8916666666666667 0.6240740740740741 0.0125 0.02962962962962963
3 0.8661458333333333 0.8703703703703703 0.25104166666666666 0.25925925925925924
4 0.5278645833333333 0.8398148148148148 0.3796875 0.29259259259259257
8 0.96640625 0.6652777777777777 0.05364583333333333 0.0712962962962963
12 0.5221354166666666 0.5356481481481481 0.13072916666666667 0.1361111111111111
14 0.8747395833333333 0.04398148148148148 0.11614583333333334 0.08611111111111111
