0 0.5315104166666667 0.6546296296296297 0.05260416666666667 0.12222222222222222
0 0.6072916666666667 0.6601851851851852 0.05520833333333333 0.1388888888888889
0 0.6479166666666667 0.736574074074074 0.07604166666666666 0.1675925925925926
0 0.7057291666666666 0.7472222222222222 0.05520833333333333 0.2962962962962963
0 0.7515625 0.65 0.023958333333333335 0.1037037037037037
0 0.89296875 0.6277777777777778 0.019270833333333334 0.06296296296296296
0 0.9127604166666666 0.6564814814814814 0.015104166666666667 0.040740740740740744
2 0.53046875 0.6083333333333333 0.016145833333333335 0.022222222222222223
2 0.6166666666666667 0.6083333333333333 0.026041666666666668 0.037037037037037035
2 0.6481770833333333 0.6685185185185185 0.0328125 0.040740740740740744
2 0.6984375 0.6138888888888889 0.029166666666666667 0.03148148148148148
2 0.7479166666666667 0.6041666666666666 0.009375 0.013888888888888888
2 0.8924479166666667 0.6013888888888889 0.005729166666666666 0.010185185185185186
2 0.9104166666666667 0.6425925925925926 0.007291666666666667 0.011111111111111112
1 0.5317708333333333 0.6759259259259259 0.034375 0.06481481481481481
1 0.6104166666666667 0.6805555555555556 0.03333333333333333 0.07407407407407407
1 0.6520833333333333 0.737037037037037 0.052083333333333336 0.0962962962962963
1 0.8893229166666666 0.6175925925925926 0.011979166666666667 0.027777777777777776
3 0.8682291666666667 0.8712962962962963 0.2635416666666667 0.2574074074074074
4 0.5111979166666667 0.862037037037037 0.3307291666666667 0.2759259259259259
8 0.9645833333333333 0.6583333333333333 0.0625 0.06851851851851852
12 0.5151041666666667 0.5449074074074074 0.13854166666666667 0.11944444444444445
14 0.8549479166666667 0.04259259259259259 0.1265625 0.08333333333333333
