0 0.18203125 0.6699074074074074 0.15260416666666668 0.6601851851851852
0 0.37395833333333334 0.625 0.103125 0.575925925925926
2 0.1703125 0.3763888888888889 0.05520833333333333 0.06018518518518518
2 0.3841145833333333 0.3726851851851852 0.0421875 0.058333333333333334
1 0.17057291666666666 0.5958333333333333 0.10572916666666667 0.27870370370370373
1 0.375 0.5171296296296296 0.08229166666666667 0.225
3 0.04869791666666667 0.6796296296296296 0.09635416666666667 0.2796296296296296
4 0.3932291666666667 0.7125 0.50625 0.36203703703703705
6 0.75 0.513425925925926 0.11979166666666667 0.19537037037037036
6 0.87734375 0.5393518518518519 0.1390625 0.225
6 0.97265625 0.5356481481481481 0.0546875 0.275
7 0.5861979166666667 0.4634259259259259 0.15885416666666666 0.09722222222222222
7 0.04869791666666667 0.43194444444444446 0.09635416666666667 0.10648148148148148
7 0.15572916666666667 0.44074074074074077 0.115625 0.05185185185185185
7 0.29583333333333334 0.44675925925925924 0.05625 0.07685185185185185
12 0.38723958333333336 0.1865740740740741 0.1890625 0.2675925925925926
