0 0.4859375 0.8097222222222222 0.046875 0.2601851851851852
0 0.465625 0.711574074074074 0.019791666666666666 0.0712962962962963
0 0.39010416666666664 0.6972222222222222 0.026041666666666668 0.046296296296296294
2 0.38958333333333334 0.6861111111111111 0.016666666666666666 0.014814814814814815
2 0.4640625 0.687962962962963 0.011458333333333333 0.018518518518518517
2 0.4861979166666667 0.6884259259259259 0.022395833333333334 0.026851851851851852
1 0.4830729166666667 0.7648148148148148 0.03697916666666667 0.09259259259259259
1 0.3885416666666667 0.7097222222222223 0.021875 0.012037037037037037
8 0.038802083333333334 0.7569444444444444 0.050520833333333334 0.05648148148148148
10 0.12994791666666666 0.6958333333333333 0.03697916666666667 0.06018518518518518
11 0.5333333333333333 0.8847222222222222 0.17083333333333334 0.10648148148148148
12 0.54375 0.24074074074074073 0.07708333333333334 0.15185185185185185
13 0.3333333333333333 0.6791666666666667 0.18854166666666666 0.05462962962962963
14 0.428125 0.5300925925925926 0.409375 0.14166666666666666
