0 0.60078125 0.575 0.050520833333333334 0.14814814814814814
0 0.6614583333333334 0.6425925925925926 0.059375 0.19074074074074074
0 0.7065104166666667 0.6601851851851852 0.04635416666666667 0.27037037037037037
0 0.7953125 0.5638888888888889 0.016666666666666666 0.0962962962962963
0 0.5307291666666667 0.5583333333333333 0.05416666666666667 0.1111111111111111
0 0.8807291666666667 0.5393518518518519 0.013541666666666667 0.04722222222222222
0 0.9065104166666667 0.5777777777777777 0.0140625 0.03148148148148148
2 0.5356770833333333 0.5199074074074074 0.021354166666666667 0.030555555555555555
2 0.6 0.5194444444444445 0.025 0.03333333333333333
2 0.6528645833333333 0.5615740740740741 0.0265625 0.03425925925925926
2 0.696875 0.5439814814814815 0.027083333333333334 0.04351851851851852
2 0.79375 0.5189814814814815 0.008333333333333333 0.010185185185185186
2 0.8848958333333333 0.524074074074074 0.007291666666666667 0.012962962962962963
2 0.9067708333333333 0.5675925925925925 0.007291666666666667 0.016666666666666666
1 0.5296875 0.5777777777777777 0.046875 0.06296296296296296
1 0.5997395833333333 0.5995370370370371 0.0359375 0.08611111111111111
1 0.6567708333333333 0.6518518518518519 0.052083333333333336 0.11296296296296296
1 0.70859375 0.6018518518518519 0.0390625 0.1
1 0.88046875 0.5425925925925926 0.0109375 0.03333333333333333
3 0.8674479166666667 0.8111111111111111 0.26510416666666664 0.3351851851851852
4 0.5192708333333333 0.75 0.36041666666666666 0.3055555555555556
8 0.9552083333333333 0.5842592592592593 0.05416666666666667 0.06111111111111111
12 0.5138020833333333 0.44351851851851853 0.12447916666666667 0.13148148148148148
