0 0.5638020833333334 0.5106481481481482 0.0546875 0.11574074074074074
0 0.64453125 0.5314814814814814 0.0390625 0.1537037037037037
0 0.6934895833333333 0.6087962962962963 0.0828125 0.17314814814814813
0 0.74609375 0.612037037037037 0.0484375 0.29259259259259257
0 0.834375 0.5111111111111111 0.022916666666666665 0.09814814814814815
0 0.9106770833333333 0.48842592592592593 0.015104166666666667 0.05277777777777778
0 0.93828125 0.5296296296296297 0.021354166666666667 0.03333333333333333
2 0.5697916666666667 0.4699074074074074 0.022916666666666665 0.030555555555555555
2 0.6419270833333334 0.4689814814814815 0.0234375 0.03425925925925926
2 0.66640625 0.5398148148148149 0.030729166666666665 0.03518518518518519
2 0.7333333333333333 0.48842592592592593 0.025 0.03796296296296296
2 0.8359375 0.46805555555555556 0.00625 0.010185185185185186
2 0.9140625 0.47175925925925927 0.007291666666666667 0.013888888888888888
2 0.9393229166666667 0.5226851851851851 0.0078125 0.017592592592592594
1 0.5651041666666666 0.5305555555555556 0.0375 0.07222222222222222
1 0.64375 0.55 0.03125 0.0962962962962963
1 0.6908854166666667 0.6046296296296296 0.05677083333333333 0.09814814814814815
1 0.7515625 0.5583333333333333 0.03854166666666667 0.08518518518518518
1 0.9098958333333333 0.4898148148148148 0.011458333333333333 0.03148148148148148
3 0.8838541666666667 0.7805555555555556 0.23229166666666667 0.30185185185185187
4 0.55546875 0.7143518518518519 0.3828125 0.2972222222222222
8 0.9776041666666667 0.5421296296296296 0.04479166666666667 0.049074074074074076
12 0.5486979166666667 0.39861111111111114 0.13697916666666668 0.13796296296296295
