0 0.5489583333333333 0.687962962962963 0.052083333333333336 0.11296296296296296
0 0.6244791666666667 0.7101851851851851 0.071875 0.20185185185185187
0 0.7010416666666667 0.6888888888888889 0.06770833333333333 0.14074074074074075
0 0.6989583333333333 0.8430555555555556 0.09166666666666666 0.2101851851851852
0 0.7729166666666667 0.6675925925925926 0.03125 0.10740740740740741
0 0.8856770833333333 0.6541666666666667 0.0171875 0.08055555555555556
0 0.9091145833333333 0.6555555555555556 0.019270833333333334 0.07777777777777778
2 0.5544270833333333 0.6481481481481481 0.021354166666666667 0.03518518518518519
2 0.6341145833333334 0.6365740740740741 0.027604166666666666 0.04351851851851852
2 0.6942708333333333 0.6333333333333333 0.025 0.03333333333333333
2 0.6643229166666667 0.7819444444444444 0.009895833333333333 0.06018518518518518
2 0.7700520833333333 0.6226851851851852 0.008854166666666666 0.012037037037037037
2 0.884375 0.6148148148148148 0.00625 0.009259259259259259
2 0.9078125 0.6208333333333333 0.00625 0.010185185185185186
1 0.70859375 0.7824074074074074 0.06302083333333333 0.08888888888888889
1 0.6294270833333333 0.7282407407407407 0.044270833333333336 0.1175925925925926
1 0.5505208333333333 0.7050925925925926 0.041666666666666664 0.06018518518518518
1 0.8848958333333333 0.6375 0.009375 0.032407407407407406
1 0.9098958333333333 0.6425925925925926 0.0125 0.02962962962962963
3 0.8721354166666667 0.8893518518518518 0.2557291666666667 0.2175925925925926
4 0.5299479166666666 0.8722222222222222 0.37864583333333335 0.25555555555555554
8 0.9598958333333333 0.674074074074074 0.052083333333333336 0.06111111111111111
12 0.5130208333333334 0.5592592592592592 0.13854166666666667 0.14444444444444443
14 0.8533854166666667 0.053703703703703705 0.11927083333333334 0.10555555555555556
