0 0.14557291666666666 0.9194444444444444 0.09010416666666667 0.16111111111111112
0 0.5015625 0.9398148148148148 0.05520833333333333 0.12037037037037036
2 0.146875 0.8574074074074074 0.034375 0.03888888888888889
2 0.5010416666666667 0.8907407407407407 0.027083333333333334 0.03148148148148148
1 0.35390625 0.9689814814814814 0.0484375 0.05462962962962963
1 0.5036458333333333 0.9666666666666667 0.04479166666666667 0.06666666666666667
3 0.38958333333333334 0.8018518518518518 0.2125 0.24259259259259258
6 0.9747395833333333 0.9564814814814815 0.043229166666666666 0.08703703703703704
6 0.95703125 0.9939814814814815 0.05572916666666667 0.012037037037037037
12 0.41067708333333336 0.09074074074074075 0.1265625 0.17962962962962964
7 0.790625 0.9606481481481481 0.14166666666666666 0.0787037037037037
7 0.6002604166666666 0.9666666666666667 0.0421875 0.06666666666666667
14 0.08151041666666667 0.362962962962963 0.0671875 0.07592592592592592
14 0.07526041666666666 0.6361111111111111 0.0921875 0.05925925925925926
14 0.07942708333333333 0.15092592592592594 0.0953125 0.11296296296296296
