0 0.5078125 0.6129629629629629 0.5609375 0.7277777777777777
0 0.590625 0.600925925925926 0.6307291666666667 0.7333333333333333
0 0.6171875 0.6694444444444444 0.68125 0.8324074074074074
0 0.6770833333333334 0.6092592592592593 0.740625 0.912962962962963
0 0.8854166666666666 0.6092592592592593 0.9078125 0.6787037037037037
0 0.9057291666666667 0.65 0.9244791666666666 0.687037037037037
0 0.7213541666666666 0.6148148148148148 0.7322916666666667 0.6814814814814815
2 0.5203125 0.6111111111111112 0.5427083333333333 0.6398148148148148
2 0.6005208333333333 0.600925925925926 0.6260416666666667 0.6361111111111111
2 0.621875 0.6694444444444444 0.6505208333333333 0.7194444444444444
2 0.6895833333333333 0.6092592592592593 0.715625 0.6425925925925926
2 0.8932291666666666 0.6092592592592593 0.9005208333333333 0.6185185185185185
2 0.9098958333333333 0.65 0.9161458333333333 0.662962962962963
2 0.7213541666666666 0.6175925925925926 0.7260416666666667 0.6259259259259259
1 0.5145833333333333 0.6583333333333333 0.5546875 0.7185185185185186
1 0.596875 0.6638888888888889 0.6223958333333334 0.7314814814814815
1 0.6255208333333333 0.7212962962962963 0.66875 0.8027777777777778
1 0.8880208333333334 0.6194444444444445 0.8979166666666667 0.6462962962962963
3 0.7401041666666667 0.762962962962963 1.0 0.9962962962962963
4 0.32395833333333335 0.7351851851851852 0.7161458333333334 1.0
8 0.9354166666666667 0.6361111111111111 0.9958333333333333 0.7046296296296296
12 0.4625 0.4981481481481482 0.578125 0.6194444444444445
14 0.8177083333333334 0.000925925925925926 0.9171875 0.1
