0 0.30703125 0.7736111111111111 0.0421875 0.1398148148148148
0 0.453125 0.7467592592592592 0.035416666666666666 0.0712962962962963
2 0.3106770833333333 0.7194444444444444 0.0140625 0.025925925925925925
2 0.45026041666666666 0.7199074074074074 0.0140625 0.021296296296296296
1 0.30859375 0.7662037037037037 0.0203125 0.05462962962962963
1 0.4518229166666667 0.7486111111111111 0.016145833333333335 0.032407407407407406
5 0.28203125 0.8962962962962963 0.08385416666666666 0.08703703703703704
10 0.71015625 0.7379629629629629 0.04635416666666667 0.06111111111111111
14 0.8666666666666667 0.5708333333333333 0.1 0.05092592592592592
14 0.7723958333333333 0.22592592592592592 0.05416666666666667 0.0962962962962963
