0 0.02546296296296296 0.7369791666666666 0.049074074074074076 0.22083333333333333
0 0.1986111111111111 0.6442708333333333 0.06759259259259259 0.11875
0 0.3453703703703704 0.6466145833333333 0.08148148148148149 0.1234375
0 0.36018518518518516 0.7184895833333333 0.14074074074074075 0.1015625
2 0.0625 0.70625 0.12314814814814815 0.13854166666666667
2 0.21157407407407408 0.5911458333333334 0.030555555555555555 0.014583333333333334
2 0.3574074074074074 0.5908854166666667 0.03333333333333333 0.0109375
2 0.38796296296296295 0.6770833333333334 0.044444444444444446 0.025
1 0.19537037037037036 0.6278645833333333 0.040740740740740744 0.05260416666666667
1 0.3472222222222222 0.6309895833333333 0.05925925925925926 0.05572916666666667
1 0.3509259259259259 0.7239583333333334 0.10740740740740741 0.06458333333333334
12 0.6203703703703703 0.3419270833333333 0.1 0.1265625
9 0.48009259259259257 0.7098958333333333 0.2861111111111111 0.09791666666666667
14 0.6416666666666667 0.5924479166666666 0.14444444444444443 0.019270833333333334
14 0.24814814814814815 0.3841145833333333 0.07407407407407407 0.025520833333333333
14 0.23055555555555557 0.4864583333333333 0.08518518518518518 0.021875
14 0.25601851851851853 0.2989583333333333 0.09351851851851851 0.03333333333333333
14 0.2828703703703704 0.10546875 0.06944444444444445 0.044270833333333336
