0 0.74140625 0.6722222222222223 0.021354166666666667 0.10555555555555556
0 0.8846354166666667 0.6342592592592593 0.0140625 0.05185185185185185
0 0.9122395833333333 0.6648148148148149 0.015104166666666667 0.046296296296296294
0 0.5307291666666667 0.6833333333333333 0.05416666666666667 0.12037037037037036
0 0.6098958333333333 0.6939814814814815 0.0625 0.16203703703703703
0 0.6744791666666666 0.7949074074074074 0.096875 0.17685185185185184
0 0.7067708333333333 0.7699074074074074 0.05 0.29907407407407405
2 0.5302083333333333 0.6407407407407407 0.020833333333333332 0.03333333333333333
2 0.6143229166666667 0.6365740740740741 0.0265625 0.041666666666666664
2 0.6421875 0.7319444444444444 0.030208333333333334 0.049074074074074076
2 0.6986979166666667 0.6319444444444444 0.0234375 0.028703703703703703
2 0.7395833333333334 0.6259259259259259 0.011458333333333333 0.012962962962962963
2 0.8875 0.6152777777777778 0.008333333333333333 0.012037037037037037
2 0.9106770833333333 0.6472222222222223 0.005729166666666666 0.011111111111111112
1 0.5302083333333333 0.7041666666666667 0.03854166666666667 0.06944444444444445
1 0.6109375 0.711574074074074 0.03229166666666667 0.08981481481481482
1 0.6888020833333334 0.7703703703703704 0.06927083333333334 0.10185185185185185
1 0.8848958333333333 0.6351851851851852 0.010416666666666666 0.027777777777777776
3 0.8666666666666667 0.8828703703703704 0.26666666666666666 0.22870370370370371
4 0.5265625 0.875462962962963 0.375 0.2490740740740741
8 0.96328125 0.674537037037037 0.05572916666666667 0.0787037037037037
12 0.51328125 0.5685185185185185 0.1265625 0.1425925925925926
14 0.8520833333333333 0.04953703703703704 0.11145833333333334 0.09722222222222222
