0 0.8828125 0.612037037037037 0.8994791666666667 0.6731481481481482
0 0.9067708333333333 0.6509259259259259 0.921875 0.6888888888888889
0 0.7203125 0.6203703703703703 0.7411458333333333 0.7287037037037037
0 0.509375 0.6222222222222222 0.5572916666666666 0.7361111111111112
0 0.5848958333333333 0.6138888888888889 0.6432291666666666 0.7398148148148148
0 0.6208333333333333 0.712037037037037 0.7046875 0.85
0 0.6776041666666667 0.6111111111111112 0.7375 0.899074074074074
2 0.6026041666666667 0.6101851851851852 0.6265625 0.6444444444444445
2 0.6203125 0.712037037037037 0.6453125 0.7648148148148148
2 0.6885416666666667 0.612037037037037 0.7125 0.6444444444444445
2 0.721875 0.6175925925925926 0.7307291666666667 0.6296296296296297
2 0.5203125 0.6259259259259259 0.5432291666666667 0.6601851851851852
2 0.8901041666666667 0.612037037037037 0.8973958333333333 0.6222222222222222
2 0.9083333333333333 0.6509259259259259 0.9140625 0.6601851851851852
1 0.5104166666666666 0.6666666666666666 0.55625 0.7314814814814815
1 0.5947916666666667 0.6648148148148149 0.63125 0.7333333333333333
1 0.6463541666666667 0.7277777777777777 0.7036458333333333 0.8203703703703704
1 0.884375 0.6194444444444445 0.89375 0.65
3 0.734375 0.7768518518518519 1.0 0.9972222222222222
4 0.34270833333333334 0.7462962962962963 0.71875 1.0
8 0.9354166666666667 0.6416666666666667 0.9911458333333333 0.712037037037037
12 0.4479166666666667 0.5 0.5828125 0.6287037037037037
14 0.8036458333333333 0.000925925925925926 0.9119791666666667 0.10092592592592593
