0 0.5174479166666667 0.6611111111111111 0.05364583333333333 0.11666666666666667
0 0.5877604166666667 0.6597222222222222 0.05677083333333333 0.13055555555555556
0 0.6221354166666667 0.7324074074074074 0.0671875 0.1648148148148148
0 0.6940104166666666 0.75 0.06197916666666667 0.29814814814814816
0 0.7192708333333333 0.6564814814814814 0.023958333333333335 0.1037037037037037
0 0.87890625 0.6291666666666667 0.0203125 0.062037037037037036
0 0.8971354166666666 0.6583333333333333 0.019270833333333334 0.037037037037037035
2 0.5190104166666667 0.6157407407407407 0.021354166666666667 0.016666666666666666
2 0.5997395833333333 0.6106481481481482 0.0265625 0.028703703703703703
2 0.6203125 0.6689814814814815 0.028125 0.041666666666666664
2 0.6856770833333333 0.6166666666666667 0.0265625 0.03148148148148148
2 0.878125 0.6032407407407407 0.007291666666666667 0.010185185185185186
2 0.89609375 0.6458333333333334 0.0067708333333333336 0.010185185185185186
2 0.71875 0.6101851851851852 0.009375 0.011111111111111112
1 0.5177083333333333 0.6759259259259259 0.03854166666666667 0.06481481481481481
1 0.62421875 0.7319444444444444 0.049479166666666664 0.09351851851851851
1 0.5958333333333333 0.6777777777777778 0.029166666666666667 0.05555555555555555
1 0.87578125 0.6231481481481481 0.011979166666666667 0.03148148148148148
3 0.86171875 0.8689814814814815 0.2765625 0.25462962962962965
4 0.5114583333333333 0.8625 0.36875 0.275
11 0.94921875 0.6625 0.0546875 0.06759259259259259
12 0.49375 0.55 0.12395833333333334 0.1111111111111111
14 0.8455729166666667 0.04675925925925926 0.1140625 0.09166666666666666
