0 0.6369791666666667 0.7185185185185186 0.075 0.21851851851851853
0 0.715625 0.7703703703703704 0.06666666666666667 0.337037037037037
0 0.7630208333333334 0.7092592592592593 0.06770833333333333 0.20555555555555555
0 0.85859375 0.6620370370370371 0.025520833333333333 0.09814814814814815
0 0.8916666666666667 0.6375 0.011458333333333333 0.05277777777777778
0 0.9161458333333333 0.6564814814814814 0.017708333333333333 0.06851851851851852
2 0.63671875 0.6328703703703704 0.0296875 0.03796296296296296
2 0.7080729166666667 0.6171296296296296 0.030729166666666665 0.03611111111111111
2 0.7411458333333333 0.6337962962962963 0.026041666666666668 0.03611111111111111
2 0.7591145833333334 0.6337962962962963 0.016145833333333335 0.030555555555555555
2 0.8549479166666667 0.6208333333333333 0.0067708333333333336 0.01574074074074074
2 0.8903645833333333 0.6171296296296296 0.0067708333333333336 0.012037037037037037
1 0.64140625 0.7305555555555555 0.0421875 0.12962962962962962
1 0.72109375 0.7282407407407407 0.043229166666666666 0.14166666666666666
1 0.7622395833333333 0.7296296296296296 0.0390625 0.12037037037037036
1 0.8919270833333334 0.6393518518518518 0.009895833333333333 0.032407407407407406
1 0.9140625 0.6430555555555556 0.011458333333333333 0.03425925925925926
3 0.8705729166666667 0.8847222222222222 0.2557291666666667 0.23055555555555557
4 0.5302083333333333 0.8814814814814815 0.365625 0.23703703703703705
8 0.9669270833333333 0.674074074074074 0.0578125 0.06851851851851852
14 0.8520833333333333 0.052314814814814814 0.11875 0.09537037037037037
12 0.5135416666666667 0.5726851851851852 0.12916666666666668 0.12685185185185185
