0 0.6447916666666667 0.7194444444444444 0.071875 0.21666666666666667
0 0.7059895833333333 0.7699074074074074 0.08697916666666666 0.2361111111111111
0 0.7427083333333333 0.7069444444444445 0.0625 0.16574074074074074
0 0.85859375 0.6694444444444444 0.0234375 0.0962962962962963
0 0.8981770833333333 0.6439814814814815 0.0140625 0.05462962962962963
0 0.9229166666666667 0.6611111111111111 0.017708333333333333 0.07962962962962963
2 0.6432291666666666 0.6412037037037037 0.03125 0.04351851851851852
2 0.6796875 0.6694444444444444 0.030208333333333334 0.03148148148148148
2 0.7223958333333333 0.638425925925926 0.027083333333333334 0.032407407407407406
2 0.746875 0.6393518518518518 0.027083333333333334 0.028703703703703703
2 0.8557291666666667 0.6273148148148148 0.009375 0.012037037037037037
2 0.9 0.6236111111111111 0.008333333333333333 0.012037037037037037
2 0.9174479166666667 0.6273148148148148 0.0067708333333333336 0.008333333333333333
1 0.64453125 0.7398148148148148 0.044270833333333336 0.11666666666666667
1 0.715625 0.7592592592592593 0.06354166666666666 0.11481481481481481
1 0.7440104166666667 0.7287037037037037 0.0484375 0.09259259259259259
1 0.9229166666666667 0.649537037037037 0.0125 0.03796296296296296
1 0.89765625 0.6458333333333334 0.009895833333333333 0.032407407407407406
3 0.87421875 0.8805555555555555 0.2515625 0.22407407407407406
4 0.540625 0.8824074074074074 0.371875 0.2351851851851852
8 0.9674479166666666 0.6824074074074075 0.0484375 0.06851851851851852
12 0.5231770833333333 0.5824074074074074 0.12552083333333333 0.1537037037037037
14 0.8609375 0.055092592592592596 0.11458333333333333 0.10277777777777777
