0 0.5895833333333333 0.612037037037037 0.6635416666666667 0.8240740740740741
0 0.6526041666666667 0.6935185185185185 0.7395833333333334 0.9444444444444444
0 0.69375 0.6157407407407407 0.7708333333333334 0.7925925925925926
0 0.8161458333333333 0.6083333333333333 0.846875 0.7175925925925926
0 0.8734375 0.6092592592592593 0.890625 0.6620370370370371
0 0.8979166666666667 0.6101851851851852 0.9161458333333333 0.6925925925925925
2 0.6166666666666667 0.6166666666666667 0.6458333333333334 0.6555555555555556
2 0.6989583333333333 0.6185185185185185 0.728125 0.6509259259259259
2 0.725 0.6129629629629629 0.74375 0.6453703703703704
2 0.6541666666666667 0.6898148148148148 0.6859375 0.7222222222222222
2 0.8265625 0.6166666666666667 0.8348958333333333 0.6277777777777778
2 0.8796875 0.6111111111111112 0.8869791666666667 0.6203703703703703
2 0.9015625 0.6101851851851852 0.9078125 0.6203703703703703
1 0.6041666666666666 0.674074074074074 0.6489583333333333 0.7953703703703704
1 0.6791666666666667 0.7333333333333333 0.7375 0.8351851851851851
1 0.709375 0.6777777777777778 0.7609375 0.7833333333333333
1 0.8760416666666667 0.6231481481481481 0.8880208333333334 0.6537037037037037
1 0.9 0.6231481481481481 0.9119791666666667 0.6555555555555556
3 0.7333333333333333 0.7694444444444445 1.0 0.9953703703703703
4 0.34322916666666664 0.7481481481481481 0.6963541666666667 1.0
8 0.9239583333333333 0.6361111111111111 0.9838541666666667 0.7046296296296296
12 0.44947916666666665 0.49907407407407406 0.5765625 0.6388888888888888
14 0.7901041666666667 0.000925925925925926 0.909375 0.10462962962962963
