0 0.5903645833333333 0.6939814814814815 0.043229166666666666 0.1287037037037037
0 0.63828125 0.7231481481481481 0.058854166666666666 0.2
0 0.70625 0.8550925925925926 0.08333333333333333 0.22685185185185186
0 0.6950520833333333 0.6856481481481481 0.059895833333333336 0.14907407407407408
0 0.784375 0.6680555555555555 0.03333333333333333 0.10648148148148148
0 0.8822916666666667 0.6375 0.016666666666666666 0.05462962962962963
0 0.9044270833333333 0.6541666666666667 0.018229166666666668 0.08055555555555556
2 0.5981770833333333 0.6421296296296296 0.024479166666666666 0.03981481481481482
2 0.6458333333333334 0.6509259259259259 0.03125 0.04814814814814815
2 0.6916666666666667 0.6356481481481482 0.023958333333333335 0.030555555555555555
2 0.7802083333333333 0.6231481481481481 0.008333333333333333 0.012962962962962963
2 0.6752604166666667 0.7606481481481482 0.015104166666666667 0.049074074074074076
2 0.8817708333333333 0.6175925925925926 0.007291666666666667 0.009259259259259259
2 0.90078125 0.6199074074074075 0.0067708333333333336 0.010185185185185186
1 0.71640625 0.7925925925925926 0.0484375 0.0962962962962963
1 0.6440104166666667 0.7398148148148148 0.034895833333333334 0.12222222222222222
1 0.5947916666666667 0.7078703703703704 0.03229166666666667 0.07685185185185185
1 0.88203125 0.6393518518518518 0.011979166666666667 0.03425925925925926
1 0.9033854166666667 0.6402777777777777 0.011979166666666667 0.030555555555555555
3 0.8638020833333333 0.8875 0.27239583333333334 0.2175925925925926
4 0.5247395833333334 0.874537037037037 0.3796875 0.25092592592592594
8 0.959375 0.6726851851851852 0.05520833333333333 0.06944444444444445
12 0.5098958333333333 0.5666666666666667 0.140625 0.13703703703703704
14 0.8515625 0.05092592592592592 0.10416666666666667 0.1
