0 0.065625 0.3398148148148148 0.19479166666666667 1.0
0 0.30833333333333335 0.3296296296296296 0.4395833333333333 0.937037037037037
2 0.09583333333333334 0.3416666666666667 0.15260416666666668 0.4101851851851852
2 0.35260416666666666 0.32407407407407407 0.39479166666666665 0.39814814814814814
1 0.07552083333333333 0.4648148148148148 0.17395833333333333 0.7203703703703703
1 0.32916666666666666 0.4148148148148148 0.40520833333333334 0.6212962962962963
3 0.0005208333333333333 0.5222222222222223 0.08854166666666667 0.8083333333333333
4 0.165625 0.5527777777777778 0.6572916666666667 0.9407407407407408
6 0.7463541666666667 0.38796296296296295 0.8713541666666667 0.6074074074074074
6 0.8635416666666667 0.3861111111111111 1.0 0.6638888888888889
7 0.5515625 0.3962962962962963 0.73125 0.5009259259259259
7 0.40520833333333334 0.4064814814814815 0.4765625 0.49166666666666664
7 0.04739583333333333 0.3888888888888889 0.27395833333333336 0.4925925925925926
12 0.2713541666666667 0.05555555555555555 0.484375 0.3
14 0.35104166666666664 0.3101851851851852 0.4744791666666667 0.33055555555555555
14 0.028645833333333332 0.05555555555555555 0.1453125 0.10740740740740741
