0 0.6236979166666666 0.7106481481481481 0.06927083333333334 0.19166666666666668
0 0.68515625 0.8175925925925925 0.09947916666666666 0.2074074074074074
0 0.7002604166666667 0.7087962962962963 0.06197916666666667 0.15092592592592594
0 0.7140625 0.674074074074074 0.029166666666666667 0.11851851851851852
0 0.80859375 0.6689814814814815 0.03177083333333333 0.10092592592592593
0 0.8755208333333333 0.6393518518518518 0.014583333333333334 0.05277777777777778
0 0.8984375 0.6541666666666667 0.015625 0.08425925925925926
2 0.6302083333333334 0.6370370370370371 0.027083333333333334 0.04814814814814815
2 0.696875 0.6541666666666667 0.022916666666666665 0.04351851851851852
2 0.709375 0.6347222222222222 0.017708333333333333 0.032407407407407406
2 0.6505208333333333 0.7398148148148148 0.019791666666666666 0.04814814814814815
2 0.8052083333333333 0.625462962962963 0.009375 0.012037037037037037
2 0.875 0.6185185185185185 0.007291666666666667 0.007407407407407408
2 0.89609375 0.6185185185185185 0.005729166666666666 0.009259259259259259
1 0.6260416666666667 0.7319444444444444 0.041666666666666664 0.12129629629629629
1 0.6973958333333333 0.7171296296296297 0.04479166666666667 0.075
1 0.7005208333333334 0.7902777777777777 0.05625 0.10092592592592593
1 0.8744791666666667 0.6412037037037037 0.010416666666666666 0.03425925925925926
1 0.8981770833333333 0.6416666666666667 0.011979166666666667 0.02962962962962963
3 0.8596354166666667 0.8912037037037037 0.28072916666666664 0.21203703703703702
4 0.5166666666666667 0.8777777777777778 0.365625 0.24444444444444444
8 0.9489583333333333 0.6800925925925926 0.05 0.07685185185185185
12 0.5057291666666667 0.5731481481481482 0.12708333333333333 0.13148148148148148
14 0.8403645833333333 0.05416666666666667 0.11197916666666667 0.10648148148148148
