0 0.6114583333333333 0.6990740740740741 0.084375 0.16111111111111112
0 0.7489583333333333 0.774537037037037 0.059375 0.3768518518518518
0 0.8234375 0.6958333333333333 0.06770833333333333 0.20833333333333334
0 0.8869791666666667 0.6995370370370371 0.059375 0.1935185185185185
0 0.8731770833333333 0.6509259259259259 0.016145833333333335 0.07407407407407407
0 0.9088541666666666 0.6402777777777777 0.011458333333333333 0.05277777777777778
2 0.6104166666666667 0.6351851851851852 0.023958333333333335 0.03518518518518519
2 0.7380208333333333 0.611574074074074 0.03229166666666667 0.03981481481481482
2 0.81875 0.6138888888888889 0.042708333333333334 0.03888888888888889
2 0.8966145833333333 0.6259259259259259 0.030729166666666665 0.03888888888888889
2 0.8736979166666666 0.6222222222222222 0.0078125 0.012962962962962963
2 0.9083333333333333 0.6194444444444445 0.007291666666666667 0.011111111111111112
1 0.6143229166666667 0.7189814814814814 0.0453125 0.10092592592592593
1 0.7484375 0.7157407407407408 0.052083333333333336 0.13703703703703704
1 0.8244791666666667 0.7226851851851852 0.04479166666666667 0.1287037037037037
3 0.8692708333333333 0.8935185185185185 0.25104166666666666 0.21296296296296297
4 0.5447916666666667 0.8759259259259259 0.3802083333333333 0.2388888888888889
8 0.9760416666666667 0.6787037037037037 0.04791666666666667 0.07037037037037037
12 0.5255208333333333 0.5643518518518519 0.12708333333333333 0.11574074074074074
14 0.8658854166666666 0.05277777777777778 0.12135416666666667 0.1037037037037037
