0 0.5703125 0.6851851851851852 0.05416666666666667 0.2
0 0.67578125 0.7587962962962963 0.06197916666666667 0.3731481481481482
0 0.746875 0.6759259259259259 0.06979166666666667 0.20925925925925926
0 0.9143229166666667 0.6782407407407407 0.0640625 0.18981481481481483
0 0.7794270833333333 0.6356481481481482 0.0171875 0.08425925925925926
0 0.7979166666666667 0.6393518518518518 0.01875 0.08611111111111111
0 0.8200520833333333 0.6203703703703703 0.015104166666666667 0.04814814814814815
2 0.56015625 0.6083333333333333 0.0265625 0.03148148148148148
2 0.66875 0.5921296296296297 0.03229166666666667 0.03796296296296296
2 0.7341145833333333 0.5921296296296297 0.0359375 0.032407407407407406
2 0.9265625 0.6013888888888889 0.03229166666666667 0.03981481481481482
2 0.78125 0.6018518518518519 0.00625 0.011111111111111112
2 0.7981770833333334 0.6023148148148149 0.0067708333333333336 0.010185185185185186
2 0.82109375 0.6027777777777777 0.008854166666666666 0.012962962962962963
1 0.5669270833333333 0.7050925925925926 0.03697916666666667 0.12129629629629629
1 0.6794270833333333 0.6972222222222222 0.049479166666666664 0.1388888888888889
1 0.75078125 0.7055555555555556 0.0515625 0.12962962962962962
1 0.7809895833333333 0.6268518518518519 0.011979166666666667 0.03518518518518519
1 0.81875 0.6212962962962963 0.010416666666666666 0.027777777777777776
3 0.83359375 0.8796296296296297 0.30885416666666665 0.24074074074074073
4 0.4674479166666667 0.8634259259259259 0.3796875 0.27314814814814814
8 0.88828125 0.6537037037037037 0.044270833333333336 0.07222222222222222
12 0.4544270833333333 0.5166666666666667 0.1265625 0.12777777777777777
14 0.7927083333333333 0.04675925925925926 0.103125 0.09166666666666666
