0 0.6299479166666667 0.700925925925926 0.06822916666666666 0.19814814814814816
0 0.7338541666666667 0.7787037037037037 0.059375 0.37777777777777777
0 0.8122395833333333 0.6893518518518519 0.0734375 0.21574074074074073
0 0.9088541666666666 0.700462962962963 0.065625 0.18425925925925926
0 0.8658854166666666 0.6546296296296297 0.0140625 0.08703703703703704
0 0.8536458333333333 0.6513888888888889 0.013541666666666667 0.0787037037037037
0 0.8924479166666667 0.6351851851851852 0.0171875 0.05
2 0.6286458333333333 0.6236111111111111 0.023958333333333335 0.03981481481481482
2 0.7244791666666667 0.6064814814814815 0.03229166666666667 0.037037037037037035
2 0.803125 0.6050925925925926 0.03333333333333333 0.03796296296296296
2 0.9260416666666667 0.6268518518518519 0.034375 0.04259259259259259
2 0.89375 0.6171296296296296 0.007291666666666667 0.012037037037037037
2 0.8635416666666667 0.6185185185185185 0.007291666666666667 0.011111111111111112
2 0.8559895833333333 0.6194444444444445 0.0067708333333333336 0.009259259259259259
1 0.6302083333333334 0.7240740740740741 0.042708333333333334 0.12222222222222222
1 0.7364583333333333 0.711574074074074 0.04895833333333333 0.13240740740740742
1 0.8130208333333333 0.7222222222222222 0.04791666666666667 0.13703703703703704
1 0.8546875 0.6439814814814815 0.008333333333333333 0.030555555555555555
1 0.8903645833333333 0.6388888888888888 0.009895833333333333 0.03148148148148148
3 0.865625 0.8851851851851852 0.26875 0.22592592592592592
4 0.52734375 0.8689814814814815 0.3723958333333333 0.262037037037037
8 0.9658854166666667 0.6726851851851852 0.050520833333333334 0.06944444444444445
12 0.5151041666666667 0.5564814814814815 0.125 0.12222222222222222
14 0.86484375 0.04953703703703704 0.11614583333333334 0.09722222222222222
