0 0.5416666666666666 0.6148148148148148 0.6578125 0.7870370370370371
0 0.7015625 0.5842592592592593 0.7661458333333333 0.9703703703703703
0 0.7447916666666666 0.5990740740740741 0.8067708333333333 0.8027777777777778
0 0.7739583333333333 0.5888888888888889 0.8098958333333334 0.6648148148148149
0 0.8541666666666666 0.6037037037037037 0.8755208333333333 0.7
0 0.884375 0.6037037037037037 0.9 0.6583333333333333
2 0.5973958333333333 0.6157407407407407 0.625 0.6527777777777778
2 0.7083333333333334 0.5851851851851851 0.7380208333333333 0.6222222222222222
2 0.7442708333333333 0.6018518518518519 0.7734375 0.6407407407407407
2 0.771875 0.6037037037037037 0.8020833333333334 0.6407407407407407
2 0.8578125 0.6037037037037037 0.8666666666666667 0.6185185185185185
2 0.8901041666666667 0.6018518518518519 0.8989583333333333 0.6148148148148148
1 0.5958333333333333 0.6768518518518518 0.64375 0.7731481481481481
1 0.7067708333333333 0.6416666666666667 0.7515625 0.774074074074074
1 0.7505208333333333 0.6564814814814814 0.7973958333333333 0.7851851851851852
1 0.8875 0.6148148148148148 0.8984375 0.6462962962962963
3 0.7348958333333333 0.7685185185185185 0.9916666666666667 1.0
4 0.35104166666666664 0.7509259259259259 0.7145833333333333 1.0
8 0.940625 0.6342592592592593 1.0 0.7046296296296296
12 0.44947916666666665 0.49722222222222223 0.5744791666666667 0.6388888888888888
14 0.8036458333333333 0.000925925925925926 0.9192708333333334 0.08796296296296297
