0 0.5997395833333333 0.6819444444444445 0.06302083333333333 0.1935185185185185
0 0.7020833333333333 0.7574074074074074 0.057291666666666664 0.3814814814814815
0 0.7760416666666666 0.6763888888888889 0.06979166666666667 0.19907407407407407
0 0.9075520833333334 0.6810185185185185 0.0609375 0.2064814814814815
0 0.81875 0.6402777777777777 0.014583333333333334 0.08425925925925926
0 0.83203125 0.637962962962963 0.016145833333333335 0.08333333333333333
0 0.8580729166666666 0.6370370370370371 0.016145833333333335 0.08148148148148149
2 0.5953125 0.6078703703703704 0.029166666666666667 0.03611111111111111
2 0.6986979166666667 0.5893518518518519 0.03177083333333333 0.03611111111111111
2 0.7666666666666667 0.5893518518518519 0.034375 0.030555555555555555
2 0.9171875 0.6055555555555555 0.034375 0.03518518518518519
2 0.8197916666666667 0.6037037037037037 0.007291666666666667 0.009259259259259259
2 0.8296875 0.6032407407407407 0.007291666666666667 0.012037037037037037
2 0.8604166666666667 0.6037037037037037 0.007291666666666667 0.012962962962962963
1 0.5994791666666667 0.700462962962963 0.04583333333333333 0.12129629629629629
1 0.7049479166666667 0.6976851851851852 0.0390625 0.1398148148148148
1 0.7796875 0.7 0.04583333333333333 0.13333333333333333
1 0.8192708333333333 0.6277777777777778 0.010416666666666666 0.03333333333333333
1 0.8567708333333334 0.624537037037037 0.011458333333333333 0.032407407407407406
3 0.8473958333333333 0.874537037037037 0.30520833333333336 0.2361111111111111
4 0.4947916666666667 0.8634259259259259 0.37916666666666665 0.27314814814814814
12 0.4861979166666667 0.5287037037037037 0.12552083333333333 0.11481481481481481
14 0.8325520833333333 0.047685185185185185 0.1015625 0.09351851851851851
