0 0.540625 0.6194444444444445 0.6567708333333333 0.7824074074074074
0 0.7161458333333334 0.5851851851851851 0.7822916666666667 0.9740740740740741
0 0.79375 0.5962962962962963 0.8578125 0.8074074074074075
0 0.8473958333333333 0.600925925925926 0.8807291666666667 0.7925925925925926
0 0.8802083333333334 0.6064814814814815 0.8901041666666667 0.6990740740740741
0 0.8692708333333333 0.612037037037037 0.8833333333333333 0.687962962962963
0 0.9005208333333333 0.6083333333333333 0.9171875 0.6638888888888889
2 0.5927083333333333 0.6175925925925926 0.621875 0.6601851851851852
2 0.7234375 0.5842592592592593 0.75625 0.6240740740740741
2 0.7994791666666666 0.6027777777777777 0.8354166666666667 0.6546296296296297
2 0.8510416666666667 0.6083333333333333 0.8791666666666667 0.649074074074074
2 0.875 0.6129629629629629 0.8807291666666667 0.6231481481481481
2 0.8807291666666667 0.6129629629629629 0.8875 0.6222222222222222
2 0.9046875 0.6101851851851852 0.9125 0.6185185185185185
1 0.590625 0.674074074074074 0.6385416666666667 0.7592592592592593
1 0.7260416666666667 0.6425925925925926 0.7760416666666666 0.7805555555555556
1 0.8 0.6537037037037037 0.8473958333333333 0.7842592592592592
1 0.9026041666666667 0.6203703703703703 0.9130208333333333 0.6518518518518519
3 0.7427083333333333 0.7703703703703704 1.0 1.0
4 0.3625 0.7518518518518519 0.7265625 1.0
8 0.9552083333333333 0.6509259259259259 1.0 0.7148148148148148
12 0.4661458333333333 0.5157407407407407 0.5901041666666667 0.6351851851851852
14 0.8151041666666666 0.000925925925925926 0.9291666666666667 0.0962962962962963
