0 0.5794270833333334 0.6837962962962963 0.05260416666666667 0.18981481481481483
0 0.6653645833333334 0.7620370370370371 0.0640625 0.3574074074074074
0 0.76015625 0.6842592592592592 0.06927083333333334 0.20185185185185187
0 0.7825520833333334 0.6435185185185185 0.0140625 0.07407407407407407
0 0.8106770833333333 0.6342592592592593 0.013020833333333334 0.05
0 0.82109375 0.6268518518518519 0.008854166666666666 0.04259259259259259
0 0.98828125 0.7189814814814814 0.0234375 0.16018518518518518
2 0.57265625 0.6078703703703704 0.027604166666666666 0.028703703703703703
2 0.6533854166666667 0.5990740740740741 0.028645833333333332 0.03518518518518519
2 0.746875 0.6032407407407407 0.03229166666666667 0.03796296296296296
2 0.7830729166666667 0.6125 0.008854166666666666 0.010185185185185186
2 0.8127604166666667 0.6148148148148148 0.0067708333333333336 0.009259259259259259
2 0.81953125 0.612037037037037 0.005729166666666666 0.011111111111111112
1 0.5786458333333333 0.7032407407407407 0.0375 0.10833333333333334
1 0.66796875 0.700925925925926 0.05572916666666667 0.1425925925925926
1 0.7596354166666667 0.712037037037037 0.05260416666666667 0.13333333333333333
1 0.7815104166666667 0.6393518518518518 0.011979166666666667 0.03425925925925926
3 0.8393229166666667 0.8824074074074074 0.3182291666666667 0.2351851851851852
4 0.478125 0.8560185185185185 0.38645833333333335 0.287962962962963
8 0.8916666666666667 0.6722222222222223 0.05416666666666667 0.07962962962962963
12 0.45390625 0.4828703703703704 0.1359375 0.16203703703703703
14 0.8046875 0.05740740740740741 0.090625 0.1
