0 0.5861979166666667 0.6810185185185185 0.05572916666666667 0.19166666666666668
0 0.65546875 0.7490740740740741 0.0609375 0.3388888888888889
0 0.7463541666666667 0.6828703703703703 0.07083333333333333 0.19907407407407407
0 0.7872395833333333 0.6449074074074074 0.021354166666666667 0.08796296296296297
0 0.8255208333333334 0.6222222222222222 0.009375 0.044444444444444446
0 0.83515625 0.6439814814814815 0.015104166666666667 0.07685185185185185
2 0.5786458333333333 0.6074074074074074 0.022916666666666665 0.03148148148148148
2 0.6432291666666666 0.5958333333333333 0.028125 0.032407407407407406
2 0.7291666666666666 0.6023148148148149 0.03333333333333333 0.03611111111111111
2 0.7861979166666667 0.6069444444444444 0.0067708333333333336 0.010185185185185186
2 0.8286458333333333 0.6060185185185185 0.00625 0.006481481481481481
2 0.8317708333333333 0.6097222222222223 0.00625 0.008333333333333333
1 0.5895833333333333 0.7041666666666667 0.042708333333333334 0.11388888888888889
1 0.6536458333333334 0.6953703703703704 0.04791666666666667 0.12777777777777777
1 0.7505208333333333 0.7125 0.05 0.12685185185185185
1 0.78515625 0.6337962962962963 0.013020833333333334 0.03425925925925926
3 0.8473958333333333 0.8842592592592593 0.30520833333333336 0.22777777777777777
4 0.4903645833333333 0.850462962962963 0.39010416666666664 0.29907407407407405
8 0.8963541666666667 0.6648148148148149 0.052083333333333336 0.07222222222222222
14 0.8057291666666667 0.049074074074074076 0.10729166666666666 0.0962962962962963
12 0.45807291666666666 0.43472222222222223 0.13072916666666667 0.16944444444444445
