0 0.6010416666666667 0.7037037037037037 0.05625 0.2111111111111111
0 0.65234375 0.7560185185185185 0.0578125 0.33611111111111114
0 0.721875 0.6925925925925925 0.065625 0.2037037037037037
0 0.784375 0.6574074074074074 0.020833333333333332 0.09814814814814815
0 0.82421875 0.6375 0.009895833333333333 0.05277777777777778
0 0.83203125 0.6564814814814814 0.0109375 0.07962962962962963
2 0.5927083333333333 0.6180555555555556 0.027083333333333334 0.03611111111111111
2 0.64765625 0.6060185185185185 0.030729166666666665 0.032407407407407406
2 0.7080729166666667 0.612037037037037 0.033854166666666664 0.040740740740740744
2 0.7838541666666666 0.6180555555555556 0.007291666666666667 0.010185185185185186
2 0.825 0.6162037037037037 0.007291666666666667 0.008333333333333333
2 0.8338541666666667 0.6222222222222222 0.007291666666666667 0.009259259259259259
1 0.5958333333333333 0.7148148148148148 0.034375 0.13518518518518519
1 0.65234375 0.7111111111111111 0.04739583333333333 0.12777777777777777
1 0.728125 0.725925925925926 0.051041666666666666 0.13703703703703704
1 0.7833333333333333 0.6467592592592593 0.0125 0.03796296296296296
3 0.8432291666666667 0.8898148148148148 0.30520833333333336 0.22037037037037038
4 0.4895833333333333 0.8583333333333333 0.384375 0.2833333333333333
8 0.8953125 0.6787037037037037 0.052083333333333336 0.05925925925925926
12 0.44765625 0.40925925925925927 0.13072916666666667 0.16666666666666666
14 0.80078125 0.05555555555555555 0.10677083333333333 0.10925925925925926
