0 0.578125 0.6037037037037037 0.6328125 0.8027777777777778
0 0.634375 0.5944444444444444 0.6901041666666666 0.9435185185185185
0 0.6942708333333333 0.587037037037037 0.7541666666666667 0.7944444444444444
0 0.7828125 0.6074074074074074 0.8036458333333333 0.7
0 0.828125 0.6129629629629629 0.8411458333333334 0.6675925925925926
0 0.8380208333333333 0.6194444444444445 0.85625 0.6935185185185185
2 0.5989583333333334 0.6027777777777777 0.6229166666666667 0.6351851851851852
2 0.6427083333333333 0.5935185185185186 0.66875 0.6240740740740741
2 0.6942708333333333 0.5916666666666667 0.7276041666666667 0.6287037037037037
2 0.7880208333333333 0.6148148148148148 0.7963541666666667 0.625
2 0.8276041666666667 0.6129629629629629 0.8354166666666667 0.6222222222222222
2 0.8479166666666667 0.6194444444444445 0.8552083333333333 0.6305555555555555
1 0.5854166666666667 0.6518518518518519 0.6229166666666667 0.7768518518518519
1 0.6416666666666667 0.65 0.6880208333333333 0.7777777777777778
1 0.7005208333333334 0.6546296296296297 0.7484375 0.7888888888888889
1 0.7854166666666667 0.6296296296296297 0.7979166666666667 0.6638888888888889
1 0.8302083333333333 0.6277777777777778 0.8390625 0.6574074074074074
3 0.7020833333333333 0.7870370370370371 1.0 0.9990740740740741
4 0.3067708333333333 0.7175925925925926 0.6828125 1.0
8 0.8770833333333333 0.65 0.9338541666666667 0.7148148148148148
12 0.37552083333333336 0.30185185185185187 0.5052083333333334 0.48703703703703705
14 0.75625 0.000925925925925926 0.8697916666666666 0.11018518518518519
