0 0.5927083333333333 0.6708333333333333 0.05625 0.18981481481481483
0 0.65859375 0.7361111111111112 0.05677083333333333 0.3388888888888889
0 0.7752604166666667 0.6703703703703704 0.06614583333333333 0.20925925925925926
0 0.8005208333333333 0.6356481481481482 0.015625 0.08981481481481482
0 0.82734375 0.6194444444444445 0.015104166666666667 0.044444444444444446
0 0.8364583333333333 0.6162037037037037 0.011458333333333333 0.05092592592592592
2 0.58515625 0.5912037037037037 0.0265625 0.030555555555555555
2 0.65234375 0.5847222222222223 0.03177083333333333 0.03611111111111111
2 0.7640625 0.5921296296296297 0.03333333333333333 0.03981481481481482
2 0.80078125 0.5976851851851852 0.0067708333333333336 0.012037037037037037
2 0.8283854166666667 0.6023148148148149 0.0067708333333333336 0.006481481481481481
2 0.8341145833333333 0.5958333333333333 0.005729166666666666 0.008333333333333333
1 0.5908854166666667 0.6925925925925925 0.03697916666666667 0.11666666666666667
1 0.6651041666666667 0.6884259259259259 0.04479166666666667 0.1398148148148148
1 0.7825520833333334 0.700462962962963 0.0515625 0.13055555555555556
1 0.79921875 0.624537037037037 0.013020833333333334 0.03425925925925926
3 0.8481770833333333 0.8736111111111111 0.30364583333333334 0.24537037037037038
4 0.49140625 0.8490740740740741 0.39739583333333334 0.30185185185185187
8 0.9065104166666667 0.6574074074074074 0.06302083333333333 0.06481481481481481
12 0.46953125 0.43842592592592594 0.13177083333333334 0.15648148148148147
14 0.8125 0.047685185185185185 0.109375 0.09351851851851851
