0 0.09259259259259259 0.5140625 0.17314814814814813 0.6046875
0 0.000925925925925926 0.5895833333333333 0.12407407407407407 0.6880208333333333
2 0.1259259259259259 0.5151041666666667 0.15833333333333333 0.5286458333333334
2 0.06388888888888888 0.5895833333333333 0.10925925925925926 0.6098958333333333
1 0.002777777777777778 0.6130208333333333 0.10925925925925926 0.6802083333333333
1 0.10185185185185185 0.5328125 0.1648148148148148 0.5854166666666667
12 0.20555555555555555 0.16822916666666668 0.31851851851851853 0.30625
9 0.049074074074074076 0.5932291666666667 0.3101851851851852 0.6854166666666667
14 0.2074074074074074 0.3098958333333333 0.2962962962962963 0.3385416666666667
14 0.2111111111111111 0.4161458333333333 0.2962962962962963 0.44427083333333334
14 0.5814814814814815 0.5286458333333334 0.7194444444444444 0.5421875
14 0.262037037037037 0.009895833333333333 0.3296296296296296 0.058333333333333334
