0 0.62421875 0.6509259259259259 0.05572916666666667 0.1962962962962963
0 0.6888020833333334 0.7203703703703703 0.059895833333333336 0.35
0 0.7479166666666667 0.7300925925925926 0.0625 0.375
0 0.8177083333333334 0.6050925925925926 0.020833333333333332 0.09537037037037037
0 0.8630208333333333 0.5995370370370371 0.0125 0.08796296296296297
0 0.8817708333333333 0.6018518518518519 0.021875 0.07962962962962963
3 0.8653645833333333 0.8587962962962963 0.26927083333333335 0.27314814814814814
4 0.5231770833333333 0.8097222222222222 0.37135416666666665 0.3638888888888889
2 0.62109375 0.575 0.025520833333333333 0.037037037037037035
2 0.68125 0.5643518518518519 0.03333333333333333 0.03611111111111111
2 0.73359375 0.5652777777777778 0.034895833333333334 0.04351851851851852
2 0.8169270833333333 0.5689814814814815 0.008854166666666666 0.012037037037037037
2 0.8661458333333333 0.562962962962963 0.007291666666666667 0.007407407407407408
2 0.878125 0.5666666666666667 0.007291666666666667 0.011111111111111112
8 0.9302083333333333 0.6291666666666667 0.04583333333333333 0.058333333333333334
1 0.6200520833333333 0.6712962962962963 0.0421875 0.10925925925925926
1 0.68984375 0.6652777777777777 0.05572916666666667 0.1361111111111111
1 0.75078125 0.6726851851851852 0.050520833333333334 0.14351851851851852
1 0.8166666666666667 0.5972222222222222 0.021875 0.04814814814814815
12 0.4265625 0.24861111111111112 0.12083333333333333 0.25462962962962965
