0 0.5994791666666667 0.5712962962962963 0.6541666666666667 0.7509259259259259
0 0.6645833333333333 0.5564814814814815 0.7177083333333333 0.9027777777777778
0 0.7161458333333334 0.5574074074074075 0.7786458333333334 0.9351851851851852
0 0.8109375 0.5740740740740741 0.8286458333333333 0.6666666666666666
0 0.8578125 0.5731481481481482 0.875 0.6546296296296297
0 0.8739583333333333 0.575925925925926 0.89375 0.65
3 0.7260416666666667 0.7407407407407407 1.0 0.9935185185185185
4 0.3463541666666667 0.6675925925925926 0.721875 0.9944444444444445
2 0.6140625 0.5712962962962963 0.6401041666666667 0.6046296296296296
2 0.6666666666666666 0.5611111111111111 0.6984375 0.5953703703703703
2 0.7140625 0.5574074074074075 0.7505208333333333 0.5981481481481481
2 0.8151041666666666 0.5731481481481482 0.8229166666666666 0.5888888888888889
2 0.8645833333333334 0.575 0.8697916666666666 0.5787037037037037
2 0.878125 0.575925925925926 0.8848958333333333 0.5851851851851851
1 0.6020833333333333 0.6268518518518519 0.6421875 0.7305555555555555
1 0.6645833333333333 0.6138888888888889 0.7166666666666667 0.75
1 0.7291666666666666 0.6185185185185185 0.7744791666666667 0.7490740740740741
1 0.8114583333333333 0.5916666666666667 0.825 0.637962962962963
12 0.35572916666666665 0.1787037037037037 0.47708333333333336 0.39537037037037037
14 0.8130208333333333 0.005555555555555556 0.8859375 0.058333333333333334
8 0.909375 0.6 0.9661458333333334 0.6787037037037037
