0 0.6229166666666667 0.6212962962962963 0.05520833333333333 0.1648148148148148
0 0.68671875 0.7037037037037037 0.059895833333333336 0.3537037037037037
0 0.7486979166666666 0.7125 0.06510416666666667 0.3787037037037037
0 0.81640625 0.5861111111111111 0.0171875 0.09074074074074075
0 0.8643229166666667 0.5824074074074074 0.0171875 0.08518518518518518
0 0.8830729166666667 0.5796296296296296 0.018229166666666668 0.08148148148148149
3 0.8627604166666667 0.850925925925926 0.27447916666666666 0.28888888888888886
4 0.53671875 0.7717592592592593 0.36302083333333335 0.3194444444444444
2 0.6184895833333334 0.5550925925925926 0.024479166666666666 0.032407407407407406
2 0.68046875 0.5453703703703704 0.0328125 0.03333333333333333
2 0.7346354166666667 0.5412037037037037 0.0359375 0.04537037037037037
2 0.81640625 0.5476851851851852 0.0078125 0.012037037037037037
2 0.8651041666666667 0.5439814814814815 0.008333333333333333 0.008333333333333333
2 0.88046875 0.5449074074074074 0.0078125 0.012037037037037037
8 0.92890625 0.600925925925926 0.043229166666666666 0.07037037037037037
1 0.61875 0.637962962962963 0.0375 0.08518518518518518
1 0.690625 0.6481481481481481 0.05520833333333333 0.1425925925925926
1 0.7502604166666667 0.6527777777777778 0.0515625 0.1537037037037037
12 0.4427083333333333 0.2013888888888889 0.12083333333333333 0.2638888888888889
