0 0.5807291666666666 0.6 0.6364583333333333 0.7972222222222223
0 0.6427083333333333 0.5898148148148148 0.6963541666666667 0.9361111111111111
0 0.6927083333333334 0.5916666666666667 0.7572916666666667 0.7861111111111111
0 0.7916666666666666 0.6083333333333333 0.8088541666666667 0.6972222222222222
0 0.8359375 0.6055555555555555 0.8494791666666667 0.6537037037037037
0 0.8541666666666666 0.612037037037037 0.8677083333333333 0.6907407407407408
2 0.5994791666666667 0.600925925925926 0.6239583333333333 0.6351851851851852
2 0.6505208333333333 0.5898148148148148 0.68125 0.6212962962962963
2 0.6947916666666667 0.5935185185185186 0.7270833333333333 0.6324074074074074
2 0.796875 0.6092592592592593 0.8041666666666667 0.6194444444444445
2 0.8364583333333333 0.6064814814814815 0.84375 0.6166666666666667
2 0.8604166666666667 0.612037037037037 0.8671875 0.6222222222222222
1 0.5880208333333333 0.6481481481481481 0.63125 0.7703703703703704
1 0.6458333333333334 0.6453703703703704 0.6932291666666667 0.7870370370370371
1 0.7015625 0.6527777777777778 0.7546875 0.7944444444444444
1 0.7942708333333334 0.625 0.8067708333333333 0.6601851851851852
1 0.8390625 0.6194444444444445 0.8494791666666667 0.649074074074074
3 0.7104166666666667 0.7851851851851852 0.9979166666666667 1.0
4 0.30520833333333336 0.7166666666666667 0.6947916666666667 1.0
12 0.37135416666666665 0.2814814814814815 0.4947916666666667 0.4462962962962963
14 0.7609375 0.000925925925925926 0.8697916666666666 0.10648148148148148
