0 0.62421875 0.6722222222222223 0.05572916666666667 0.17407407407407408
0 0.684375 0.7509259259259259 0.052083333333333336 0.35
0 0.7427083333333333 0.6759259259259259 0.06145833333333333 0.20555555555555555
0 0.8151041666666666 0.6388888888888888 0.016666666666666666 0.09074074074074075
0 0.8598958333333333 0.6208333333333333 0.013541666666666667 0.05092592592592592
0 0.8786458333333333 0.6365740740740741 0.016666666666666666 0.075
2 0.6203125 0.6055555555555555 0.027083333333333334 0.03333333333333333
2 0.6770833333333334 0.5944444444444444 0.028125 0.03518518518518519
2 0.7299479166666667 0.5958333333333333 0.034895833333333334 0.032407407407407406
2 0.8143229166666667 0.6032407407407407 0.0078125 0.010185185185185186
2 0.8580729166666666 0.6 0.005729166666666666 0.007407407407407408
2 0.87734375 0.6032407407407407 0.0078125 0.008333333333333333
1 0.6223958333333334 0.7013888888888888 0.041666666666666664 0.1175925925925926
1 0.6875 0.7046296296296296 0.04791666666666667 0.14074074074074075
1 0.7434895833333334 0.711574074074074 0.05260416666666667 0.13425925925925927
1 0.81484375 0.6305555555555555 0.015104166666666667 0.03518518518518519
1 0.8596354166666667 0.625 0.011979166666666667 0.03333333333333333
3 0.8635416666666667 0.8828703703703704 0.27291666666666664 0.22870370370370371
4 0.5140625 0.8351851851851851 0.37916666666666665 0.3296296296296296
8 0.9302083333333333 0.6592592592592592 0.05625 0.06851851851851852
12 0.4192708333333333 0.31527777777777777 0.12916666666666668 0.18611111111111112
14 0.82578125 0.047685185185185185 0.10885416666666667 0.09351851851851851
