0 0.590625 0.5916666666666667 0.6458333333333334 0.7833333333333333
0 0.65 0.5842592592592593 0.7052083333333333 0.9361111111111111
0 0.6984375 0.5768518518518518 0.7661458333333333 0.7907407407407407
0 0.7994791666666666 0.6018518518518519 0.8177083333333334 0.6916666666666667
0 0.8432291666666667 0.5990740740740741 0.8572916666666667 0.6509259259259259
0 0.8614583333333333 0.6055555555555555 0.8817708333333333 0.6833333333333333
2 0.5994791666666667 0.5962962962962963 0.6255208333333333 0.6268518518518519
2 0.65625 0.5824074074074074 0.6869791666666667 0.6157407407407407
2 0.7041666666666667 0.5842592592592593 0.7380208333333333 0.6231481481481481
2 0.8036458333333333 0.6027777777777777 0.8114583333333333 0.6138888888888889
2 0.8442708333333333 0.600925925925926 0.8515625 0.6092592592592593
2 0.8677083333333333 0.6055555555555555 0.8729166666666667 0.6138888888888889
1 0.5927083333333333 0.65 0.6411458333333333 0.7712962962962963
1 0.6520833333333333 0.6305555555555555 0.6984375 0.7768518518518519
1 0.7119791666666667 0.65 0.7619791666666667 0.7833333333333333
1 0.8005208333333333 0.6185185185185185 0.8130208333333333 0.6527777777777778
1 0.8447916666666667 0.6129629629629629 0.8557291666666667 0.6435185185185185
3 0.7072916666666667 0.7759259259259259 1.0 1.0
4 0.3203125 0.7046296296296296 0.6989583333333333 1.0
8 0.8932291666666666 0.625 0.9541666666666667 0.7037037037037037
14 0.7703125 0.000925925925925926 0.875 0.09074074074074075
12 0.359375 0.2611111111111111 0.48333333333333334 0.4166666666666667
