0 0.5880208333333333 0.5175925925925926 0.6453125 0.6675925925925926
0 0.6567708333333333 0.5055555555555555 0.7114583333333333 0.8592592592592593
0 0.709375 0.5027777777777778 0.7817708333333333 0.8740740740740741
0 0.8026041666666667 0.5148148148148148 0.8223958333333333 0.6101851851851852
0 0.8484375 0.5111111111111111 0.8666666666666667 0.5907407407407408
0 0.8703125 0.512962962962963 0.8859375 0.5962962962962963
3 0.71875 0.6861111111111111 1.0 0.9842592592592593
4 0.3614583333333333 0.5787037037037037 0.7166666666666667 0.9120370370370371
2 0.5989583333333334 0.5185185185185185 0.6229166666666667 0.549074074074074
2 0.6578125 0.5064814814814815 0.6890625 0.5407407407407407
2 0.7104166666666667 0.5018518518518519 0.7421875 0.5509259259259259
2 0.8057291666666667 0.5175925925925926 0.8145833333333333 0.5314814814814814
2 0.8520833333333333 0.512962962962963 0.8572916666666667 0.5212962962962963
2 0.8734375 0.5120370370370371 0.88125 0.525
8 0.8979166666666667 0.5407407407407407 0.9416666666666667 0.6138888888888889
1 0.5890625 0.5712962962962963 0.6322916666666667 0.649074074074074
1 0.6546875 0.5583333333333333 0.7088541666666667 0.6888888888888889
1 0.7182291666666667 0.562962962962963 0.7682291666666666 0.7074074074074074
12 0.3963541666666667 0.032407407407407406 0.515625 0.29907407407407405
