0 0.5953125 0.487962962962963 0.6557291666666667 0.6166666666666667
0 0.6640625 0.49074074074074076 0.7291666666666666 0.8583333333333333
0 0.7203125 0.4703703703703704 0.8078125 0.7361111111111112
0 0.8177083333333334 0.49722222222222223 0.8390625 0.5888888888888889
0 0.8666666666666667 0.49074074074074076 0.8822916666666667 0.5805555555555556
0 0.8859375 0.49074074074074076 0.9057291666666667 0.5833333333333334
2 0.6067708333333334 0.4935185185185185 0.6473958333333333 0.5453703703703704
2 0.6734375 0.49166666666666664 0.7098958333333333 0.5314814814814814
2 0.7302083333333333 0.48518518518518516 0.7640625 0.5361111111111111
2 0.8213541666666667 0.4962962962962963 0.8328125 0.5120370370370371
2 0.8703125 0.49166666666666664 0.8807291666666667 0.5092592592592593
2 0.8880208333333334 0.49166666666666664 0.896875 0.5092592592592593
1 0.6041666666666666 0.5555555555555556 0.64375 0.6148148148148148
1 0.6697916666666667 0.5407407407407407 0.7239583333333334 0.6731481481481482
1 0.7338541666666667 0.5444444444444444 0.79375 0.6805555555555556
1 0.8192708333333333 0.5138888888888888 0.8359375 0.5509259259259259
1 0.8635416666666667 0.5037037037037037 0.8796875 0.5453703703703704
12 0.434375 0.000925925925925926 0.596875 0.2490740740740741
3 0.7291666666666666 0.6185185185185185 1.0 0.9657407407407408
4 0.41822916666666665 0.5555555555555556 0.7328125 0.9018518518518519
8 0.9182291666666667 0.5148148148148148 0.9765625 0.5916666666666667
8 0.653125 0.575925925925926 0.678125 0.6157407407407407
6 0.10364583333333334 0.7231481481481481 0.2734375 0.8148148148148148
8 0.8505208333333333 0.5416666666666666 0.8802083333333334 0.5796296296296296
13 0.0010416666666666667 0.47129629629629627 0.4 0.6648148148148149
14 0.0010416666666666667 0.1 0.59375 0.34814814814814815
14 0.359375 0.5546296296296296 0.3885416666666667 0.6268518518518519
14 0.0005208333333333333 0.4564814814814815 0.29375 0.6620370370370371
