0 0.13203125 0.6893518518518519 0.050520833333333334 0.18796296296296297
0 0.2950520833333333 0.6833333333333333 0.0484375 0.2074074074074074
0 0.40703125 0.7564814814814815 0.07135416666666666 0.36666666666666664
0 0.528125 0.7402777777777778 0.05520833333333333 0.29907407407407405
0 0.6130208333333333 0.6569444444444444 0.06354166666666666 0.14537037037037037
2 0.1328125 0.6138888888888889 0.023958333333333335 0.03148148148148148
2 0.2950520833333333 0.5976851851851852 0.028645833333333332 0.030555555555555555
2 0.40182291666666664 0.5981481481481481 0.0421875 0.04259259259259259
2 0.5231770833333333 0.6111111111111112 0.0328125 0.04259259259259259
2 0.6135416666666667 0.6148148148148148 0.035416666666666666 0.05740740740740741
1 0.12864583333333332 0.6805555555555556 0.03854166666666667 0.08148148148148149
1 0.29348958333333336 0.6560185185185186 0.0359375 0.07314814814814814
1 0.4049479166666667 0.6921296296296297 0.0546875 0.1361111111111111
1 0.5263020833333333 0.7013888888888888 0.043229166666666666 0.11574074074074074
1 0.6075520833333333 0.6694444444444444 0.0484375 0.09074074074074075
12 0.7278645833333334 0.2199074074074074 0.1296875 0.287962962962963
3 0.44375 0.7731481481481481 0.140625 0.1425925925925926
7 0.5286458333333334 0.75 0.096875 0.1388888888888889
13 0.23984375 0.6453703703703704 0.47552083333333334 0.17407407407407408
13 0.8291666666666667 0.6884259259259259 0.3416666666666667 0.13796296296296295
14 0.018489583333333334 0.6027777777777777 0.019270833333333334 0.08148148148148149
14 0.008854166666666666 0.5162037037037037 0.016666666666666666 0.08055555555555556
14 0.27291666666666664 0.49675925925925923 0.040625 0.028703703703703703
