0 0.6283854166666667 0.5458333333333333 0.050520833333333334 0.08796296296296297
0 0.7013020833333333 0.6694444444444444 0.07239583333333334 0.362962962962963
0 0.7546875 0.6648148148148149 0.08229166666666667 0.37037037037037035
0 0.8151041666666666 0.5462962962962963 0.021875 0.09814814814814815
0 0.8614583333333333 0.5416666666666666 0.015625 0.08703703703703704
0 0.88203125 0.5402777777777777 0.019270833333333334 0.09166666666666666
2 0.6223958333333334 0.5305555555555556 0.03125 0.05185185185185185
2 0.69140625 0.5175925925925926 0.04114583333333333 0.04814814814814815
2 0.7356770833333334 0.5175925925925926 0.03697916666666667 0.053703703703703705
2 0.8140625 0.5120370370370371 0.0125 0.016666666666666666
2 0.8630208333333333 0.5092592592592593 0.011458333333333333 0.014814814814814815
2 0.8794270833333333 0.5074074074074074 0.008854166666666666 0.012962962962962963
1 0.6330729166666667 0.5736111111111111 0.033854166666666664 0.028703703703703703
1 0.6958333333333333 0.6087962962962963 0.052083333333333336 0.125
1 0.7591145833333334 0.6162037037037037 0.0578125 0.13055555555555556
1 0.8145833333333333 0.537962962962963 0.013541666666666667 0.037037037037037035
1 0.86015625 0.5268518518518519 0.0140625 0.037037037037037035
12 0.5453125 0.09675925925925925 0.16354166666666667 0.19166666666666668
3 0.8622395833333333 0.8078703703703703 0.2755208333333333 0.3175925925925926
4 0.5794270833333334 0.6893518518518519 0.3151041666666667 0.38055555555555554
8 0.934375 0.5611111111111111 0.057291666666666664 0.08333333333333333
10 0.6020833333333333 0.549537037037037 0.019791666666666666 0.04722222222222222
6 0.17239583333333333 0.7717592592592593 0.1625 0.09907407407407408
8 0.85390625 0.5662037037037037 0.0265625 0.041666666666666664
13 0.19140625 0.5768518518518518 0.3807291666666667 0.21851851851851853
14 0.28828125 0.22546296296296298 0.5755208333333334 0.23981481481481481
14 0.36354166666666665 0.5953703703703703 0.028125 0.07777777777777778
14 0.14296875 0.5587962962962963 0.2828125 0.22685185185185186
