0 0.6255208333333333 0.5703703703703704 0.053125 0.13518518518518519
0 0.6911458333333333 0.6648148148148149 0.058333333333333334 0.35185185185185186
0 0.7533854166666667 0.6680555555555555 0.06927083333333334 0.36944444444444446
0 0.8192708333333333 0.5416666666666666 0.01875 0.09259259259259259
0 0.8661458333333333 0.5296296296296297 0.022916666666666665 0.07777777777777778
0 0.8856770833333333 0.5356481481481481 0.019270833333333334 0.0824074074074074
3 0.8666666666666667 0.8111111111111111 0.26666666666666666 0.2962962962962963
4 0.571875 0.7337962962962963 0.346875 0.3175925925925926
2 0.6125 0.5231481481481481 0.027083333333333334 0.03518518518518519
2 0.68125 0.5092592592592593 0.03333333333333333 0.03333333333333333
2 0.73359375 0.5111111111111111 0.0359375 0.05185185185185185
2 0.8161458333333333 0.5050925925925925 0.008333333333333333 0.01574074074074074
2 0.8622395833333333 0.5009259259259259 0.009895833333333333 0.014814814814814815
2 0.8841145833333334 0.4981481481481482 0.0078125 0.012962962962962963
8 0.92890625 0.562962962962963 0.0328125 0.05555555555555555
1 0.61640625 0.5916666666666667 0.04739583333333333 0.07222222222222222
1 0.6893229166666667 0.6097222222222223 0.05364583333333333 0.1398148148148148
1 0.7565104166666666 0.6101851851851852 0.05572916666666667 0.14444444444444443
12 0.47213541666666664 0.12129629629629629 0.13072916666666667 0.21666666666666667
