0 0.5854166666666667 0.5083333333333333 0.6411458333333333 0.6407407407407407
0 0.6510416666666666 0.49166666666666664 0.7072916666666667 0.8435185185185186
0 0.7057291666666666 0.4861111111111111 0.7703125 0.8583333333333333
0 0.7953125 0.49722222222222223 0.8166666666666667 0.5888888888888889
0 0.8427083333333333 0.49074074074074076 0.8619791666666666 0.575925925925926
0 0.865625 0.4925925925925926 0.8817708333333333 0.5833333333333334
3 0.7192708333333333 0.6564814814814814 1.0 0.9583333333333334
4 0.3645833333333333 0.5851851851851851 0.7140625 0.8833333333333333
2 0.590625 0.5064814814814815 0.6161458333333333 0.537962962962963
2 0.6520833333333333 0.49166666666666664 0.6848958333333334 0.5277777777777778
2 0.7046875 0.4861111111111111 0.7385416666666667 0.5314814814814814
2 0.8005208333333333 0.4981481481481482 0.8088541666666667 0.5148148148148148
2 0.8453125 0.49166666666666664 0.8520833333333333 0.5074074074074074
2 0.8677083333333333 0.4925925925925926 0.8755208333333333 0.5055555555555555
8 0.8953125 0.5351851851851852 0.9375 0.5972222222222222
1 0.5864583333333333 0.5601851851851852 0.6265625 0.6416666666666667
1 0.6515625 0.5416666666666666 0.7052083333333333 0.675
1 0.7161458333333334 0.549074074074074 0.7703125 0.6824074074074075
12 0.39010416666666664 0.008333333333333333 0.5119791666666667 0.26944444444444443
