0 0.5768229166666666 0.9203703703703704 0.025520833333333333 0.09074074074074075
0 0.6015625 0.9416666666666667 0.040625 0.11666666666666667
0 0.6403645833333333 0.9310185185185185 0.06302083333333333 0.13796296296296295
0 0.6979166666666666 0.9106481481481481 0.028125 0.09907407407407408
0 0.7390625 0.9064814814814814 0.014583333333333334 0.09259259259259259
0 0.7578125 0.9092592592592592 0.022916666666666665 0.08333333333333333
2 0.57578125 0.8935185185185185 0.018229166666666668 0.05740740740740741
2 0.5973958333333333 0.9041666666666667 0.029166666666666667 0.06388888888888888
2 0.6385416666666667 0.8916666666666667 0.034375 0.06296296296296296
2 0.69609375 0.8763888888888889 0.011979166666666667 0.01574074074074074
2 0.7375 0.8708333333333333 0.0125 0.012037037037037037
2 0.7526041666666666 0.875462962962963 0.0125 0.021296296296296296
1 0.5958333333333333 0.9583333333333334 0.03854166666666667 0.05925925925925926
1 0.6484375 0.9606481481481481 0.042708333333333334 0.05277777777777778
1 0.69609375 0.9046296296296297 0.016145833333333335 0.04259259259259259
1 0.7385416666666667 0.8953703703703704 0.014583333333333334 0.03333333333333333
12 0.4166666666666667 0.1736111111111111 0.1625 0.27870370370370373
4 0.44505208333333335 0.7416666666666667 0.20572916666666666 0.2777777777777778
8 0.80859375 0.9337962962962963 0.0609375 0.0787037037037037
10 0.4908854166666667 0.9083333333333333 0.027604166666666666 0.05555555555555555
11 0.94921875 0.9296296296296296 0.0796875 0.07037037037037037
8 0.7346354166666667 0.9296296296296296 0.030729166666666665 0.03518518518518519
13 0.12239583333333333 0.9125 0.24375 0.16944444444444445
13 0.9671875 0.8541666666666666 0.065625 0.0712962962962963
8 0.5458333333333333 0.9648148148148148 0.04479166666666667 0.07037037037037037
14 0.23072916666666668 0.5615740740740741 0.459375 0.2212962962962963
14 0.2296875 0.9486111111111111 0.036458333333333336 0.08055555555555556
14 0.7013020833333333 0.33101851851851855 0.1109375 0.1287037037037037
14 0.9736979166666667 0.6527777777777778 0.0421875 0.06851851851851852
14 0.6966145833333334 0.04722222222222222 0.08489583333333334 0.09259259259259259
14 0.10625 0.8939814814814815 0.05 0.06574074074074074
14 0.9841145833333333 0.8601851851851852 0.0171875 0.018518518518518517
14 0.946875 0.8453703703703703 0.011458333333333333 0.027777777777777776
