0 0.2 0.6481481481481481 0.13541666666666666 0.7037037037037037
0 0.453125 0.5930555555555556 0.17708333333333334 0.6231481481481481
0 0.3411458333333333 0.600925925925926 0.04791666666666667 0.1
2 0.20104166666666667 0.3449074074074074 0.071875 0.08611111111111111
2 0.44166666666666665 0.33194444444444443 0.065625 0.0712962962962963
1 0.18541666666666667 0.5564814814814815 0.10416666666666667 0.26296296296296295
1 0.4453125 0.5023148148148148 0.11666666666666667 0.22870370370370371
12 0.509375 0.17222222222222222 0.2989583333333333 0.3388888888888889
3 0.20729166666666668 0.6199074074074075 0.21666666666666667 0.2972222222222222
3 0.08828125 0.5226851851851851 0.17447916666666666 0.33796296296296297
4 0.5927083333333333 0.7134259259259259 0.565625 0.5453703703703704
4 0.32421875 0.4837962962962963 0.17135416666666667 0.11388888888888889
7 0.784375 0.4083333333333333 0.078125 0.1037037037037037
7 0.94765625 0.44166666666666665 0.1046875 0.14444444444444443
14 0.8596354166666667 0.2916666666666667 0.28072916666666664 0.07592592592592592
