0 0.14722222222222223 0.5958333333333333 0.1388888888888889 0.10833333333333334
0 0.2199074074074074 0.5208333333333334 0.06759259259259259 0.10208333333333333
0 0.28564814814814815 0.51875 0.06759259259259259 0.08020833333333334
2 0.16203703703703703 0.5609375 0.05740740740740741 0.021875
2 0.23425925925925925 0.48411458333333335 0.037037037037037035 0.015104166666666667
2 0.28194444444444444 0.49375 0.03796296296296296 0.014583333333333334
1 0.2222222222222222 0.5216145833333333 0.06481481481481481 0.0484375
1 0.13287037037037036 0.60546875 0.09722222222222222 0.0671875
12 0.275 0.20885416666666667 0.2222222222222222 0.17291666666666666
3 0.9537037037037037 0.528125 0.09259259259259259 0.034375
11 0.8175925925925925 0.6953125 0.3648148148148148 0.121875
10 0.23796296296296296 0.6026041666666667 0.07407407407407407 0.03854166666666667
14 0.8638888888888889 0.48515625 0.2722222222222222 0.018229166666666668
14 0.25416666666666665 0.27734375 0.030555555555555555 0.028645833333333332
14 0.3962962962962963 0.29140625 0.11666666666666667 0.0359375
14 0.3907407407407407 0.20729166666666668 0.11481481481481481 0.04895833333333333
14 0.3907407407407407 0.39427083333333335 0.10740740740740741 0.03229166666666667
14 0.41759259259259257 0.014583333333333334 0.06296296296296296 0.028125
