0 0.6692708333333334 0.5037037037037037 0.725 0.8574074074074074
0 0.721875 0.48148148148148145 0.7973958333333333 0.7037037037037037
0 0.7869791666666667 0.5009259259259259 0.8083333333333333 0.5962962962962963
0 0.8333333333333334 0.5009259259259259 0.8505208333333333 0.5907407407407408
0 0.8473958333333333 0.5055555555555555 0.8734375 0.587037037037037
2 0.6661458333333333 0.4898148148148148 0.6994791666666667 0.5342592592592592
2 0.721875 0.4842592592592593 0.75625 0.5416666666666666
2 0.7880208333333333 0.5055555555555555 0.8 0.5231481481481481
2 0.8385416666666666 0.5037037037037037 0.8494791666666667 0.5203703703703704
2 0.8526041666666667 0.5055555555555555 0.8625 0.524074074074074
1 0.6802083333333333 0.5435185185185185 0.7223958333333333 0.6796296296296296
1 0.7322916666666667 0.5546296296296296 0.7963541666666667 0.6907407407407408
1 0.7859375 0.524074074074074 0.8052083333333333 0.5601851851851852
1 0.8333333333333334 0.5175925925925926 0.846875 0.5546296296296296
12 0.4708333333333333 0.002777777777777778 0.5807291666666666 0.10925925925925926
3 0.7182291666666667 0.6648148148148149 1.0 0.9666666666666667
4 0.40677083333333336 0.45092592592592595 0.696875 0.8
8 0.884375 0.524074074074074 0.9447916666666667 0.6055555555555555
6 0.06822916666666666 0.7157407407407408 0.23229166666666667 0.8342592592592593
8 0.8213541666666667 0.5509259259259259 0.8463541666666666 0.5879629629629629
13 0.0005208333333333333 0.48148148148148145 0.36041666666666666 0.6731481481481482
14 0.3265625 0.5518518518518518 0.36041666666666666 0.6333333333333333
14 0.0005208333333333333 0.08518518518518518 0.5630208333333333 0.34814814814814815
14 0.0010416666666666667 0.4462962962962963 0.2671875 0.6759259259259259
