0 0.5565104166666667 0.950925925925926 0.04114583333333333 0.09814814814814815
0 0.5981770833333333 0.9472222222222222 0.044270833333333336 0.10555555555555556
0 0.65546875 0.9486111111111111 0.030729166666666665 0.09722222222222222
0 0.6981770833333333 0.9416666666666667 0.021354166666666667 0.10185185185185185
0 0.7171875 0.9425925925925925 0.026041666666666668 0.08518518518518518
2 0.55546875 0.9351851851851852 0.027604166666666666 0.04814814814814815
2 0.59921875 0.9296296296296296 0.03802083333333333 0.05740740740740741
2 0.653125 0.9111111111111111 0.015625 0.020370370370370372
2 0.6963541666666667 0.9060185185185186 0.007291666666666667 0.017592592592592594
2 0.7138020833333333 0.9097222222222222 0.011979166666666667 0.021296296296296296
1 0.55859375 0.9828703703703704 0.0171875 0.03425925925925926
1 0.60078125 0.9847222222222223 0.034895833333333334 0.030555555555555555
1 0.65546875 0.9402777777777778 0.019270833333333334 0.04537037037037037
1 0.6966145833333334 0.9314814814814815 0.015104166666666667 0.03888888888888889
1 0.71328125 0.9342592592592592 0.0078125 0.03148148148148148
12 0.37161458333333336 0.15092592592592594 0.13385416666666666 0.2537037037037037
4 0.390625 0.6935185185185185 0.17604166666666668 0.2777777777777778
10 0.44635416666666666 0.9518518518518518 0.028125 0.06851851851851852
8 0.76484375 0.9606481481481481 0.059895833333333336 0.0787037037037037
11 0.9078125 0.9601851851851851 0.07083333333333333 0.06666666666666667
8 0.6942708333333333 0.9638888888888889 0.035416666666666666 0.03888888888888889
13 0.10286458333333333 0.9453703703703704 0.2046875 0.10925925925925926
13 0.9229166666666667 0.8796296296296297 0.07604166666666666 0.05740740740740741
14 0.16223958333333333 0.6324074074074074 0.3223958333333333 0.23703703703703705
14 0.18307291666666667 0.9805555555555555 0.03177083333333333 0.03888888888888889
14 0.6544270833333333 0.3648148148148148 0.1078125 0.13148148148148148
14 0.64453125 0.06481481481481481 0.08385416666666666 0.12777777777777777
14 0.92265625 0.6800925925925926 0.043229166666666666 0.07314814814814814
14 0.9640625 0.6078703703703704 0.041666666666666664 0.05648148148148148
14 0.9463541666666667 0.3425925925925926 0.028125 0.046296296296296294
14 0.8994791666666667 0.875462962962963 0.010416666666666666 0.019444444444444445
14 0.05572916666666667 0.9435185185185185 0.04791666666666667 0.05185185185185185
