0 0.5796875 0.7412037037037037 0.04479166666666667 0.27685185185185185
0 0.6263020833333334 0.725 0.0390625 0.337037037037037
0 0.6713541666666667 0.6620370370370371 0.07291666666666667 0.20185185185185187
0 0.7125 0.6148148148148148 0.022916666666666665 0.09259259259259259
0 0.7536458333333333 0.6013888888888889 0.015625 0.07314814814814814
0 0.77265625 0.6125 0.025520833333333333 0.0787037037037037
2 0.6247395833333333 0.5805555555555556 0.0296875 0.04814814814814815
2 0.6549479166666666 0.5814814814814815 0.03802083333333333 0.06111111111111111
2 0.71015625 0.5814814814814815 0.011979166666666667 0.018518518518518517
2 0.7565104166666666 0.5777777777777777 0.0109375 0.016666666666666666
2 0.7677083333333333 0.5824074074074074 0.010416666666666666 0.014814814814814815
1 0.5768229166666666 0.6842592592592592 0.03697916666666667 0.1111111111111111
1 0.6278645833333333 0.6791666666666667 0.0421875 0.13055555555555556
1 0.6744791666666666 0.6893518518518519 0.058333333333333334 0.1361111111111111
1 0.7098958333333333 0.6078703703703704 0.015625 0.03611111111111111
1 0.7533854166666667 0.600925925925926 0.0109375 0.03518518518518519
12 0.46796875 0.0375 0.09635416666666667 0.07314814814814814
3 0.76484375 0.8680555555555556 0.3359375 0.2638888888888889
4 0.4661458333333333 0.5773148148148148 0.228125 0.33425925925925926
8 0.8213541666666667 0.6347222222222222 0.052083333333333336 0.06759259259259259
8 0.74609375 0.637962962962963 0.024479166666666666 0.040740740740740744
6 0.06666666666666667 0.8162037037037037 0.13125 0.10277777777777777
11 0.9671875 0.6291666666666667 0.065625 0.05277777777777778
13 0.14088541666666668 0.6189814814814815 0.28072916666666664 0.2101851851851852
13 0.9752604166666666 0.5625 0.049479166666666664 0.05277777777777778
14 0.24635416666666668 0.2791666666666667 0.49166666666666664 0.25092592592592594
14 0.25885416666666666 0.649537037037037 0.034375 0.06944444444444445
14 0.9846354166666667 0.3560185185185185 0.030729166666666665 0.058333333333333334
14 0.73046875 0.04351851851851852 0.11197916666666667 0.08518518518518518
14 0.08828125 0.6037037037037037 0.17239583333333333 0.22592592592592592
