0 0.6416666666666667 0.5185185185185185 0.7010416666666667 0.8638888888888889
0 0.6916666666666667 0.5277777777777778 0.7630208333333334 0.725925925925926
0 0.7572916666666667 0.5370370370370371 0.7776041666666667 0.6324074074074074
0 0.8020833333333334 0.5333333333333333 0.8171875 0.6157407407407407
0 0.8177083333333334 0.537962962962963 0.8364583333333333 0.6268518518518519
2 0.6494791666666667 0.5166666666666667 0.6828125 0.5722222222222222
2 0.7 0.5222222222222223 0.7369791666666666 0.575925925925926
2 0.759375 0.537962962962963 0.7708333333333334 0.5546296296296296
2 0.8072916666666666 0.537962962962963 0.8182291666666667 0.5564814814814815
2 0.8161458333333333 0.5361111111111111 0.8307291666666666 0.5564814814814815
1 0.6463541666666667 0.5740740740740741 0.6958333333333333 0.7129629629629629
1 0.7005208333333334 0.5842592592592593 0.7640625 0.7222222222222222
1 0.75625 0.5564814814814815 0.7703125 0.5916666666666667
1 0.8 0.549074074074074 0.8151041666666666 0.5851851851851851
12 0.45364583333333336 0.004629629629629629 0.55 0.08888888888888889
3 0.6609375 0.6833333333333333 1.0 0.9953703703703703
4 0.4078125 0.42407407407407405 0.6619791666666667 0.7666666666666667
8 0.8447916666666667 0.562037037037037 0.9026041666666667 0.6444444444444445
6 0.034895833333333334 0.7361111111111112 0.1890625 0.8268518518518518
8 0.7885416666666667 0.5796296296296296 0.8151041666666666 0.6259259259259259
13 0.0015625 0.47962962962962963 0.3416666666666667 0.700925925925926
14 0.0010416666666666667 0.10740740740740741 0.5317708333333333 0.39444444444444443
14 0.30104166666666665 0.5703703703703704 0.32864583333333336 0.6527777777777778
14 0.7770833333333333 0.002777777777777778 0.8354166666666667 0.03981481481481482
14 0.0010416666666666667 0.44537037037037036 0.2265625 0.6777777777777778
