0 0.27317708333333335 0.9148148148148149 0.028645833333333332 0.17037037037037037
0 0.3067708333333333 0.9217592592592593 0.04479166666666667 0.15648148148148147
2 0.27395833333333336 0.8513888888888889 0.022916666666666665 0.03425925925925926
2 0.30052083333333335 0.8606481481481482 0.022916666666666665 0.03611111111111111
1 0.27291666666666664 0.9180555555555555 0.034375 0.09351851851851851
1 0.30572916666666666 0.9263888888888889 0.030208333333333334 0.09351851851851851
12 0.31640625 0.6611111111111111 0.10989583333333333 0.17407407407407408
10 0.88359375 0.9490740740740741 0.08177083333333333 0.10185185185185185
14 0.7216145833333333 0.21481481481481482 0.0234375 0.0962962962962963
14 0.8002604166666667 0.3527777777777778 0.05364583333333333 0.12222222222222222
