0 0.334375 0.6333333333333333 0.4036458333333333 1.0
0 0.390625 0.6657407407407407 0.43854166666666666 0.9925925925925926
2 0.35260416666666666 0.6324074074074074 0.3927083333333333 0.7111111111111111
2 0.3890625 0.6583333333333333 0.41302083333333334 0.7111111111111111
1 0.34322916666666664 0.7046296296296296 0.41302083333333334 0.8712962962962963
12 0.45416666666666666 0.013888888888888888 0.5744791666666667 0.24166666666666667
8 0.078125 0.7694444444444445 0.19791666666666666 0.9851851851851852
11 0.9145833333333333 0.725925925925926 0.9984375 1.0
13 0.025 0.6435185185185185 0.26614583333333336 0.7185185185185186
14 0.044270833333333336 0.33425925925925926 0.50625 0.6222222222222222
