0 0.45729166666666665 0.8305555555555556 0.49583333333333335 0.9564814814814815
0 0.44114583333333335 0.8583333333333333 0.48802083333333335 1.0
0 0.4869791666666667 0.8342592592592593 0.5427083333333333 1.0
0 0.8484375 0.7962962962962963 0.9239583333333333 1.0
0 0.5473958333333333 0.8175925925925925 0.5791666666666667 0.9175925925925926
0 0.5911458333333334 0.8157407407407408 0.6119791666666666 0.8972222222222223
0 0.6135416666666667 0.8231481481481482 0.6421875 0.9185185185185185
2 0.4473958333333333 0.862037037037037 0.47708333333333336 0.9175925925925926
2 0.459375 0.8435185185185186 0.48802083333333335 0.8935185185185185
2 0.4890625 0.8314814814814815 0.5234375 0.8907407407407407
2 0.5541666666666667 0.825 0.5671875 0.8425925925925926
2 0.5942708333333333 0.8194444444444444 0.60625 0.8361111111111111
2 0.6177083333333333 0.8194444444444444 0.6291666666666667 0.8425925925925926
2 0.8598958333333333 0.7944444444444444 0.9046875 0.8611111111111112
1 0.44479166666666664 0.9064814814814814 0.48541666666666666 0.9824074074074074
1 0.4713541666666667 0.8907407407407407 0.49114583333333334 0.9351851851851852
1 0.4869791666666667 0.8972222222222223 0.5333333333333333 0.9851851851851852
1 0.553125 0.8407407407407408 0.5713541666666667 0.8870370370370371
1 0.5953125 0.8314814814814815 0.609375 0.8703703703703703
12 0.184375 0.003703703703703704 0.30833333333333335 0.09259259259259259
4 0.19583333333333333 0.38425925925925924 0.35625 0.6842592592592592
10 0.3421875 0.8583333333333333 0.3703125 0.9222222222222223
8 0.6390625 0.8398148148148148 0.6911458333333333 0.9212962962962963
8 0.3921875 0.8944444444444445 0.4375 0.9722222222222222
11 0.7666666666666667 0.8268518518518518 0.8333333333333334 0.9009259259259259
8 0.5838541666666667 0.8712962962962963 0.6171875 0.9111111111111111
13 0.0005208333333333333 0.8787037037037037 0.1078125 1.0
13 0.7802083333333333 0.7657407407407407 0.8401041666666667 0.8231481481481482
14 0.5046875 0.2324074074074074 0.6140625 0.37037037037037035
14 0.0015625 0.47314814814814815 0.27447916666666666 0.6944444444444444
14 0.065625 0.9157407407407407 0.103125 1.0
14 0.7932291666666667 0.5685185185185185 0.8322916666666667 0.6296296296296297
14 0.8328125 0.5018518518518519 0.8744791666666667 0.5564814814814815
14 0.925 0.5972222222222222 0.9572916666666667 0.6416666666666667
14 0.8255208333333334 0.2574074074074074 0.8583333333333333 0.30277777777777776
14 0.5359375 0.002777777777777778 0.5890625 0.05740740740740741
