0 0.10208333333333333 0.3490740740740741 0.2546875 1.0
0 0.3927083333333333 0.3277777777777778 0.5515625 0.9851851851851852
0 0.3411458333333333 0.6166666666666667 0.4015625 0.7231481481481481
2 0.12135416666666667 0.3388888888888889 0.21666666666666667 0.47685185185185186
2 0.41302083333333334 0.3351851851851852 0.4859375 0.42407407407407405
1 0.10364583333333334 0.48518518518518516 0.21458333333333332 0.7842592592592592
1 0.39947916666666666 0.42407407407407405 0.5135416666666667 0.6898148148148148
12 0.3723958333333333 0.003703703703703704 0.6703125 0.39444444444444443
3 0.11614583333333334 0.5055555555555555 0.3380208333333333 0.8212962962962963
3 0.0015625 0.387037037037037 0.29791666666666666 0.7796296296296297
4 0.3265625 0.4601851851851852 0.8895833333333333 1.0
4 0.28229166666666666 0.462037037037037 0.4328125 0.5814814814814815
7 0.7880208333333333 0.3490740740740741 0.9010416666666666 0.4703703703703704
7 0.9567708333333333 0.3888888888888889 1.0 0.49444444444444446
14 0.7822916666666667 0.25925925925925924 1.0 0.3351851851851852
14 0.0005208333333333333 0.002777777777777778 0.009895833333333333 0.07222222222222222
