0 0.0890625 0.6615740740740741 0.165625 0.6768518518518518
0 0.43515625 0.6564814814814814 0.1453125 0.687037037037037
0 0.3419270833333333 0.6583333333333333 0.05677083333333333 0.1
2 0.06901041666666667 0.3736111111111111 0.0984375 0.10092592592592593
2 0.42421875 0.3638888888888889 0.06614583333333333 0.08518518518518518
1 0.06875 0.6097222222222223 0.10208333333333333 0.30648148148148147
1 0.4317708333333333 0.5694444444444444 0.115625 0.2796296296296296
12 0.4778645833333333 0.19583333333333333 0.2786458333333333 0.38981481481481484
3 0.19895833333333332 0.6398148148148148 0.20208333333333334 0.2851851851851852
3 0.15833333333333333 0.5356481481481481 0.315625 0.35462962962962963
4 0.5825520833333333 0.7296296296296296 0.5526041666666667 0.5407407407407407
4 0.33932291666666664 0.5050925925925925 0.13489583333333333 0.11388888888888889
7 0.6067708333333334 0.44212962962962965 0.13645833333333332 0.09907407407407408
7 0.88515625 0.5393518518518519 0.1921875 0.125
14 0.9104166666666667 0.31342592592592594 0.17916666666666667 0.058333333333333334
14 0.03307291666666667 0.020370370370370372 0.06510416666666667 0.03888888888888889
14 0.609375 0.08888888888888889 0.03125 0.037037037037037035
