0 0.3880208333333333 0.5962962962962963 0.215625 0.7425925925925926
2 0.3765625 0.27685185185185185 0.078125 0.11296296296296296
1 0.36276041666666664 0.48564814814814816 0.12135416666666667 0.2972222222222222
12 0.4015625 0.15138888888888888 0.3145833333333333 0.30092592592592593
3 0.17265625 0.5444444444444444 0.23072916666666668 0.2833333333333333
3 0.15755208333333334 0.4287037037037037 0.31302083333333336 0.36666666666666664
4 0.5552083333333333 0.674537037037037 0.5822916666666667 0.6509259259259259
7 0.6364583333333333 0.35 0.23229166666666667 0.15925925925925927
7 0.9518229166666666 0.3680555555555556 0.09635416666666667 0.10092592592592593
14 0.9627604166666667 0.21898148148148147 0.07447916666666667 0.058333333333333334
