0 0.2546875 0.24074074074074073 0.478125 1.0
2 0.3072916666666667 0.2638888888888889 0.390625 0.3592592592592593
1 0.26875 0.3888888888888889 0.4015625 0.6953703703703704
12 0.2552083333333333 0.000925925925925926 0.5682291666666667 0.36574074074074076
3 0.029166666666666667 0.44907407407407407 0.25625 0.7546296296296297
3 0.0010416666666666667 0.30185185185185187 0.2635416666666667 0.6546296296296297
4 0.2296875 0.41388888888888886 0.8046875 1.0
7 0.5302083333333333 0.35185185185185186 0.6791666666666667 0.4740740740740741
7 0.7822916666666667 0.43425925925925923 0.959375 0.5879629629629629
7 0.8307291666666666 0.36944444444444446 0.9255208333333333 0.47129629629629627
7 0.975 0.37777777777777777 1.0 0.5185185185185185
14 0.8270833333333333 0.2611111111111111 1.0 0.2962962962962963
14 0.5385416666666667 0.018518518518518517 0.6270833333333333 0.06851851851851852
