0 0.0953125 0.4935185185185185 0.1625 0.6898148148148148
0 0.3614583333333333 0.5222222222222223 0.41041666666666665 0.8055555555555556
0 0.4010416666666667 0.5185185185185185 0.471875 0.8342592592592593
0 0.7755208333333333 0.44722222222222224 0.9276041666666667 1.0
2 0.10677083333333333 0.49722222222222223 0.1375 0.5462962962962963
2 0.37395833333333334 0.5361111111111111 0.40572916666666664 0.575925925925926
2 0.4109375 0.5212962962962963 0.44114583333333335 0.562962962962963
2 0.8119791666666667 0.4444444444444444 0.884375 0.5398148148148149
1 0.3609375 0.575 0.40260416666666665 0.6805555555555556
1 0.4005208333333333 0.5601851851851852 0.4453125 0.6833333333333333
1 0.7875 0.5703703703703704 0.9119791666666667 0.825925925925926
12 0.31197916666666664 0.2388888888888889 0.42864583333333334 0.43333333333333335
3 0.25625 0.5990740740740741 0.36770833333333336 0.7944444444444444
3 0.4114583333333333 0.6129629629629629 0.5421875 0.762962962962963
7 0.5005208333333333 0.5509259259259259 0.6140625 0.6564814814814814
6 0.6359375 0.5435185185185185 0.953125 0.7287037037037037
13 0.9229166666666667 0.4703703703703704 1.0 0.5740740740740741
14 0.8734375 0.20185185185185187 1.0 0.3768518518518518
14 0.7661458333333333 0.09537037037037037 0.8213541666666667 0.18611111111111112
14 0.7208333333333333 0.2657407407407407 0.7442708333333333 0.3
14 0.16145833333333334 0.5037037037037037 0.4005208333333333 0.5472222222222223
