0 0.18125 0.4305555555555556 0.35572916666666665 1.0
2 0.19895833333333332 0.43333333333333335 0.29270833333333335 0.5453703703703704
1 0.1875 0.5638888888888889 0.33541666666666664 0.8796296296296297
12 0.1890625 0.012962962962962963 0.4828125 0.49907407407407406
3 0.06197916666666667 0.6194444444444445 0.31666666666666665 0.9333333333333333
3 0.0005208333333333333 0.48703703703703705 0.35208333333333336 0.7972222222222223
4 0.2984375 0.5805555555555556 0.7791666666666667 1.0
7 0.6463541666666667 0.48148148148148145 0.7630208333333334 0.5851851851851851
7 0.7208333333333333 0.4981481481481482 0.9036458333333334 0.6231481481481481
14 0.0015625 0.25925925925925924 0.06927083333333334 0.34814814814814815
14 0.0005208333333333333 0.3814814814814815 0.0453125 0.47685185185185186
14 0.790625 0.15555555555555556 0.9005208333333333 0.21666666666666667
