0 0.23411458333333332 0.6773148148148148 0.19427083333333334 0.6453703703703704
0 0.46979166666666666 0.525 0.084375 0.16666666666666666
2 0.20494791666666667 0.40925925925925927 0.08489583333333334 0.10740740740740741
2 0.45651041666666664 0.4689814814814815 0.0453125 0.05648148148148148
1 0.2171875 0.6347222222222222 0.12916666666666668 0.2916666666666667
1 0.46770833333333334 0.5412037037037037 0.075 0.08796296296296297
12 0.3296875 0.23425925925925925 0.3125 0.45925925925925926
3 0.22317708333333333 0.6921296296296297 0.2630208333333333 0.2972222222222222
4 0.4752604166666667 0.7736111111111111 0.4828125 0.4527777777777778
7 0.8609375 0.5657407407407408 0.2520833333333333 0.17037037037037037
14 0.09661458333333334 0.2222222222222222 0.19114583333333332 0.0962962962962963
14 0.07786458333333333 0.3523148148148148 0.1546875 0.14166666666666666
14 0.9645833333333333 0.17731481481481481 0.07083333333333333 0.06759259259259259
14 0.4427083333333333 0.10416666666666667 0.028125 0.09907407407407408
