0 0.32265625 0.6300925925925925 0.1765625 0.7398148148148148
2 0.31692708333333336 0.3263888888888889 0.0828125 0.12129629629629629
1 0.3182291666666667 0.5393518518518519 0.12708333333333333 0.2953703703703704
12 0.38333333333333336 0.1712962962962963 0.33541666666666664 0.34074074074074073
3 0.17421875 0.5907407407407408 0.20260416666666667 0.29814814814814816
3 0.19088541666666667 0.475462962962963 0.3776041666666667 0.4101851851851852
4 0.5377604166666666 0.6995370370370371 0.5088541666666667 0.600925925925926
7 0.6416666666666667 0.36944444444444446 0.12291666666666666 0.08888888888888889
7 0.7453125 0.4027777777777778 0.17395833333333333 0.08703703703703704
14 0.7635416666666667 0.026851851851851852 0.090625 0.05185185185185185
