0 0.32760416666666664 0.6027777777777777 0.3921875 1.0
0 0.3765625 0.6407407407407407 0.4328125 0.9638888888888889
2 0.34427083333333336 0.6055555555555555 0.3776041666666667 0.6796296296296296
2 0.371875 0.6407407407407407 0.39479166666666665 0.6805555555555556
1 0.3302083333333333 0.6731481481481482 0.40208333333333335 0.825
12 0.40572916666666664 0.004629629629629629 0.55 0.2212962962962963
8 0.06927083333333334 0.7287037037037037 0.1859375 0.937037037037037
11 0.8609375 0.7185185185185186 1.0 0.9981481481481481
13 0.011458333333333333 0.6083333333333333 0.2526041666666667 0.6907407407407408
14 0.025520833333333333 0.30925925925925923 0.4828125 0.5814814814814815
