0 0.41171875 0.5013888888888889 0.09427083333333333 0.38425925925925924
0 0.05 0.49212962962962964 0.09791666666666667 0.5657407407407408
2 0.41458333333333336 0.3435185185185185 0.04583333333333333 0.053703703703703705
1 0.02890625 0.4597222222222222 0.05677083333333333 0.2638888888888889
1 0.40520833333333334 0.4486111111111111 0.06770833333333333 0.14722222222222223
12 0.09401041666666667 0.11157407407407408 0.18697916666666667 0.21574074074074073
3 0.11875 0.5578703703703703 0.18541666666666667 0.2675925925925926
4 0.18671875 0.6935185185185185 0.37135416666666665 0.6129629629629629
7 0.8544270833333333 0.5078703703703704 0.24635416666666668 0.1675925925925926
6 0.43828125 0.6282407407407408 0.0609375 0.06574074074074074
14 0.11067708333333333 0.12175925925925926 0.21927083333333333 0.1175925925925926
14 0.23020833333333332 0.1398148148148148 0.03229166666666667 0.06666666666666667
14 0.13958333333333334 0.2550925925925926 0.13125 0.125
14 0.48411458333333335 0.03287037037037037 0.06510416666666667 0.06388888888888888
