0 0.17708333333333334 0.38333333333333336 0.35052083333333334 1.0
0 0.5135416666666667 0.412962962962963 0.6151041666666667 0.6861111111111111
2 0.18333333333333332 0.3851851851851852 0.25625 0.48703703703703705
2 0.53125 0.4083333333333333 0.575 0.4759259259259259
1 0.5260416666666666 0.4759259259259259 0.5958333333333333 0.6148148148148148
1 0.19583333333333333 0.49907407407407406 0.31302083333333336 0.7796296296296297
12 0.18125 0.002777777777777778 0.4765625 0.4462962962962963
3 0.271875 0.5592592592592592 0.4401041666666667 0.8611111111111112
4 0.2859375 0.5509259259259259 0.6880208333333333 1.0
7 0.9052083333333333 0.4425925925925926 1.0 0.5740740740740741
6 0.06354166666666666 0.42685185185185187 0.19322916666666667 0.5092592592592593
6 0.0015625 0.42407407407407405 0.04895833333333333 0.5166666666666667
13 0.0015625 0.3787037037037037 0.16979166666666667 0.48148148148148145
14 0.0005208333333333333 0.23981481481481481 0.340625 0.325
14 0.16770833333333332 0.3675925925925926 0.3145833333333333 0.4564814814814815
14 0.5421875 0.07777777777777778 0.6078125 0.15925925925925927
14 0.0005208333333333333 0.075 0.027083333333333334 0.13518518518518519
