0 0.49114583333333334 0.7476851851851852 0.09583333333333334 0.3861111111111111
0 0.58671875 0.7574074074074074 0.0828125 0.29814814814814816
2 0.4861979166666667 0.5847222222222223 0.04635416666666667 0.06388888888888888
2 0.56328125 0.6337962962962963 0.03177083333333333 0.05092592592592592
1 0.48671875 0.6888888888888889 0.06822916666666666 0.14444444444444443
1 0.59140625 0.6819444444444445 0.058854166666666666 0.10092592592592593
12 0.37734375 0.3402777777777778 0.1390625 0.32314814814814813
3 0.22005208333333334 0.8953703703703704 0.43802083333333336 0.20925925925925926
4 0.27421875 0.774537037037037 0.3609375 0.21944444444444444
6 0.5408854166666667 0.7587962962962963 0.050520833333333334 0.06574074074074074
13 0.4981770833333333 0.6129629629629629 0.6973958333333333 0.2222222222222222
14 0.5440104166666667 0.22870370370370371 0.9119791666666667 0.32222222222222224
14 0.39427083333333335 0.4166666666666667 0.21666666666666667 0.13333333333333333
14 0.8223958333333333 0.6106481481481482 0.04375 0.07685185185185185
14 0.80078125 0.5435185185185185 0.059895833333333336 0.05
14 0.21354166666666666 0.5430555555555555 0.1125 0.11203703703703703
14 0.6151041666666667 0.5370370370370371 0.18645833333333334 0.15555555555555556
