0 0.11510416666666666 0.5546296296296296 0.19635416666666666 0.7574074074074074
0 0.44895833333333335 0.5509259259259259 0.46875 0.6953703703703704
0 0.44479166666666664 0.5583333333333333 0.525 0.8657407407407407
0 0.8661458333333333 0.4842592592592593 1.0 0.9953703703703703
2 0.134375 0.562037037037037 0.16822916666666668 0.6027777777777777
2 0.4640625 0.5611111111111111 0.48802083333333335 0.6027777777777777
2 0.45208333333333334 0.5777777777777777 0.46875 0.6092592592592593
2 0.9265625 0.4759259259259259 0.9838541666666667 0.5898148148148148
1 0.4453125 0.6148148148148148 0.5072916666666667 0.7324074074074074
1 0.8828125 0.600925925925926 1.0 0.8601851851851852
12 0.3260416666666667 0.29074074074074074 0.4401041666666667 0.5018518518518519
3 0.284375 0.6592592592592592 0.4036458333333333 0.8648148148148148
3 0.40989583333333335 0.6583333333333333 0.571875 0.812962962962963
7 0.515625 0.6046296296296296 0.6348958333333333 0.6805555555555556
7 0.24947916666666667 0.6305555555555555 0.3020833333333333 0.6768518518518518
7 0.30572916666666666 0.6157407407407407 0.390625 0.6805555555555556
7 0.390625 0.6287037037037037 0.4317708333333333 0.6851851851851852
6 0.6520833333333333 0.5805555555555556 0.9348958333333334 0.7518518518518519
14 0.19583333333333333 0.5481481481481482 0.4078125 0.5916666666666667
14 0.8828125 0.23055555555555557 1.0 0.39537037037037037
14 0.7651041666666667 0.12222222222222222 0.8265625 0.20925925925925926
14 0.7239583333333334 0.2916666666666667 0.7453125 0.3314814814814815
