0 0.09537037037037037 0.5916666666666667 0.23055555555555557 0.70625
0 0.225 0.5255208333333333 0.31296296296296294 0.6130208333333333
0 0.325 0.521875 0.3925925925925926 0.5666666666666667
2 0.1527777777777778 0.5979166666666667 0.21296296296296297 0.6208333333333333
2 0.2518518518518518 0.5234375 0.29259259259259257 0.5390625
2 0.33611111111111114 0.5296875 0.37777777777777777 0.546875
1 0.09537037037037037 0.6197916666666666 0.2 0.6848958333333334
1 0.22777777777777777 0.5421875 0.2962962962962963 0.5958333333333333
1 0.32685185185185184 0.5458333333333333 0.35833333333333334 0.5651041666666666
12 0.14814814814814814 0.16770833333333332 0.39444444444444443 0.3416666666666667
11 0.5731481481481482 0.6708333333333333 1.0 0.8302083333333333
10 0.22407407407407406 0.6291666666666667 0.2898148148148148 0.6661458333333333
8 0.48148148148148145 0.5765625 0.65 0.6635416666666667
14 0.825 0.5078125 1.0 0.5302083333333333
14 0.33796296296296297 0.3072916666666667 0.38333333333333336 0.3375
14 0.43703703703703706 0.3151041666666667 0.5407407407407407 0.3484375
14 0.4324074074074074 0.42135416666666664 0.5546296296296296 0.44895833333333335
14 0.42685185185185187 0.0171875 0.5351851851851852 0.06927083333333334
14 0.4305555555555556 0.2265625 0.5388888888888889 0.27291666666666664
