0 0.5393229166666667 0.7189814814814814 0.08385416666666666 0.4398148148148148
0 0.66328125 0.7152777777777778 0.10885416666666667 0.3435185185185185
0 0.4473958333333333 0.5259259259259259 0.03125 0.15
2 0.5419270833333333 0.5462962962962963 0.044270833333333336 0.05925925925925926
2 0.6325520833333333 0.5777777777777777 0.030729166666666665 0.046296296296296294
2 0.98359375 0.5361111111111111 0.0234375 0.03333333333333333
0 0.9838541666666667 0.5986111111111111 0.03229166666666667 0.15648148148148147
1 0.53671875 0.6583333333333333 0.0609375 0.1648148148148148
1 0.66328125 0.6425925925925926 0.058854166666666666 0.12407407407407407
1 0.4427083333333333 0.5018518518518519 0.025 0.05555555555555555
12 0.4278645833333333 0.27824074074074073 0.12864583333333332 0.2916666666666667
3 0.2359375 0.8851851851851852 0.46875 0.22962962962962963
4 0.33489583333333334 0.7805555555555556 0.40208333333333335 0.31666666666666665
6 0.6192708333333333 0.7263888888888889 0.06666666666666667 0.06944444444444445
6 0.21197916666666666 0.6851851851851852 0.42291666666666666 0.23148148148148148
13 0.6111979166666667 0.562037037037037 0.7192708333333333 0.21296296296296297
14 0.59296875 0.1865740740740741 0.8140625 0.3527777777777778
14 0.49296875 0.3736111111111111 0.2140625 0.1287037037037037
14 0.9174479166666667 0.5050925925925925 0.06614583333333333 0.058333333333333334
14 0.9315104166666667 0.575 0.044270833333333336 0.09444444444444444
14 0.31145833333333334 0.49907407407407406 0.11041666666666666 0.12777777777777777
14 0.7263020833333333 0.49537037037037035 0.19635416666666666 0.1574074074074074
