0 0.29401041666666666 0.575925925925926 0.0609375 0.45555555555555555
0 0.33177083333333335 0.6083333333333333 0.103125 0.5259259259259259
0 0.32473958333333336 0.39675925925925926 0.016145833333333335 0.0787037037037037
0 0.4356770833333333 0.40694444444444444 0.0171875 0.08611111111111111
0 0.5166666666666667 0.42407407407407405 0.025 0.10555555555555556
2 0.30364583333333334 0.38564814814814813 0.040625 0.05648148148148148
2 0.34817708333333336 0.38842592592592595 0.044270833333333336 0.06759259259259259
2 0.32395833333333335 0.3685185185185185 0.010416666666666666 0.018518518518518517
2 0.4348958333333333 0.375 0.008333333333333333 0.016666666666666666
2 0.5145833333333333 0.3837962962962963 0.015625 0.021296296296296296
1 0.28567708333333336 0.5027777777777778 0.043229166666666666 0.16296296296296298
1 0.33151041666666664 0.5328703703703703 0.08489583333333334 0.22314814814814815
1 0.32421875 0.3958333333333333 0.011979166666666667 0.041666666666666664
1 0.43385416666666665 0.39166666666666666 0.0125 0.027777777777777776
1 0.5158854166666667 0.4078703703703704 0.013020833333333334 0.03611111111111111
12 0.5052083333333334 0.19027777777777777 0.15416666666666667 0.3435185185185185
3 0.8057291666666667 0.562962962962963 0.18958333333333333 0.2074074074074074
3 0.95546875 0.5601851851851852 0.0890625 0.20925925925925926
4 0.503125 0.7472222222222222 0.5104166666666666 0.5055555555555555
4 0.9401041666666666 0.6263888888888889 0.11979166666666667 0.18611111111111112
4 0.7052083333333333 0.44212962962962965 0.071875 0.06759259259259259
6 0.05234375 0.37407407407407406 0.1015625 0.06481481481481481
6 0.6033854166666667 0.425462962962963 0.13697916666666668 0.06574074074074074
6 0.9401041666666666 0.7351851851851852 0.06979166666666667 0.08148148148148149
13 0.6330729166666667 0.38842592592592595 0.1765625 0.05648148148148148
14 0.44557291666666665 0.2638888888888889 0.8901041666666667 0.09259259259259259
14 0.9018229166666667 0.2662037037037037 0.04114583333333333 0.08611111111111111
14 0.5942708333333333 0.1037037037037037 0.036458333333333336 0.05555555555555555
14 0.40859375 0.33055555555555555 0.10364583333333334 0.046296296296296294
14 0.76875 0.3824074074074074 0.12708333333333333 0.10925925925925926
