0 0.09557291666666666 0.3449074074074074 0.1546875 0.30092592592592593
0 0.76640625 0.5745370370370371 0.10989583333333333 0.2324074074074074
0 0.02421875 0.27314814814814814 0.0203125 0.07962962962962963
0 0.09765625 0.28425925925925927 0.0203125 0.08518518518518518
0 0.19895833333333332 0.30787037037037035 0.022916666666666665 0.10462962962962963
2 0.05546875 0.23564814814814813 0.06197916666666667 0.0712962962962963
2 0.7296875 0.4962962962962963 0.03125 0.07592592592592592
2 0.09583333333333334 0.25416666666666665 0.013541666666666667 0.01574074074074074
2 0.19869791666666667 0.27037037037037037 0.011979166666666667 0.022222222222222223
1 0.06302083333333333 0.39814814814814814 0.07708333333333334 0.2
1 0.77265625 0.5268518518518519 0.07239583333333334 0.1
1 0.0265625 0.2675925925925926 0.009375 0.02962962962962963
1 0.09505208333333333 0.2773148148148148 0.0109375 0.028703703703703703
1 0.19739583333333333 0.29583333333333334 0.014583333333333334 0.03981481481481482
12 0.18515625 0.14074074074074075 0.14010416666666667 0.2740740740740741
3 0.49635416666666665 0.4393518518518518 0.15625 0.16018518518518518
3 0.6768229166666667 0.4148148148148148 0.18072916666666666 0.10555555555555556
4 0.23333333333333334 0.6856481481481481 0.46458333333333335 0.6287037037037037
6 0.61171875 0.6157407407407407 0.0734375 0.07777777777777778
6 0.26145833333333335 0.3087962962962963 0.06979166666666667 0.0712962962962963
6 0.375 0.33055555555555555 0.13333333333333333 0.07962962962962963
13 0.33697916666666666 0.2824074074074074 0.12916666666666668 0.06666666666666667
14 0.2833333333333333 0.15462962962962962 0.565625 0.11666666666666667
14 0.5755208333333334 0.19074074074074074 0.034375 0.06851851851851852
14 0.8354166666666667 0.02962962962962963 0.07083333333333333 0.05740740740740741
14 0.4578125 0.28888888888888886 0.10416666666666667 0.09259259259259259
14 0.109375 0.21203703703703702 0.04895833333333333 0.04259259259259259
14 0.05182291666666667 0.20601851851851852 0.0703125 0.041666666666666664
