0 0.39537037037037037 0.73046875 0.15555555555555556 0.11927083333333334
0 0.5217592592592593 0.6518229166666667 0.11574074074074074 0.12239583333333333
0 0.6263888888888889 0.6354166666666666 0.0712962962962963 0.051041666666666666
2 0.4060185185185185 0.690625 0.05462962962962963 0.023958333333333335
2 0.5055555555555555 0.6127604166666667 0.044444444444444446 0.019270833333333334
2 0.6300925925925925 0.6208333333333333 0.04722222222222222 0.016666666666666666
1 0.37546296296296294 0.7380208333333333 0.10648148148148148 0.071875
1 0.5027777777777778 0.6479166666666667 0.06666666666666667 0.042708333333333334
1 0.6273148148148148 0.64296875 0.05648148148148148 0.024479166666666666
12 0.47824074074074074 0.3419270833333333 0.22685185185185186 0.1640625
4 0.15185185185185185 0.6356770833333333 0.08888888888888889 0.0296875
4 0.03564814814814815 0.6348958333333333 0.030555555555555555 0.023958333333333335
8 0.7962962962962963 0.7057291666666666 0.21666666666666667 0.07916666666666666
11 0.8833333333333333 0.8393229166666667 0.23333333333333334 0.16197916666666667
10 0.48564814814814816 0.73359375 0.058333333333333334 0.04114583333333333
6 0.08194444444444444 0.6356770833333333 0.0712962962962963 0.033854166666666664
13 0.019444444444444445 0.6104166666666667 0.037037037037037035 0.036458333333333336
14 0.13842592592592592 0.5533854166666666 0.275 0.05572916666666667
14 0.6361111111111111 0.40260416666666665 0.06296296296296296 0.03125
14 0.7675925925925926 0.4109375 0.11481481481481481 0.03229166666666667
14 0.7699074074074074 0.32864583333333336 0.10277777777777777 0.035416666666666666
14 0.7606481481481482 0.134375 0.11203703703703703 0.04895833333333333
14 0.7842592592592592 0.5145833333333333 0.12777777777777777 0.03333333333333333
14 0.12453703703703704 0.60546875 0.18796296296296297 0.050520833333333334
14 0.32083333333333336 0.6130208333333333 0.08796296296296297 0.017708333333333333
