0 0.28671875 0.399537037037037 0.03697916666666667 0.11018518518518519
0 0.30963541666666666 0.6143518518518518 0.10677083333333333 0.5453703703703704
0 0.36041666666666666 0.4050925925925926 0.017708333333333333 0.09351851851851851
0 0.38776041666666666 0.39675925925925926 0.021354166666666667 0.07685185185185185
0 0.4671875 0.40185185185185185 0.022916666666666665 0.09259259259259259
0 0.5440104166666667 0.4097222222222222 0.034895833333333334 0.1175925925925926
2 0.2875 0.38935185185185184 0.022916666666666665 0.05277777777777778
2 0.3151041666666667 0.38796296296296295 0.04375 0.06851851851851852
2 0.35989583333333336 0.37407407407407406 0.009375 0.018518518518518517
2 0.38958333333333334 0.37407407407407406 0.009375 0.018518518518518517
2 0.46328125 0.3712962962962963 0.0078125 0.014814814814814815
2 0.5416666666666666 0.37222222222222223 0.014583333333333334 0.022222222222222223
1 0.30494791666666665 0.5481481481481482 0.0859375 0.2
1 0.35989583333333336 0.4013888888888889 0.013541666666666667 0.03796296296296296
1 0.39010416666666664 0.3958333333333333 0.013541666666666667 0.030555555555555555
1 0.4630208333333333 0.3925925925925926 0.0125 0.02962962962962963
1 0.54140625 0.39861111111111114 0.016145833333333335 0.03796296296296296
12 0.5057291666666667 0.2023148148148148 0.128125 0.36203703703703705
3 0.8283854166666667 0.524074074074074 0.19635416666666666 0.1814814814814815
3 0.96015625 0.4962962962962963 0.0796875 0.18333333333333332
2 0.9856770833333334 0.4273148148148148 0.028645833333333332 0.05462962962962963
0 0.984375 0.4439814814814815 0.03125 0.08981481481481482
4 0.5078125 0.7421296296296296 0.5145833333333333 0.5157407407407407
4 0.95546875 0.5569444444444445 0.0890625 0.125
4 0.7359375 0.4097222222222222 0.078125 0.06388888888888888
6 0.06875 0.40324074074074073 0.13333333333333333 0.04351851851851852
6 0.5963541666666666 0.40694444444444444 0.06354166666666666 0.06759259259259259
6 0.6734375 0.4060185185185185 0.053125 0.062037037037037036
6 0.96171875 0.6925925925925925 0.0734375 0.07962962962962963
13 0.6635416666666667 0.36712962962962964 0.15416666666666667 0.06388888888888888
14 0.11953125 0.29953703703703705 0.23697916666666666 0.07685185185185185
14 0.57578125 0.2449074074074074 0.6848958333333334 0.11944444444444445
14 0.92890625 0.21944444444444444 0.034895833333333334 0.07592592592592592
14 0.054947916666666666 0.033796296296296297 0.025520833333333333 0.05277777777777778
14 0.6200520833333333 0.08796296296296297 0.0421875 0.06111111111111111
14 0.43333333333333335 0.33287037037037037 0.09791666666666667 0.05277777777777778
14 0.7846354166666667 0.3425925925925926 0.1171875 0.12407407407407407
