0 0.4322916666666667 0.47685185185185186 0.1375 0.34814814814814815
2 0.46458333333333335 0.33425925925925926 0.0375 0.06296296296296296
1 0.44088541666666664 0.41759259259259257 0.06510416666666667 0.11666666666666667
4 0.14895833333333333 0.6569444444444444 0.296875 0.6861111111111111
7 0.8791666666666667 0.5143518518518518 0.240625 0.20277777777777778
6 0.40260416666666665 0.5888888888888889 0.071875 0.08888888888888889
6 0.06458333333333334 0.24305555555555555 0.12604166666666666 0.11018518518518519
13 0.041666666666666664 0.1865740740740741 0.07916666666666666 0.06944444444444445
14 0.13333333333333333 0.07546296296296297 0.265625 0.1175925925925926
14 0.27005208333333336 0.1125 0.03697916666666667 0.062037037037037036
14 0.15364583333333334 0.20046296296296295 0.15520833333333334 0.12129629629629629
14 0.5182291666666666 0.01990740740740741 0.06041666666666667 0.03796296296296296
