0 0.6106770833333334 0.48194444444444445 0.09322916666666667 0.3101851851851852
2 0.5908854166666667 0.35 0.0359375 0.03888888888888889
1 0.5973958333333333 0.42916666666666664 0.0625 0.13796296296296295
3 0.5375 0.36064814814814816 0.090625 0.09537037037037037
3 0.36276041666666664 0.3990740740740741 0.17760416666666667 0.20555555555555555
4 0.17916666666666667 0.6277777777777778 0.3572916666666667 0.6833333333333333
7 0.9541666666666667 0.48055555555555557 0.09166666666666666 0.12777777777777777
6 0.49375 0.5731481481481482 0.06979166666666667 0.08703703703703704
6 0.07708333333333334 0.22407407407407406 0.078125 0.08518518518518518
6 0.20859375 0.25046296296296294 0.14635416666666667 0.11018518518518519
13 0.15833333333333333 0.20046296296296295 0.15625 0.0712962962962963
14 0.20234375 0.07916666666666666 0.4036458333333333 0.1527777777777778
14 0.4239583333333333 0.11203703703703703 0.03958333333333333 0.08703703703703704
14 0.29765625 0.20833333333333334 0.1328125 0.10185185185185185
14 0.6729166666666667 0.02546296296296296 0.05625 0.049074074074074076
