0 0.5854166666666667 0.7953703703703704 0.09166666666666666 0.387037037037037
0 0.43645833333333334 0.6953703703703704 0.07916666666666666 0.16296296296296298
0 0.11536458333333334 0.7143518518518519 0.12760416666666666 0.30648148148148147
2 0.11796875 0.5916666666666667 0.050520833333333334 0.06111111111111111
2 0.43802083333333336 0.6351851851851852 0.03854166666666667 0.04259259259259259
2 0.5825520833333333 0.6300925925925925 0.043229166666666666 0.04537037037037037
1 0.4322916666666667 0.7203703703703703 0.053125 0.07592592592592592
1 0.5924479166666666 0.737037037037037 0.06197916666666667 0.1259259259259259
3 0.43515625 0.8717592592592592 0.1828125 0.2490740740740741
3 0.63828125 0.8671296296296296 0.2296875 0.18796296296296297
6 0.8479166666666667 0.7328703703703704 0.090625 0.1398148148148148
6 0.9466145833333334 0.7277777777777777 0.10677083333333333 0.14444444444444443
7 0.6705729166666666 0.7064814814814815 0.1015625 0.08148148148148149
7 0.31197916666666664 0.7037037037037037 0.053125 0.05
12 0.43046875 0.27546296296296297 0.13385416666666666 0.28055555555555556
14 0.8794270833333333 0.19953703703703704 0.05260416666666667 0.08425925925925926
