0 0.475 0.8175925925925925 0.040625 0.23148148148148148
0 0.5143229166666666 0.8092592592592592 0.0390625 0.2814814814814815
0 0.5645833333333333 0.8342592592592593 0.071875 0.3314814814814815
0 0.6658854166666667 0.7875 0.0421875 0.22870370370370371
2 0.46770833333333334 0.7333333333333333 0.021875 0.03518518518518519
2 0.5203125 0.6962962962962963 0.021875 0.05185185185185185
2 0.559375 0.700925925925926 0.03125 0.06296296296296296
2 0.6627604166666666 0.6958333333333333 0.0265625 0.04537037037037037
1 0.4747395833333333 0.7865740740740741 0.033854166666666664 0.0787037037037037
1 0.5182291666666666 0.762962962962963 0.036458333333333336 0.12037037037037036
1 0.5666666666666667 0.8208333333333333 0.065625 0.15462962962962962
1 0.6708333333333333 0.7592592592592593 0.030208333333333334 0.09074074074074075
12 0.4390625 0.2037037037037037 0.103125 0.1648148148148148
8 0.26901041666666664 0.8949074074074074 0.19322916666666667 0.2101851851851852
11 0.7299479166666667 0.8759259259259259 0.15885416666666666 0.13518518518518519
13 0.7708333333333334 0.6796296296296296 0.140625 0.11296296296296296
14 0.7716145833333333 0.41759259259259257 0.0546875 0.06851851851851852
14 0.82578125 0.35462962962962963 0.03802083333333333 0.06851851851851852
14 0.8169270833333333 0.032407407407407406 0.027604166666666666 0.05555555555555555
14 0.9158854166666667 0.4976851851851852 0.024479166666666666 0.05648148148148148
14 0.7252604166666666 0.6675925925925926 0.018229166666666668 0.05185185185185185
