0 0.14817708333333332 0.46620370370370373 0.11822916666666666 0.27314814814814814
0 0.2872395833333333 0.5162037037037037 0.09010416666666667 0.15648148148148147
0 0.75625 0.8078703703703703 0.13645833333333332 0.29907407407407405
0 0.6046875 0.47685185185185186 0.016666666666666666 0.08148148148148149
0 0.6140625 0.4703703703703704 0.010416666666666666 0.06666666666666667
0 0.7604166666666666 0.5009259259259259 0.019791666666666666 0.09444444444444444
2 0.16458333333333333 0.38564814814814813 0.059375 0.08055555555555556
2 0.2984375 0.4949074074074074 0.052083333333333336 0.07685185185185185
2 0.6049479166666667 0.4444444444444444 0.008854166666666666 0.012962962962962963
2 0.6140625 0.44675925925925924 0.008333333333333333 0.013888888888888888
2 0.76171875 0.4675925925925926 0.0109375 0.020370370370370372
1 0.13515625 0.5023148148148148 0.0890625 0.15833333333333333
1 0.29010416666666666 0.5421296296296296 0.08020833333333334 0.0787037037037037
1 0.7546875 0.712037037037037 0.10416666666666667 0.10185185185185185
1 0.60390625 0.4675925925925926 0.011979166666666667 0.03333333333333333
1 0.6122395833333333 0.4648148148148148 0.0078125 0.03148148148148148
1 0.7580729166666667 0.4888888888888889 0.013020833333333334 0.04259259259259259
12 0.30494791666666665 0.2152777777777778 0.1828125 0.3972222222222222
3 0.8971354166666666 0.6949074074074074 0.20572916666666666 0.2638888888888889
3 0.7244791666666667 0.6606481481481481 0.171875 0.15462962962962962
4 0.36015625 0.7722222222222223 0.7161458333333334 0.45555555555555555
4 0.9690104166666667 0.5324074074074074 0.049479166666666664 0.07037037037037037
6 0.82734375 0.5055555555555555 0.07864583333333333 0.08703703703703704
6 0.91484375 0.5268518518518519 0.06927083333333334 0.08518518518518518
6 0.28463541666666664 0.42777777777777776 0.1828125 0.05925925925925926
11 0.20390625 0.4513888888888889 0.049479166666666664 0.03981481481481482
13 0.8953125 0.48055555555555557 0.209375 0.07777777777777778
14 0.13255208333333332 0.10555555555555556 0.013020833333333334 0.024074074074074074
14 0.16770833333333332 0.10324074074074074 0.03125 0.041666666666666664
14 0.13645833333333332 0.15416666666666667 0.01875 0.03981481481481482
14 0.33880208333333334 0.09027777777777778 0.022395833333333334 0.04722222222222222
14 0.25807291666666665 0.25601851851851853 0.0203125 0.049074074074074076
14 0.6127604166666667 0.33935185185185185 0.7744791666666667 0.075
14 0.8768229166666667 0.17546296296296296 0.04739583333333333 0.05277777777777778
14 0.6817708333333333 0.4166666666666667 0.103125 0.06296296296296296
