0 0.08333333333333333 0.3509259259259259 0.11041666666666666 0.23703703703703705
0 0.18984375 0.38101851851851853 0.10572916666666667 0.21203703703703702
0 0.6765625 0.8074074074074075 0.17916666666666667 0.29259259259259257
0 0.7986979166666667 0.475 0.019270833333333334 0.09444444444444444
0 0.8223958333333333 0.4898148148148148 0.023958333333333335 0.09259259259259259
0 0.94921875 0.5319444444444444 0.0296875 0.11944444444444445
2 0.1078125 0.2796296296296296 0.058333333333333334 0.09074074074074075
2 0.175 0.3162037037037037 0.04791666666666667 0.06944444444444445
2 0.8036458333333333 0.44907407407407407 0.009375 0.018518518518518517
2 0.8236979166666667 0.45694444444444443 0.0067708333333333336 0.017592592592592594
2 0.9559895833333333 0.49675925925925923 0.009895833333333333 0.026851851851851852
1 0.09322916666666667 0.3861111111111111 0.07604166666666666 0.16111111111111112
1 0.17630208333333333 0.41574074074074074 0.07447916666666667 0.12777777777777777
1 0.6953125 0.7574074074074074 0.11875 0.17777777777777778
1 0.8010416666666667 0.46944444444444444 0.011458333333333333 0.03333333333333333
1 0.82109375 0.47824074074074074 0.0109375 0.03425925925925926
1 0.9510416666666667 0.5231481481481481 0.0125 0.04259259259259259
12 0.16380208333333332 0.1574074074074074 0.18072916666666666 0.30925925925925923
3 0.6703125 0.7185185185185186 0.2635416666666667 0.3
4 0.30234375 0.7013888888888888 0.6036458333333333 0.5972222222222222
6 0.49192708333333335 0.38472222222222224 0.17239583333333333 0.08611111111111111
11 0.38567708333333334 0.3921296296296296 0.0484375 0.058333333333333334
14 0.7143229166666667 0.33796296296296297 0.5713541666666667 0.13703703703703704
14 0.5471354166666667 0.05324074074074074 0.025520833333333333 0.05092592592592592
14 0.4713541666666667 0.21342592592592594 0.025 0.05648148148148148
14 0.39479166666666665 0.05416666666666667 0.030208333333333334 0.03611111111111111
14 0.36744791666666665 0.10648148148148148 0.016145833333333335 0.02962962962962963
14 0.3640625 0.05740740740740741 0.011458333333333333 0.027777777777777776
14 0.8940104166666667 0.4300925925925926 0.12239583333333333 0.0712962962962963
14 0.20963541666666666 0.2652777777777778 0.0328125 0.06018518518518518
