0 0.44375 0.6481481481481481 0.48541666666666666 0.937037037037037
0 0.4734375 0.6685185185185185 0.509375 0.9120370370370371
0 0.5151041666666667 0.6481481481481481 0.5875 1.0
0 0.6229166666666667 0.5935185185185186 0.6447916666666667 0.6666666666666666
0 0.6729166666666667 0.6018518518518519 0.69375 0.687962962962963
0 0.7697916666666667 0.6537037037037037 0.8 0.7824074074074074
2 0.45 0.6583333333333333 0.4744791666666667 0.7037037037037037
2 0.4734375 0.6731481481481482 0.4942708333333333 0.7074074074074074
2 0.5203125 0.6574074074074074 0.5505208333333333 0.7101851851851851
2 0.6276041666666666 0.6037037037037037 0.6385416666666667 0.6231481481481481
2 0.7786458333333334 0.662962962962963 0.7927083333333333 0.687037037037037
1 0.453125 0.7074074074074074 0.48802083333333335 0.8074074074074075
1 0.4817708333333333 0.7092592592592593 0.5041666666666667 0.8046296296296296
1 0.5171875 0.712037037037037 0.578125 0.8759259259259259
1 0.625 0.625 0.6442708333333333 0.662962962962963
1 0.6734375 0.6166666666666667 0.6875 0.6657407407407407
1 0.7739583333333333 0.6851851851851852 0.796875 0.7361111111111112
8 0.17604166666666668 0.7694444444444445 0.3572916666666667 1.0
11 0.6270833333333333 0.7898148148148149 0.7723958333333333 0.9111111111111111
13 0.6791666666666667 0.6240740740740741 0.7833333333333333 0.7324074074074074
14 0.7182291666666667 0.37777777777777777 0.7666666666666667 0.4601851851851852
14 0.7708333333333334 0.3194444444444444 0.8072916666666666 0.3925925925925926
14 0.8588541666666667 0.48055555555555557 0.8984375 0.5305555555555556
14 0.7723958333333333 0.012962962962962963 0.8020833333333334 0.07222222222222222
