0 0.215625 0.6305555555555555 0.06979166666666667 0.575925925925926
0 0.2760416666666667 0.5027777777777778 0.05520833333333333 0.2037037037037037
0 0.33125 0.4287037037037037 0.023958333333333335 0.10185185185185185
0 0.3575520833333333 0.41944444444444445 0.022395833333333334 0.07962962962962963
0 0.5075520833333333 0.4324074074074074 0.024479166666666666 0.0962962962962963
0 0.4359375 0.40925925925925927 0.013541666666666667 0.05
0 0.8479166666666667 0.5953703703703703 0.125 0.3888888888888889
2 0.22838541666666667 0.38472222222222224 0.05572916666666667 0.058333333333333334
2 0.265625 0.4449074074074074 0.03854166666666667 0.08611111111111111
2 0.81953125 0.43796296296296294 0.043229166666666666 0.07222222222222222
2 0.3299479166666667 0.3939814814814815 0.009895833333333333 0.013888888888888888
2 0.35625 0.39351851851851855 0.009375 0.014814814814814815
2 0.4356770833333333 0.39305555555555555 0.0067708333333333336 0.012037037037037037
2 0.5083333333333333 0.3962962962962963 0.011458333333333333 0.018518518518518517
1 0.22057291666666667 0.5462962962962963 0.06927083333333334 0.21666666666666667
1 0.2674479166666667 0.5259259259259259 0.044270833333333336 0.11666666666666667
1 0.8583333333333333 0.5472222222222223 0.075 0.16666666666666666
1 0.5075520833333333 0.41944444444444445 0.0140625 0.03518518518518519
1 0.4359375 0.4111111111111111 0.008333333333333333 0.03333333333333333
1 0.33098958333333334 0.4166666666666667 0.015104166666666667 0.037037037037037035
1 0.35625 0.41203703703703703 0.010416666666666666 0.027777777777777776
12 0.415625 0.21712962962962962 0.15833333333333333 0.4046296296296296
3 0.74296875 0.5305555555555556 0.16510416666666666 0.16296296296296298
3 0.940625 0.48333333333333334 0.11875 0.13333333333333333
4 0.42161458333333335 0.7462962962962963 0.5911458333333334 0.5074074074074074
4 0.94609375 0.5898148148148148 0.1078125 0.16666666666666666
4 0.675 0.42685185185185187 0.023958333333333335 0.044444444444444446
4 0.71015625 0.43194444444444446 0.05260416666666667 0.05648148148148148
4 0.4796875 0.42453703703703705 0.027083333333333334 0.041666666666666664
4 0.5109375 0.43425925925925923 0.04583333333333333 0.04814814814814815
6 0.9026041666666667 0.7180555555555556 0.084375 0.0824074074074074
6 0.5635416666666667 0.4273148148148148 0.06666666666666667 0.06388888888888888
6 0.6385416666666667 0.425 0.059375 0.06666666666666667
6 0.05416666666666667 0.4287037037037037 0.10729166666666666 0.046296296296296294
13 0.6145833333333334 0.3861111111111111 0.17708333333333334 0.06851851851851852
14 0.44166666666666665 0.2777777777777778 0.8822916666666667 0.1425925925925926
14 0.8921875 0.2449074074074074 0.034375 0.08611111111111111
14 0.75390625 0.36712962962962964 0.10677083333333333 0.10092592592592593
14 0.40520833333333334 0.3587962962962963 0.10625 0.05648148148148148
14 0.016666666666666666 0.04027777777777778 0.027083333333333334 0.05462962962962963
14 0.58515625 0.10324074074074074 0.033854166666666664 0.05648148148148148
