0 0.20729166666666668 0.512962962962963 0.30885416666666665 0.8518518518518519
0 0.3796875 0.4601851851851852 0.44583333333333336 0.850925925925926
2 0.2682291666666667 0.5277777777777778 0.30625 0.6055555555555555
2 0.39739583333333334 0.47685185185185186 0.440625 0.5259259259259259
1 0.20677083333333332 0.562962962962963 0.2833333333333333 0.7185185185185186
1 0.3880208333333333 0.5268518518518519 0.44427083333333334 0.6666666666666666
5 0.22447916666666667 0.6777777777777778 0.38645833333333335 0.7787037037037037
11 0.24114583333333334 0.6703703703703704 0.44166666666666665 0.8296296296296296
14 0.6609375 0.43796296296296294 0.6880208333333333 0.49907407407407406
14 0.884375 0.1175925925925926 0.9557291666666666 0.22037037037037038
14 0.8854166666666666 0.46296296296296297 0.9703125 0.5305555555555556
13 0.6338541666666667 0.42314814814814816 0.9255208333333333 0.5907407407407408
