0 0.00625 0.5722222222222222 0.08229166666666667 0.8638888888888889
0 0.24270833333333333 0.5833333333333334 0.30520833333333336 0.6981481481481482
0 0.22135416666666666 0.6583333333333333 0.29270833333333335 0.7824074074074074
0 0.3411458333333333 0.5685185185185185 0.4484375 0.8833333333333333
0 0.596875 0.4638888888888889 0.7098958333333333 0.8268518518518518
2 0.022916666666666665 0.5833333333333334 0.050520833333333334 0.6296296296296297
2 0.27447916666666666 0.6083333333333333 0.2989583333333333 0.6481481481481481
2 0.24270833333333333 0.6611111111111111 0.2682291666666667 0.6916666666666667
2 0.3614583333333333 0.575925925925926 0.39739583333333334 0.6342592592592593
2 0.6359375 0.4842592592592593 0.6734375 0.5453703703703704
1 0.24322916666666666 0.6138888888888889 0.2786458333333333 0.662962962962963
1 0.23072916666666668 0.6851851851851852 0.2604166666666667 0.7546296296296297
1 0.359375 0.6231481481481481 0.41770833333333335 0.7453703703703703
1 0.6427083333333333 0.5407407407407407 0.6916666666666667 0.6703703703703704
12 0.40260416666666665 0.31666666666666665 0.5416666666666666 0.5564814814814815
5 0.3697916666666667 0.7222222222222222 0.5442708333333334 0.8009259259259259
8 0.059375 0.6842592592592592 0.134375 0.8083333333333333
11 0.41041666666666665 0.7046296296296296 0.6104166666666667 0.8583333333333333
13 0.890625 0.39166666666666666 1.0 0.5398148148148149
14 0.9432291666666667 0.40555555555555556 0.9723958333333333 0.48333333333333334
