0 0.19635416666666666 0.5842592592592593 0.2984375 0.9222222222222223
0 0.3567708333333333 0.5416666666666666 0.42552083333333335 0.9018518518518519
2 0.24427083333333333 0.5972222222222222 0.2911458333333333 0.6842592592592592
2 0.37447916666666664 0.5453703703703704 0.4125 0.6092592592592593
1 0.19895833333333332 0.6370370370370371 0.26145833333333335 0.7805555555555556
1 0.3697916666666667 0.5981481481481481 0.4171875 0.7268518518518519
12 0.22916666666666666 0.000925925925925926 0.36666666666666664 0.21481481481481482
5 0.2078125 0.7509259259259259 0.3515625 0.8333333333333334
11 0.22239583333333332 0.7444444444444445 0.4234375 0.9055555555555556
13 0.6166666666666667 0.49907407407407406 0.9182291666666667 0.6546296296296297
0 0.009375 0.5694444444444444 0.0296875 0.687962962962963
2 0.010416666666666666 0.5712962962962963 0.0203125 0.5944444444444444
1 0.009895833333333333 0.612037037037037 0.01875 0.674074074074074
14 0.6520833333333333 0.5175925925925926 0.6770833333333334 0.575925925925926
14 0.8854166666666666 0.2101851851851852 0.9473958333333333 0.3055555555555556
14 0.8932291666666666 0.5564814814814815 0.9635416666666666 0.6148148148148148
