0 0.1828125 0.7060185185185185 0.07916666666666666 0.20277777777777778
0 0.4921875 0.7421296296296296 0.030208333333333334 0.25462962962962965
0 0.5328125 0.7611111111111111 0.06041666666666667 0.3074074074074074
0 0.9588541666666667 0.7453703703703703 0.08229166666666667 0.47962962962962963
2 0.16822916666666668 0.6365740740740741 0.034375 0.06388888888888888
2 0.4953125 0.6462962962962963 0.025 0.046296296296296294
2 0.5252604166666667 0.6435185185185185 0.030729166666666665 0.03888888888888889
2 0.9859375 0.5648148148148148 0.028125 0.07777777777777778
1 0.4934895833333333 0.7194444444444444 0.0359375 0.10185185185185185
1 0.5239583333333333 0.7148148148148148 0.051041666666666666 0.12037037037037036
1 0.9684895833333333 0.7768518518518519 0.06302083333333333 0.25925925925925924
12 0.38229166666666664 0.4634259259259259 0.11145833333333334 0.19907407407407407
3 0.3640625 0.8157407407407408 0.125 0.21296296296296297
3 0.50703125 0.7796296296296297 0.17447916666666666 0.1648148148148148
3 0.018229166666666668 0.7856481481481481 0.035416666666666666 0.19722222222222222
7 0.5893229166666667 0.6888888888888889 0.10989583333333333 0.07592592592592592
7 0.29296875 0.7013888888888888 0.05260416666666667 0.05277777777777778
7 0.3893229166666667 0.7027777777777777 0.14427083333333332 0.06111111111111111
6 0.82890625 0.6893518518518519 0.30364583333333334 0.13055555555555556
13 0.9765625 0.5782407407407407 0.03229166666666667 0.11018518518518519
14 0.28958333333333336 0.6222222222222222 0.25625 0.05740740740740741
14 0.8013020833333333 0.20925925925925926 0.06197916666666667 0.1037037037037037
14 0.94921875 0.35833333333333334 0.1015625 0.17037037037037037
14 0.7427083333333333 0.3597222222222222 0.019791666666666666 0.041666666666666664
