0 0.12447916666666667 0.2962962962962963 0.1546875 0.41759259259259257
0 0.19791666666666666 0.3101851851851852 0.21197916666666666 0.4074074074074074
0 0.2078125 0.3194444444444444 0.23020833333333332 0.4222222222222222
0 0.3203125 0.32314814814814813 0.3390625 0.41388888888888886
0 0.3234375 0.3194444444444444 0.42239583333333336 0.46574074074074073
0 0.4171875 0.32685185185185184 0.43072916666666666 0.3490740740740741
0 0.5244791666666667 0.32314814814814813 0.596875 0.48148148148148145
0 0.8416666666666667 0.5888888888888889 1.0 0.8648148148148148
2 0.13020833333333334 0.3055555555555556 0.14895833333333333 0.325
2 0.21197916666666666 0.32314814814814813 0.22447916666666667 0.34074074074074073
2 0.3223958333333333 0.3277777777777778 0.3380208333333333 0.3453703703703704
2 0.365625 0.3148148148148148 0.4010416666666667 0.37777777777777777
2 0.5552083333333333 0.32222222222222224 0.5921875 0.3814814814814815
2 0.42135416666666664 0.33240740740740743 0.4276041666666667 0.3435185185185185
1 0.359375 0.37407407407407406 0.40572916666666664 0.44537037037037036
1 0.5255208333333333 0.3787037037037037 0.5822916666666667 0.4759259259259259
1 0.9010416666666666 0.5981481481481481 1.0 0.7537037037037037
1 0.128125 0.32314814814814813 0.14583333333333334 0.3638888888888889
1 0.20625 0.33796296296296297 0.22864583333333333 0.38333333333333336
12 0.4359375 0.012962962962962963 0.578125 0.3453703703703704
3 0.7854166666666667 0.5064814814814815 1.0 0.7722222222222223
4 0.23958333333333334 0.42962962962962964 0.8604166666666667 0.9111111111111111
8 0.0010416666666666667 0.3592592592592593 0.05364583333333333 0.44814814814814813
8 0.23385416666666667 0.35 0.29635416666666664 0.4305555555555556
6 0.8609375 0.375 0.9963541666666667 0.4388888888888889
11 0.3385416666666667 0.375 0.3734375 0.40925925925925927
14 0.28854166666666664 0.09907407407407408 0.32760416666666664 0.17685185185185184
14 0.32395833333333335 0.05462962962962963 0.34739583333333335 0.10555555555555556
14 0.35833333333333334 0.1814814814814815 0.3927083333333333 0.21296296296296297
14 0.5817708333333333 0.2962962962962963 0.6578125 0.37407407407407406
14 0.8947916666666667 0.2740740740740741 1.0 0.3351851851851852
14 0.9203125 0.18518518518518517 0.9505208333333334 0.23981481481481481
14 0.8244791666666667 0.053703703703703705 0.8609375 0.09537037037037037
14 0.8083333333333333 0.12222222222222222 0.825 0.1527777777777778
