0 0.47239583333333335 0.7902777777777777 0.06145833333333333 0.2898148148148148
0 0.5447916666666667 0.8268518518518518 0.084375 0.34629629629629627
0 0.6471354166666666 0.6342592592592593 0.028645833333333332 0.08148148148148149
0 0.6971354166666667 0.6523148148148148 0.0234375 0.09537037037037037
0 0.80234375 0.7208333333333333 0.033854166666666664 0.13425925925925927
2 0.465625 0.6824074074074075 0.030208333333333334 0.053703703703703705
2 0.53125 0.6856481481481481 0.036458333333333336 0.06018518518518518
2 0.6455729166666667 0.6148148148148148 0.013020833333333334 0.027777777777777776
2 0.803125 0.6712962962962963 0.017708333333333333 0.03333333333333333
1 0.4674479166666667 0.7550925925925925 0.043229166666666666 0.11203703703703703
1 0.54609375 0.8078703703703703 0.0671875 0.16944444444444445
1 0.6494791666666667 0.6430555555555556 0.021875 0.03611111111111111
1 0.6953125 0.6402777777777777 0.014583333333333334 0.05277777777777778
1 0.8002604166666667 0.7092592592592593 0.0265625 0.053703703703703705
8 0.23932291666666666 0.8921296296296296 0.17447916666666666 0.21574074074074073
11 0.7065104166666667 0.8435185185185186 0.17239583333333333 0.1648148148148148
13 0.7421875 0.6731481481481482 0.10833333333333334 0.10185185185185185
14 0.7606770833333333 0.4060185185185185 0.05260416666666667 0.07685185185185185
14 0.809375 0.3458333333333333 0.0375 0.0712962962962963
14 0.9049479166666666 0.5055555555555555 0.044270833333333336 0.05185185185185185
14 0.80390625 0.028703703703703703 0.033854166666666664 0.05185185185185185
