0 0.4305555555555556 0.6567708333333333 0.5814814814814815 0.7630208333333334
0 0.5509259259259259 0.590625 0.6416666666666667 0.6640625
0 0.7129629629629629 0.5869791666666667 0.8166666666666667 0.7291666666666666
0 0.08796296296296297 0.6010416666666667 0.14722222222222223 0.6510416666666666
2 0.09537037037037037 0.6 0.12222222222222222 0.6166666666666667
2 0.48518518518518516 0.6640625 0.5425925925925926 0.696875
2 0.5694444444444444 0.5869791666666667 0.6259259259259259 0.61875
2 0.7222222222222222 0.5958333333333333 0.7777777777777778 0.6208333333333333
1 0.42962962962962964 0.690625 0.5333333333333333 0.7619791666666667
1 0.5666666666666667 0.615625 0.6240740740740741 0.6645833333333333
1 0.7231481481481481 0.6182291666666667 0.7870370370370371 0.6703125
1 0.09907407407407408 0.6125 0.12222222222222222 0.6317708333333333
12 0.44722222222222224 0.23958333333333334 0.6546296296296297 0.4125
4 0.2490740740740741 0.6114583333333333 0.33611111111111114 0.6432291666666666
4 0.15833333333333333 0.6135416666666667 0.1962962962962963 0.640625
8 0.7981481481481482 0.6411458333333333 1.0 0.7427083333333333
11 0.850925925925926 0.7552083333333334 1.0 0.8979166666666667
10 0.5416666666666666 0.7015625 0.6083333333333333 0.7359375
6 0.18333333333333332 0.6088541666666667 0.2601851851851852 0.6432291666666666
6 0.001851851851851852 0.6109375 0.08055555555555556 0.6479166666666667
13 0.000925925925925926 0.5885416666666666 0.18333333333333332 0.6213541666666667
14 0.000925925925925926 0.5171875 0.41203703703703703 0.5703125
14 0.17685185185185184 0.5765625 0.34629629629629627 0.6140625
14 0.4212962962962963 0.5947916666666667 0.45 0.6088541666666667
14 0.4759259259259259 0.5947916666666667 0.5009259259259259 0.60625
14 0.7555555555555555 0.3770833333333333 0.8027777777777778 0.4
14 0.000925925925925926 0.7328125 0.19814814814814816 0.7677083333333333
14 0.8462962962962963 0.37447916666666664 0.9574074074074074 0.40572916666666664
14 0.85 0.2916666666666667 0.9592592592592593 0.3265625
14 0.8685185185185185 0.48385416666666664 0.9787037037037037 0.5135416666666667
