0 0.26875 0.4810185185185185 0.057291666666666664 0.17685185185185184
0 0.28619791666666666 0.6282407407407408 0.0578125 0.14722222222222223
0 0.34088541666666666 0.5726851851851852 0.07239583333333334 0.18611111111111112
0 0.9104166666666667 0.5912037037037037 0.14583333333333334 0.6064814814814815
2 0.26953125 0.41805555555555557 0.033854166666666664 0.041666666666666664
2 0.28880208333333335 0.5694444444444444 0.0359375 0.05
2 0.3268229166666667 0.5407407407407407 0.024479166666666666 0.05
2 0.96015625 0.35833333333333334 0.059895833333333336 0.13518518518518519
1 0.2643229166666667 0.48703703703703705 0.034895833333333334 0.1037037037037037
1 0.2796875 0.6347222222222222 0.04375 0.10648148148148148
1 0.89296875 0.48657407407407405 0.09635416666666667 0.23796296296296296
8 0.07604166666666666 0.7069444444444445 0.15 0.1935185185185185
11 0.8916666666666667 0.6944444444444444 0.21666666666666667 0.2574074074074074
