0 0.13229166666666667 0.6046296296296296 0.22291666666666668 0.8083333333333333
0 0.4635416666666667 0.6435185185185185 0.5114583333333333 0.8888888888888888
0 0.49947916666666664 0.6046296296296296 0.571875 0.9120370370370371
0 0.9192708333333334 0.5268518518518519 1.0 0.9861111111111112
2 0.15104166666666666 0.612037037037037 0.18072916666666666 0.6481481481481481
2 0.4666666666666667 0.6537037037037037 0.4947916666666667 0.687037037037037
2 0.5015625 0.6129629629629629 0.5333333333333333 0.662962962962963
2 0.9578125 0.524074074074074 1.0 0.6129629629629629
1 0.4703125 0.6824074074074075 0.5078125 0.775
1 0.503125 0.6564814814814814 0.5473958333333333 0.7759259259259259
1 0.9291666666666667 0.6509259259259259 1.0 0.937037037037037
12 0.309375 0.35185185185185186 0.41875 0.5601851851851852
3 0.30052083333333335 0.7083333333333334 0.42239583333333336 0.9185185185185185
3 0.415625 0.7027777777777777 0.5911458333333334 0.8805555555555555
3 0.0010416666666666667 0.6916666666666667 0.04375 0.8842592592592593
7 0.5401041666666667 0.6657407407407407 0.640625 0.7277777777777777
7 0.265625 0.6814814814814815 0.31197916666666664 0.737037037037037
7 0.30885416666666665 0.6657407407407407 0.4453125 0.7351851851851852
6 0.6729166666666667 0.6305555555555555 0.9776041666666667 0.7861111111111111
14 0.16041666666666668 0.6018518518518519 0.42083333333333334 0.6435185185185185
14 0.7682291666666666 0.1824074074074074 0.8234375 0.2611111111111111
14 0.8947916666666667 0.3055555555555556 1.0 0.45185185185185184
14 0.73125 0.34444444444444444 0.7510416666666667 0.39537037037037037
14 0.8583333333333333 0.6074074074074074 0.8927083333333333 0.65
