0 0.059375 0.5796296296296296 0.07708333333333334 0.26296296296296295
0 0.09401041666666667 0.6930555555555555 0.07864583333333333 0.19537037037037036
0 0.13932291666666666 0.6305555555555555 0.08177083333333333 0.19814814814814816
0 0.7708333333333334 0.5296296296296297 0.153125 0.5407407407407407
0 0.96328125 0.44675925925925924 0.0734375 0.6157407407407407
2 0.054427083333333334 0.475 0.043229166666666666 0.040740740740740744
2 0.11875 0.5953703703703703 0.035416666666666666 0.06111111111111111
2 0.08828125 0.6268518518518519 0.0359375 0.05
2 0.8013020833333333 0.30972222222222223 0.05572916666666667 0.10833333333333334
2 0.9627604166666667 0.17685185185185184 0.0578125 0.08518518518518518
1 0.04453125 0.5504629629629629 0.0484375 0.125
1 0.08046875 0.7037037037037037 0.05364583333333333 0.11851851851851852
1 0.74609375 0.4310185185185185 0.0765625 0.21388888888888888
1 0.9653645833333333 0.3296296296296296 0.06927083333333334 0.20185185185185187
5 0.8096354166666667 0.5912037037037037 0.08177083333333333 0.15092592592592594
11 0.7921875 0.5981481481481481 0.35 0.24444444444444444
13 0.85234375 0.23935185185185184 0.18802083333333333 0.1361111111111111
14 0.7924479166666667 0.21898148148148147 0.03177083333333333 0.06574074074074074
