0 0.0005208333333333333 0.2962962962962963 0.052083333333333336 0.5657407407407408
0 0.2734375 0.3333333333333333 0.4171875 0.8222222222222222
0 0.5213541666666667 0.26296296296296295 0.609375 0.825925925925926
2 0.0005208333333333333 0.3138888888888889 0.022916666666666665 0.36944444444444446
2 0.3671875 0.34074074074074073 0.41354166666666664 0.4546296296296296
2 0.5552083333333333 0.2712962962962963 0.5989583333333334 0.34074074074074073
1 0.0026041666666666665 0.36203703703703705 0.034895833333333334 0.45185185185185184
1 0.271875 0.3925925925925926 0.3729166666666667 0.6027777777777777
1 0.534375 0.35 0.6203125 0.5527777777777778
5 0.3125 0.5583333333333333 0.46197916666666666 0.7055555555555556
11 0.328125 0.5481481481481482 0.5546875 0.7648148148148148
13 0.7104166666666667 0.24166666666666667 0.9864583333333333 0.42777777777777776
14 0.7432291666666667 0.2638888888888889 0.76875 0.325
14 0.9286458333333333 0.000925925925925926 0.9895833333333334 0.03796296296296296
