0 0.4591145833333333 0.8097222222222222 0.05677083333333333 0.262037037037037
0 0.4947916666666667 0.8097222222222222 0.05625 0.30833333333333335
0 0.5640625 0.8333333333333334 0.08958333333333333 0.3333333333333333
0 0.6869791666666667 0.6388888888888888 0.023958333333333335 0.07592592592592592
0 0.7385416666666667 0.6601851851851852 0.029166666666666667 0.10185185185185185
0 0.8440104166666667 0.7379629629629629 0.0359375 0.1388888888888889
2 0.45416666666666666 0.711574074074074 0.025 0.03981481481481482
2 0.48880208333333336 0.6967592592592593 0.0265625 0.041666666666666664
2 0.5481770833333334 0.6986111111111111 0.0359375 0.05462962962962963
2 0.6869791666666667 0.6226851851851852 0.0125 0.028703703703703703
2 0.8432291666666667 0.6888888888888889 0.017708333333333333 0.024074074074074074
1 0.46067708333333335 0.7865740740740741 0.04114583333333333 0.09166666666666666
1 0.4981770833333333 0.7791666666666667 0.04010416666666667 0.125
1 0.5666666666666667 0.8310185185185185 0.06979166666666667 0.1824074074074074
1 0.6893229166666667 0.6523148148148148 0.022395833333333334 0.05092592592592592
1 0.7372395833333333 0.6564814814814814 0.022395833333333334 0.07407407407407407
1 0.8442708333333333 0.725925925925926 0.023958333333333335 0.06296296296296296
8 0.26119791666666664 0.8976851851851851 0.1921875 0.20462962962962963
11 0.74765625 0.8699074074074075 0.19322916666666667 0.12129629629629629
13 0.8018229166666667 0.6916666666666667 0.1421875 0.12777777777777777
14 0.8052083333333333 0.41759259259259257 0.04583333333333333 0.05740740740740741
14 0.8575520833333333 0.3509259259259259 0.03802083333333333 0.05925925925925926
14 0.9520833333333333 0.5018518518518519 0.0375 0.040740740740740744
14 0.8083333333333333 0.6962962962962963 0.022916666666666665 0.03333333333333333
