0 0.20182291666666666 0.42685185185185187 0.0546875 0.16296296296296298
0 0.22135416666666666 0.5851851851851851 0.07604166666666666 0.17962962962962964
0 0.28880208333333335 0.5504629629629629 0.0796875 0.21388888888888888
0 0.778125 0.5671296296296297 0.184375 0.6305555555555555
2 0.20807291666666666 0.38055555555555554 0.025520833333333333 0.05185185185185185
2 0.21901041666666668 0.5199074074074074 0.028645833333333332 0.04351851851851852
2 0.26510416666666664 0.5013888888888889 0.03125 0.06388888888888888
2 0.8135416666666667 0.32916666666666666 0.06770833333333333 0.12685185185185185
1 0.19713541666666667 0.44212962962962965 0.043229166666666666 0.10648148148148148
1 0.20546875 0.5814814814814815 0.044270833333333336 0.1037037037037037
1 0.7497395833333333 0.45416666666666666 0.11197916666666667 0.24537037037037038
5 0.8057291666666667 0.6208333333333333 0.046875 0.2175925925925926
8 0.027604166666666666 0.6412037037037037 0.053125 0.18611111111111112
11 0.8315104166666667 0.6347222222222222 0.33697916666666666 0.287962962962963
13 0.98671875 0.1875 0.0265625 0.14907407407407408
