0 0.0765625 0.7703703703703704 0.13958333333333334 0.45740740740740743
0 0.2799479166666667 0.7421296296296296 0.07864583333333333 0.49537037037037035
2 0.115625 0.6194444444444445 0.046875 0.09074074074074075
2 0.27760416666666665 0.5333333333333333 0.046875 0.05555555555555555
1 0.05807291666666667 0.7166666666666667 0.09010416666666667 0.17777777777777778
1 0.28098958333333335 0.6523148148148148 0.0703125 0.1638888888888889
5 0.13072916666666667 0.825925925925926 0.18958333333333333 0.13518518518518519
11 0.16927083333333334 0.8375 0.23229166666666667 0.2064814814814815
3 0.8895833333333333 0.5680555555555555 0.053125 0.049074074074074076
13 0.6143229166666667 0.5152777777777777 0.2713541666666667 0.14907407407407408
14 0.7208333333333333 0.20925925925925926 0.04791666666666667 0.07222222222222222
14 0.803125 0.13842592592592592 0.04375 0.06388888888888888
14 0.9182291666666667 0.31203703703703706 0.03854166666666667 0.03888888888888889
14 0.5229166666666667 0.4888888888888889 0.021875 0.053703703703703705
