0 0.29296875 0.4587962962962963 0.044270833333333336 0.1712962962962963
0 0.2955729166666667 0.5986111111111111 0.06197916666666667 0.16018518518518518
0 0.35520833333333335 0.5342592592592592 0.071875 0.17962962962962964
0 0.7458333333333333 0.6180555555555556 0.15729166666666666 0.5583333333333333
0 0.9817708333333334 0.5189814814814815 0.036458333333333336 0.649074074074074
2 0.2950520833333333 0.39351851851851855 0.016145833333333335 0.03888888888888889
2 0.2911458333333333 0.5328703703703703 0.027083333333333334 0.03981481481481482
2 0.34479166666666666 0.49722222222222223 0.027083333333333334 0.06666666666666667
2 0.7924479166666667 0.4185185185185185 0.0546875 0.13148148148148148
2 0.9893229166666667 0.25601851851851853 0.021354166666666667 0.06388888888888888
1 0.28489583333333335 0.45416666666666666 0.04375 0.09537037037037037
1 0.28619791666666666 0.5888888888888889 0.0390625 0.08333333333333333
1 0.7221354166666667 0.5185185185185185 0.1078125 0.22592592592592592
1 0.9859375 0.4444444444444444 0.028125 0.21481481481481482
5 0.7966145833333333 0.6657407407407407 0.1390625 0.21481481481481482
8 0.07734375 0.6402777777777777 0.1515625 0.1787037037037037
11 0.8635416666666667 0.6819444444444445 0.26979166666666665 0.30277777777777776
