0 0.22552083333333334 0.6712962962962963 0.07083333333333333 0.1111111111111111
0 0.21510416666666668 0.7583333333333333 0.05625 0.13703703703703704
0 0.022395833333333334 0.7388888888888889 0.04375 0.28703703703703703
0 0.31145833333333334 0.775 0.10625 0.34629629629629627
0 0.6184895833333334 0.7064814814814815 0.10885416666666667 0.3574074074074074
2 0.24583333333333332 0.6472222222222223 0.021875 0.03518518518518519
2 0.21510416666666668 0.7050925925925926 0.026041666666666668 0.028703703703703703
2 0.010416666666666666 0.6273148148148148 0.01875 0.04351851851851852
2 0.3221354166666667 0.6305555555555555 0.0390625 0.05555555555555555
2 0.6216145833333333 0.5574074074074075 0.04114583333333333 0.053703703703703705
1 0.21822916666666667 0.6675925925925926 0.04583333333333333 0.06296296296296296
1 0.2 0.7546296296296297 0.041666666666666664 0.07777777777777778
1 0.30859375 0.7212962962962963 0.05364583333333333 0.15185185185185185
1 0.6346354166666667 0.6537037037037037 0.0578125 0.13333333333333333
12 0.4622395833333333 0.49583333333333335 0.14427083333333332 0.30277777777777776
5 0.43046875 0.8023148148148148 0.19947916666666668 0.11018518518518519
8 0.061197916666666664 0.7782407407407408 0.0859375 0.10833333333333334
11 0.4669270833333333 0.8231481481481482 0.20572916666666666 0.1648148148148148
13 0.9317708333333333 0.5175925925925926 0.13645833333333332 0.12407407407407407
14 0.9158854166666667 0.49212962962962964 0.0265625 0.06388888888888888
