0 0.5145833333333333 0.6648148148148149 0.13020833333333334 0.3851851851851852
0 0.6299479166666667 0.6027777777777777 0.08385416666666666 0.43148148148148147
2 0.55546875 0.513425925925926 0.044270833333333336 0.0824074074074074
2 0.6203125 0.4203703703703704 0.05 0.06481481481481481
1 0.496875 0.5925925925925926 0.08958333333333333 0.1388888888888889
1 0.6265625 0.5300925925925926 0.05625 0.15092592592592594
3 0.8606770833333334 0.48564814814814816 0.05364583333333333 0.06759259259259259
5 0.4236979166666667 0.6412037037037037 0.0703125 0.0712962962962963
5 0.54765625 0.7194444444444444 0.0640625 0.07777777777777778
11 0.47369791666666666 0.7226851851851852 0.25885416666666666 0.18425925925925926
6 0.91640625 0.46296296296296297 0.0578125 0.08333333333333333
13 0.4078125 0.4393518518518518 0.12083333333333333 0.14722222222222223
14 0.3736979166666667 0.1439814814814815 0.059895833333333336 0.06018518518518518
14 0.4192708333333333 0.10185185185185185 0.03125 0.08333333333333333
14 0.86484375 0.4064814814814815 0.11927083333333334 0.10555555555555556
14 0.3684895833333333 0.40879629629629627 0.027604166666666666 0.06759259259259259
