0 0.12916666666666668 0.5916666666666667 0.22083333333333333 0.7861111111111111
0 0.45989583333333334 0.6129629629629629 0.5197916666666667 0.8694444444444445
0 0.509375 0.5907407407407408 0.5760416666666667 0.9064814814814814
0 0.9135416666666667 0.49537037037037035 1.0 0.9990740740740741
2 0.14114583333333333 0.6027777777777777 0.17083333333333334 0.6407407407407407
2 0.465625 0.6240740740740741 0.49322916666666666 0.6657407407407407
2 0.5213541666666667 0.6018518518518519 0.5552083333333333 0.6407407407407407
2 0.9505208333333334 0.5231481481481481 1.0 0.6148148148148148
1 0.471875 0.6620370370370371 0.515625 0.7583333333333333
1 0.5119791666666667 0.6453703703703704 0.559375 0.7583333333333333
1 0.928125 0.6518518518518519 1.0 0.9231481481481482
12 0.284375 0.325 0.3859375 0.5518518518518518
3 0.0005208333333333333 0.6842592592592592 0.025 0.774074074074074
3 0.4197916666666667 0.7055555555555556 0.5859375 0.8518518518518519
3 0.2994791666666667 0.7 0.4171875 0.9055555555555556
7 0.55625 0.6527777777777778 0.6296875 0.712037037037037
7 0.2598958333333333 0.6722222222222223 0.3098958333333333 0.7203703703703703
7 0.309375 0.6657407407407407 0.44166666666666665 0.7222222222222222
6 0.6729166666666667 0.6314814814814815 0.9875 0.7611111111111111
14 0.7682291666666666 0.175 0.8229166666666666 0.2537037037037037
14 0.8921875 0.2953703703703704 1.0 0.4425925925925926
14 0.7328125 0.33796296296296297 0.7489583333333333 0.387037037037037
14 0.8489583333333334 0.5842592592592593 0.8927083333333333 0.6453703703703704
14 0.17447916666666666 0.5814814814814815 0.40677083333333336 0.6370370370370371
