0 0.5239583333333333 0.3527777777777778 0.6614583333333334 0.8287037037037037
0 0.7 0.25 0.8182291666666667 0.7574074074074074
2 0.6015625 0.34814814814814815 0.65 0.43425925925925923
2 0.7239583333333334 0.2657407407407407 0.7796875 0.32314814814814813
1 0.5359375 0.39444444444444443 0.6098958333333333 0.5796296296296296
1 0.7239583333333334 0.3453703703703704 0.7989583333333333 0.5092592592592593
5 0.6026041666666667 0.575925925925926 0.6822916666666666 0.7185185185185186
11 0.4505208333333333 0.562962962962963 0.7552083333333334 0.7453703703703703
13 0.525 0.2675925925925926 0.6807291666666667 0.41574074074074074
14 0.5609375 0.012962962962962963 0.6125 0.08518518518518518
14 0.7026041666666667 0.12222222222222222 0.7364583333333333 0.17314814814814813
14 0.5390625 0.28425925925925927 0.5703125 0.3453703703703704
