0 0.5555555555555556 0.7098958333333333 0.6425925925925926 0.7869791666666667
0 0.7231481481481481 0.7177083333333333 0.7824074074074074 0.7708333333333334
2 0.5481481481481482 0.7104166666666667 0.575 0.7244791666666667
1 0.5731481481481482 0.7197916666666667 0.6148148148148148 0.7526041666666666
1 0.725 0.7276041666666667 0.7648148148148148 0.7541666666666667
12 0.004629629629629629 0.134375 0.30185185185185187 0.4203125
11 0.004629629629629629 0.8682291666666667 0.3388888888888889 1.0
13 0.5055555555555555 0.7125 0.9462962962962963 0.7859375
14 0.7972222222222223 0.546875 0.8953703703703704 0.5890625
14 0.9212962962962963 0.5026041666666666 1.0 0.55625
14 0.5518518518518518 0.7197916666666667 0.5925925925925926 0.75625
14 0.9 0.325 0.9666666666666667 0.3640625
