0 0.4888888888888889 0.70546875 0.13518518518518519 0.13489583333333333
0 0.562037037037037 0.6307291666666667 0.09259259259259259 0.128125
0 0.7587962962962963 0.6403645833333333 0.12314814814814815 0.13697916666666668
0 0.13425925925925927 0.5997395833333333 0.04259259259259259 0.044270833333333336
2 0.1300925925925926 0.5856770833333333 0.017592592592592594 0.009895833333333333
2 0.5078703703703704 0.6609375 0.05648148148148148 0.03125
2 0.5546296296296296 0.58203125 0.044444444444444446 0.019270833333333334
2 0.7449074074074075 0.5877604166666667 0.05092592592592592 0.018229166666666668
1 0.475 0.7028645833333333 0.1111111111111111 0.06822916666666666
1 0.5583333333333333 0.6231770833333333 0.05 0.0546875
1 0.7481481481481481 0.6276041666666666 0.07592592592592592 0.053125
1 0.12824074074074074 0.59921875 0.028703703703703703 0.0203125
12 0.5648148148148148 0.3296875 0.19444444444444445 0.17291666666666666
4 0.31342592592592594 0.6052083333333333 0.08611111111111111 0.030208333333333334
4 0.20046296296296295 0.6046875 0.032407407407407406 0.025
8 0.9027777777777778 0.6729166666666667 0.19444444444444445 0.08541666666666667
11 0.9208333333333333 0.8057291666666667 0.15833333333333333 0.159375
10 0.5643518518518519 0.6973958333333333 0.028703703703703703 0.03125
6 0.2449074074074074 0.6049479166666667 0.075 0.027604166666666666
6 0.05694444444444444 0.6067708333333334 0.08796296296296297 0.03125
13 0.10092592592592593 0.5911458333333334 0.2 0.04479166666666667
14 0.21435185185185185 0.5244791666666667 0.42685185185185187 0.03854166666666667
14 0.2916666666666667 0.5760416666666667 0.1814814814814815 0.0375
14 0.48148148148148145 0.5796875 0.08148148148148149 0.020833333333333332
14 0.799537037037037 0.36484375 0.03981481481481482 0.022395833333333334
14 0.9375 0.37161458333333336 0.09537037037037037 0.0265625
14 0.9449074074074074 0.475 0.11018518518518519 0.026041666666666668
14 0.9083333333333333 0.08567708333333333 0.12407407407407407 0.050520833333333334
14 0.9291666666666667 0.28671875 0.10462962962962963 0.03802083333333333
14 0.08981481481481482 0.7395833333333334 0.17777777777777778 0.04895833333333333
