0 0.7682291666666666 0.9138888888888889 0.8223958333333333 1.0
0 0.3515625 0.9175925925925926 0.378125 0.9972222222222222
0 0.3380208333333333 0.887962962962963 0.35625 0.9351851851851852
0 0.25416666666666665 0.8722222222222222 0.2916666666666667 0.9972222222222222
0 0.15 0.8898148148148148 0.18958333333333333 1.0
2 0.2713541666666667 0.8814814814814815 0.2869791666666667 0.8972222222222223
2 0.34479166666666666 0.8953703703703704 0.35260416666666666 0.9092592592592592
2 0.35520833333333335 0.9194444444444444 0.365625 0.9388888888888889
2 0.7869791666666667 0.9222222222222223 0.8005208333333333 0.9407407407407408
1 0.15416666666666667 0.9138888888888889 0.1796875 0.975925925925926
1 0.2630208333333333 0.9083333333333333 0.2921875 0.9555555555555556
1 0.340625 0.9101851851851852 0.35104166666666664 0.9351851851851852
1 0.35520833333333335 0.9425925925925925 0.3770833333333333 0.9805555555555555
1 0.7817708333333333 0.9546296296296296 0.8104166666666667 0.9972222222222222
10 0.041666666666666664 0.8824074074074074 0.075 0.9398148148148148
11 0.4328125 0.662962962962963 0.4786458333333333 0.7046296296296296
12 0.43854166666666666 0.30925925925925923 0.47239583333333335 0.362962962962963
13 0.14114583333333333 0.8722222222222222 0.31666666666666665 0.9212962962962963
14 0.15677083333333333 0.6990740740740741 0.5166666666666667 0.8351851851851851
14 0.5505208333333333 0.000925925925925926 0.8880208333333334 0.08981481481481482
