0 0.5614583333333333 0.6324074074074074 0.6880208333333333 1.0
0 0.5869791666666667 0.5907407407407408 0.6510416666666666 0.737037037037037
0 0.8432291666666667 0.5953703703703703 0.8833333333333333 0.687962962962963
0 0.9520833333333333 0.6027777777777777 0.9802083333333333 0.7018518518518518
2 0.5890625 0.600925925925926 0.6291666666666667 0.6370370370370371
2 0.5796875 0.6259259259259259 0.6239583333333333 0.6787037037037037
2 0.8515625 0.5981481481481481 0.8651041666666667 0.6157407407407407
1 0.5765625 0.6916666666666667 0.6505208333333333 0.8694444444444445
1 0.5838541666666667 0.6611111111111111 0.6291666666666667 0.7
5 0.38385416666666666 0.8194444444444444 0.5765625 0.9611111111111111
11 0.34739583333333335 0.812962962962963 0.6161458333333333 1.0
3 0.5046875 0.6759259259259259 0.5442708333333334 0.7185185185185186
6 0.753125 0.6268518518518519 0.803125 0.7092592592592593
13 0.31145833333333334 0.5685185185185185 0.421875 0.7222222222222222
14 0.7390625 0.5388888888888889 0.840625 0.6435185185185185
14 0.7020833333333333 0.5518518518518518 0.7380208333333333 0.5842592592592593
14 0.7005208333333334 0.5907407407407408 0.7526041666666666 0.6546296296296297
14 0.29791666666666666 0.32037037037037036 0.3463541666666667 0.4083333333333333
14 0.35 0.27870370370370373 0.37864583333333335 0.33425925925925926
