0 0.0787037037037037 0.6302083333333334 0.05185185185185185 0.053125
0 0.449537037037037 0.7380208333333333 0.1527777777777778 0.12395833333333334
0 0.4824074074074074 0.6619791666666667 0.08703703703703704 0.13020833333333334
0 0.7337962962962963 0.6674479166666667 0.11203703703703703 0.13489583333333333
2 0.07361111111111111 0.6127604166666667 0.023148148148148147 0.008854166666666666
2 0.4736111111111111 0.6111979166666667 0.041666666666666664 0.015104166666666667
2 0.45694444444444443 0.6911458333333333 0.05092592592592592 0.026041666666666668
2 0.725925925925926 0.6184895833333334 0.053703703703703705 0.0203125
1 0.41944444444444445 0.7322916666666667 0.1 0.06145833333333333
1 0.47685185185185186 0.65078125 0.07407407407407407 0.0515625
1 0.725462962962963 0.66015625 0.07314814814814814 0.0546875
1 0.075 0.62578125 0.02962962962962963 0.021354166666666667
12 0.5106481481481482 0.35546875 0.19722222222222222 0.16510416666666666
4 0.2657407407407407 0.6322916666666667 0.08703703703703704 0.030208333333333334
4 0.15 0.6328125 0.037037037037037035 0.028125
8 0.8532407407407407 0.6973958333333333 0.2212962962962963 0.08020833333333334
11 0.874537037037037 0.840625 0.25092592592592594 0.15104166666666666
10 0.5162037037037037 0.7299479166666667 0.028703703703703703 0.034895833333333334
6 0.1986111111111111 0.63203125 0.0787037037037037 0.033854166666666664
6 0.03518518518518519 0.6328125 0.06851851851851852 0.0375
14 0.19722222222222222 0.54609375 0.3925925925925926 0.04114583333333333
14 0.2388888888888889 0.60390625 0.17037037037037037 0.0359375
14 0.4337962962962963 0.6114583333333333 0.0787037037037037 0.019791666666666666
14 0.7574074074074074 0.39375 0.046296296296296294 0.027083333333333334
14 0.8921296296296296 0.3997395833333333 0.11018518518518519 0.0328125
14 0.8810185185185185 0.31979166666666664 0.10648148148148148 0.034375
14 0.9018518518518519 0.5080729166666667 0.12222222222222222 0.025520833333333333
14 0.8680555555555556 0.12265625 0.11018518518518519 0.050520833333333334
14 0.07685185185185185 0.7609375 0.15185185185185185 0.03125
