0 0.04765625 0.7277777777777777 0.0703125 0.2722222222222222
0 0.21848958333333332 0.7541666666666667 0.0484375 0.1287037037037037
0 0.23020833333333332 0.6833333333333333 0.06145833333333333 0.1
0 0.29661458333333335 0.7708333333333334 0.11197916666666667 0.38981481481481484
0 0.62734375 0.7069444444444445 0.11927083333333334 0.36574074074074076
2 0.050520833333333334 0.6231481481481481 0.03333333333333333 0.03518518518518519
2 0.2513020833333333 0.6527777777777778 0.022395833333333334 0.046296296296296294
2 0.2203125 0.7087962962962963 0.023958333333333335 0.03425925925925926
2 0.3015625 0.6101851851851852 0.04583333333333333 0.06666666666666667
2 0.63046875 0.55 0.04114583333333333 0.05925925925925926
1 0.21848958333333332 0.6675925925925926 0.0453125 0.06111111111111111
1 0.2046875 0.7481481481481481 0.03854166666666667 0.07777777777777778
1 0.28880208333333335 0.7268518518518519 0.08177083333333333 0.17037037037037037
1 0.63984375 0.6425925925925926 0.05572916666666667 0.13333333333333333
12 0.47291666666666665 0.475 0.12604166666666666 0.22592592592592592
5 0.4270833333333333 0.7893518518518519 0.16354166666666667 0.08796296296296297
8 0.04973958333333333 0.7791666666666667 0.0921875 0.1175925925925926
11 0.46953125 0.8115740740740741 0.21822916666666667 0.1787037037037037
13 0.93359375 0.5009259259259259 0.1328125 0.14814814814814814
14 0.9299479166666667 0.48194444444444445 0.0265625 0.075
