0 0.42135416666666664 0.8490740740740741 0.07708333333333334 0.28703703703703703
0 0.5002604166666667 0.8472222222222222 0.0546875 0.29814814814814816
0 0.5677083333333334 0.8467592592592592 0.0875 0.30648148148148147
0 0.6208333333333333 0.700925925925926 0.028125 0.09259259259259259
0 0.6997395833333333 0.6657407407407407 0.027604166666666666 0.08518518518518518
0 0.75 0.6777777777777778 0.03229166666666667 0.10925925925925926
0 0.8518229166666667 0.7592592592592593 0.0515625 0.14629629629629629
2 0.4088541666666667 0.7305555555555555 0.035416666666666666 0.05
2 0.5 0.7180555555555556 0.030208333333333334 0.04722222222222222
2 0.5515625 0.7245370370370371 0.035416666666666666 0.058333333333333334
2 0.7020833333333333 0.6375 0.017708333333333333 0.028703703703703703
2 0.8466145833333333 0.7046296296296296 0.018229166666666668 0.02962962962962963
1 0.4140625 0.8263888888888888 0.040625 0.11574074074074074
1 0.5010416666666667 0.799074074074074 0.041666666666666664 0.12407407407407407
1 0.5713541666666667 0.8592592592592593 0.07604166666666666 0.18518518518518517
1 0.6192708333333333 0.7050925925925926 0.021875 0.05462962962962963
1 0.7 0.6703703703703704 0.020833333333333332 0.04259259259259259
1 0.74609375 0.6712962962962963 0.0203125 0.06111111111111111
1 0.84609375 0.7412037037037037 0.027604166666666666 0.05092592592592592
8 0.26328125 0.9115740740740741 0.1796875 0.17685185185185184
11 0.7630208333333334 0.8986111111111111 0.18229166666666666 0.125
13 0.8078125 0.7050925925925926 0.14270833333333333 0.12314814814814815
14 0.8135416666666667 0.4273148148148148 0.053125 0.0787037037037037
14 0.8658854166666666 0.36342592592592593 0.0390625 0.06944444444444445
14 0.9645833333333333 0.5254629629629629 0.03958333333333333 0.05462962962962963
14 0.8557291666666667 0.03888888888888889 0.025 0.05555555555555555
