0 0.7078125 0.749537037037037 0.128125 0.38796296296296295
0 0.7276041666666667 0.6606481481481481 0.07708333333333334 0.325
0 0.8682291666666667 0.5472222222222223 0.040625 0.10740740740740741
2 0.6791666666666667 0.587037037037037 0.035416666666666666 0.05
2 0.7145833333333333 0.5398148148148149 0.035416666666666666 0.053703703703703705
2 0.8666666666666667 0.5111111111111111 0.017708333333333333 0.025925925925925925
1 0.7104166666666667 0.6722222222222223 0.071875 0.1425925925925926
1 0.72109375 0.6199074074074075 0.06197916666666667 0.13425925925925927
3 0.9479166666666666 0.575925925925926 0.04895833333333333 0.06481481481481481
3 0.58125 0.6222222222222222 0.036458333333333336 0.03888888888888889
5 0.5424479166666667 0.7893518518518519 0.19947916666666668 0.10462962962962963
11 0.5375 0.8268518518518518 0.246875 0.18518518518518517
6 0.7838541666666666 0.5518518518518518 0.03854166666666667 0.044444444444444446
13 0.43072916666666666 0.5925925925925926 0.11041666666666666 0.14074074074074075
14 0.37395833333333334 0.3101851851851852 0.04791666666666667 0.07037037037037037
14 0.4114583333333333 0.2537037037037037 0.0375 0.06481481481481481
14 0.8578125 0.4930555555555556 0.12083333333333333 0.08425925925925926
14 0.7763020833333333 0.4736111111111111 0.044270833333333336 0.03611111111111111
14 0.93203125 0.5074074074074074 0.04739583333333333 0.06111111111111111
14 0.78671875 0.5291666666666667 0.05572916666666667 0.06018518518518518
