0 0.3541666666666667 0.7037037037037037 0.03229166666666667 0.15185185185185185
0 0.4083333333333333 0.7726851851851851 0.06770833333333333 0.262037037037037
0 0.43255208333333334 0.7106481481481481 0.028645833333333332 0.15462962962962962
2 0.40703125 0.6587962962962963 0.022395833333333334 0.026851851851851852
2 0.42604166666666665 0.6430555555555556 0.011458333333333333 0.019444444444444445
2 0.35911458333333335 0.6375 0.0171875 0.019444444444444445
1 0.4005208333333333 0.725462962962963 0.040625 0.09537037037037037
1 0.3533854166666667 0.6949074074074074 0.022395833333333334 0.0712962962962963
1 0.43125 0.6912037037037037 0.021875 0.05462962962962963
10 0.09375 0.6421296296296296 0.0375 0.06018518518518518
11 0.47291666666666665 0.8430555555555556 0.15833333333333333 0.11388888888888889
12 0.49453125 0.21296296296296297 0.07760416666666667 0.15
13 0.3015625 0.6291666666666667 0.190625 0.05277777777777778
14 0.39479166666666665 0.48842592592592593 0.4114583333333333 0.15833333333333333
