0 0.7140625 0.39444444444444443 0.8380208333333333 0.7620370370370371
0 0.7963541666666667 0.3416666666666667 0.8953125 0.7092592592592593
0 0.8822916666666667 0.32407407407407407 0.9192708333333334 0.42407407407407405
2 0.7317708333333334 0.3972222222222222 0.7796875 0.44537037037037036
2 0.7984375 0.3351851851851852 0.8354166666666667 0.4009259259259259
2 0.8854166666666666 0.3314814814814815 0.8994791666666667 0.35
1 0.746875 0.43703703703703706 0.8125 0.562037037037037
1 0.7942708333333334 0.3990740740740741 0.8619791666666666 0.5444444444444444
5 0.5348958333333333 0.5972222222222222 0.728125 0.6777777777777778
8 0.0015625 0.775 0.1546875 1.0
11 0.5119791666666667 0.5694444444444444 0.7572916666666667 0.7731481481481481
3 0.6166666666666667 0.4675925925925926 0.6541666666666667 0.5101851851851852
13 0.4359375 0.4064814814814815 0.5322916666666667 0.5388888888888889
14 0.3796875 0.17037037037037037 0.4401041666666667 0.2537037037037037
14 0.4239583333333333 0.10925925925925926 0.4588541666666667 0.17407407407407408
14 0.8411458333333334 0.2638888888888889 0.9723958333333333 0.37407407407407406
14 0.8026041666666667 0.2916666666666667 0.8447916666666667 0.3287037037037037
