0 0.45729166666666665 0.7342592592592593 0.5317708333333333 0.9731481481481481
0 0.5458333333333333 0.6296296296296297 0.6177083333333333 0.9712962962962963
0 0.6630208333333333 0.6574074074074074 0.6828125 0.7398148148148148
0 0.4078125 0.6537037037037037 0.4453125 0.7342592592592593
0 0.8979166666666667 0.6472222222222223 0.928125 0.7787037037037037
0 0.9265625 0.6444444444444445 0.9505208333333334 0.7870370370370371
0 0.9463541666666667 0.6416666666666667 0.9760416666666667 0.7759259259259259
2 0.42135416666666664 0.6509259259259259 0.434375 0.6685185185185185
2 0.459375 0.7462962962962963 0.484375 0.8
2 0.5723958333333333 0.6425925925925926 0.5989583333333334 0.6916666666666667
2 0.9067708333333333 0.6509259259259259 0.9171875 0.6731481481481482
2 0.9286458333333333 0.6444444444444445 0.9416666666666667 0.6666666666666666
2 0.9442708333333333 0.6472222222222223 0.9598958333333333 0.6685185185185185
1 0.46770833333333334 0.7685185185185185 0.5239583333333333 0.825
1 0.5598958333333334 0.687962962962963 0.6119791666666666 0.8268518518518518
1 0.90625 0.6759259259259259 0.925 0.7222222222222222
1 0.9296875 0.6666666666666666 0.9505208333333334 0.7175925925925926
1 0.9479166666666666 0.6685185185185185 0.96875 0.7166666666666667
12 0.2765625 0.12407407407407407 0.3338541666666667 0.33425925925925926
5 0.28802083333333334 0.8148148148148148 0.4984375 0.8925925925925926
11 0.2796875 0.812037037037037 0.4828125 0.962037037037037
8 0.009375 0.8583333333333333 0.26458333333333334 0.9944444444444445
3 0.2796875 0.7129629629629629 0.30833333333333335 0.7583333333333333
6 0.3380208333333333 0.6731481481481482 0.38385416666666666 0.7444444444444445
6 0.9625 0.6583333333333333 1.0 0.7324074074074074
13 0.14583333333333334 0.6564814814814814 0.19114583333333332 0.7509259259259259
14 0.05520833333333333 0.3537037037037037 0.09947916666666666 0.4305555555555556
14 0.08802083333333334 0.30277777777777776 0.115625 0.3768518518518518
14 0.47239583333333335 0.6027777777777777 0.5744791666666667 0.7046296296296296
14 0.43020833333333336 0.600925925925926 0.471875 0.6305555555555555
14 0.8432291666666667 0.44907407407407407 0.8786458333333333 0.5092592592592593
14 0.8989583333333333 0.5370370370370371 1.0 0.6092592592592593
14 0.6947916666666667 0.1675925925925926 0.746875 0.23148148148148148
14 0.7026041666666667 0.30925925925925923 0.7473958333333334 0.3592592592592593
14 0.678125 0.3888888888888889 0.6927083333333334 0.425
14 0.8411458333333334 0.6472222222222223 0.8885416666666667 0.7111111111111111
14 0.915625 0.8324074074074074 1.0 0.8972222222222223
