0 0.1 0.8768518518518519 0.18229166666666666 1.0
0 0.3109375 0.9120370370370371 0.3729166666666667 1.0
0 0.46145833333333336 0.9148148148148149 0.5239583333333333 1.0
2 0.11302083333333333 0.8851851851851852 0.1625 0.9462962962962963
2 0.3296875 0.9231481481481482 0.3625 0.9638888888888889
2 0.46875 0.9212962962962963 0.5010416666666667 0.9648148148148148
1 0.3171875 0.9694444444444444 0.3614583333333333 1.0
1 0.45729166666666665 0.9768518518518519 0.5140625 1.0
12 0.3177083333333333 0.004629629629629629 0.48072916666666665 0.22314814814814815
3 0.265625 0.6268518518518519 0.521875 0.925
7 0.7005208333333334 0.9675925925925926 0.8411458333333334 1.0
6 0.9328125 0.9574074074074074 1.0 0.9981481481481481
14 0.013541666666666667 0.13425925925925927 0.11145833333333334 0.2657407407407407
14 0.003125 0.3416666666666667 0.10625 0.46574074074074073
14 0.0005208333333333333 0.6203703703703703 0.103125 0.7453703703703703
14 0.31927083333333334 0.8870370370370371 0.5796875 0.9527777777777777
14 0.9552083333333333 0.000925925925925926 1.0 0.10925925925925926
14 0.9489583333333333 0.6129629629629629 0.9734375 0.6583333333333333
