0 0.32057291666666665 0.799074074074074 0.06614583333333333 0.30185185185185187
0 0.42135416666666664 0.7768518518518519 0.059375 0.30925925925925923
0 0.6796875 0.6592592592592592 0.028125 0.11481481481481481
0 0.6981770833333333 0.6527777777777778 0.022395833333333334 0.12407407407407407
0 0.71328125 0.637962962962963 0.027604166666666666 0.1037037037037037
0 0.4979166666666667 0.6666666666666666 0.026041666666666668 0.08518518518518518
2 0.31744791666666666 0.6736111111111112 0.024479166666666666 0.03796296296296296
2 0.4200520833333333 0.6537037037037037 0.030729166666666665 0.040740740740740744
2 0.6760416666666667 0.6162037037037037 0.010416666666666666 0.01574074074074074
2 0.6955729166666667 0.6087962962962963 0.009895833333333333 0.019444444444444445
2 0.7059895833333333 0.6069444444444444 0.0109375 0.023148148148148147
1 0.32526041666666666 0.750462962962963 0.043229166666666666 0.10277777777777777
1 0.41901041666666666 0.736574074074074 0.0546875 0.1287037037037037
1 0.67890625 0.6462962962962963 0.018229166666666668 0.040740740740740744
1 0.7 0.638425925925926 0.016666666666666666 0.04351851851851852
1 0.7106770833333333 0.6361111111111111 0.018229166666666668 0.040740740740740744
12 0.12578125 0.2337962962962963 0.07239583333333334 0.19722222222222222
3 0.44583333333333336 0.6986111111111111 0.03854166666666667 0.058333333333333334
5 0.23151041666666666 0.8495370370370371 0.23697916666666666 0.06944444444444445
8 0.9114583333333334 0.8277777777777777 0.17708333333333334 0.25925925925925924
8 0.05364583333333333 0.9277777777777778 0.10520833333333333 0.14444444444444443
11 0.22447916666666667 0.8930555555555556 0.21041666666666667 0.1287037037037037
6 0.8752604166666667 0.625 0.23697916666666666 0.08333333333333333
6 0.15416666666666667 0.7162037037037037 0.04375 0.07685185185185185
3 0.12265625 0.7513888888888889 0.0296875 0.030555555555555555
13 0.8950520833333333 0.5842592592592593 0.18385416666666668 0.044444444444444446
14 0.5403645833333334 0.18564814814814815 0.0546875 0.06759259259259259
14 0.54296875 0.31157407407407406 0.04010416666666667 0.05462962962962963
14 0.51015625 0.38287037037037036 0.016145833333333335 0.03796296296296296
14 0.7984375 0.18518518518518517 0.034375 0.05
14 0.6807291666666667 0.4388888888888889 0.036458333333333336 0.06481481481481481
14 0.8552083333333333 0.49027777777777776 0.28958333333333336 0.11388888888888889
14 0.35911458333333335 0.6324074074074074 0.09739583333333333 0.09444444444444444
14 0.2838541666666667 0.6037037037037037 0.029166666666666667 0.024074074074074074
14 0.30859375 0.625462962962963 0.0296875 0.025
14 0.7828125 0.7944444444444444 0.12083333333333333 0.07037037037037037
