0 0.17265625 0.6986111111111111 0.08072916666666667 0.19907407407407407
0 0.48333333333333334 0.7694444444444445 0.051041666666666666 0.24259259259259258
0 0.5481770833333334 0.7490740740740741 0.06197916666666667 0.28888888888888886
0 0.9578125 0.7611111111111111 0.08333333333333333 0.4777777777777778
2 0.16041666666666668 0.6300925925925925 0.036458333333333336 0.058333333333333334
2 0.4713541666666667 0.6763888888888889 0.028125 0.041666666666666664
2 0.5440104166666667 0.6425925925925926 0.034895833333333334 0.05185185185185185
2 0.98125 0.5847222222222223 0.0375 0.12129629629629629
1 0.4830729166666667 0.7361111111111112 0.050520833333333334 0.09259259259259259
1 0.5447916666666667 0.7162037037037037 0.05520833333333333 0.11388888888888889
1 0.96328125 0.8060185185185185 0.0734375 0.2935185185185185
12 0.32083333333333336 0.44722222222222224 0.10520833333333333 0.2111111111111111
3 0.017708333333333333 0.7782407407407408 0.034375 0.19722222222222222
3 0.3625 0.8083333333333333 0.121875 0.2111111111111111
3 0.5046875 0.7856481481481481 0.17291666666666666 0.175
7 0.5973958333333333 0.6962962962962963 0.07395833333333333 0.06111111111111111
7 0.3651041666666667 0.7055555555555556 0.10208333333333333 0.05555555555555555
6 0.8315104166666667 0.7097222222222223 0.30052083333333335 0.13796296296296295
14 0.2875 0.6236111111111111 0.24791666666666667 0.06388888888888888
14 0.7979166666666667 0.2162037037037037 0.06145833333333333 0.0824074074074074
14 0.7450520833333333 0.37175925925925923 0.0203125 0.03981481481481482
14 0.94609375 0.3787037037037037 0.1078125 0.15925925925925927
14 0.8729166666666667 0.625462962962963 0.040625 0.05277777777777778
