0 0.5270833333333333 0.8125 0.08854166666666667 0.21388888888888888
0 0.6236979166666666 0.7541666666666667 0.0609375 0.3490740740740741
0 0.734375 0.6504629629629629 0.026041666666666668 0.09907407407407408
0 0.5046875 0.6402777777777777 0.03229166666666667 0.0787037037037037
2 0.4986979166666667 0.7555555555555555 0.030729166666666665 0.053703703703703705
2 0.6197916666666666 0.612037037037037 0.035416666666666666 0.046296296296296294
2 0.5075520833333333 0.6097222222222223 0.015104166666666667 0.019444444444444445
1 0.5270833333333333 0.7648148148148148 0.06145833333333333 0.07222222222222222
1 0.621875 0.7032407407407407 0.05625 0.12685185185185185
12 0.34609375 0.15462962962962962 0.0640625 0.21851851851851853
5 0.43411458333333336 0.8050925925925926 0.21614583333333334 0.0787037037037037
8 0.11640625 0.8893518518518518 0.2296875 0.2212962962962963
11 0.42213541666666665 0.8467592592592592 0.20885416666666667 0.16018518518518518
3 0.3497395833333333 0.6824074074074075 0.03802083333333333 0.046296296296296294
6 0.43776041666666665 0.6555555555555556 0.044270833333333336 0.07222222222222222
3 0.6630208333333333 0.6708333333333333 0.04375 0.05648148148148148
13 0.22369791666666666 0.6569444444444444 0.06302083333333333 0.1175925925925926
14 0.13619791666666667 0.3388888888888889 0.05572916666666667 0.06481481481481481
14 0.171875 0.29444444444444445 0.03229166666666667 0.08518518518518518
14 0.7877604166666666 0.1425925925925926 0.0546875 0.06481481481481481
14 0.7955729166666666 0.2828703703703704 0.04635416666666667 0.05277777777777778
14 0.7505208333333333 0.35 0.019791666666666666 0.03518518518518519
14 0.9341145833333333 0.41805555555555557 0.034895833333333334 0.06944444444444445
14 0.9861979166666667 0.524074074074074 0.027604166666666666 0.05740740740740741
14 0.5885416666666666 0.5930555555555556 0.10104166666666667 0.09537037037037037
14 0.5130208333333334 0.5634259259259259 0.041666666666666664 0.028703703703703703
