0 0.30078125 0.9064814814814814 0.05677083333333333 0.15925925925925927
0 0.384375 0.887962962962963 0.03854166666666667 0.12962962962962962
2 0.28984375 0.8453703703703703 0.018229166666666668 0.02962962962962963
2 0.38125 0.8421296296296297 0.016666666666666666 0.030555555555555555
1 0.2908854166666667 0.8921296296296296 0.033854166666666664 0.07314814814814814
1 0.384375 0.8814814814814815 0.027083333333333334 0.05925925925925926
12 0.33489583333333334 0.24768518518518517 0.05520833333333333 0.10462962962962963
10 0.6940104166666666 0.8495370370370371 0.0546875 0.08055555555555556
14 0.6455729166666667 0.2722222222222222 0.0421875 0.1037037037037037
14 0.7515625 0.3435185185185185 0.065625 0.10925925925925926
14 0.8466145833333333 0.6865740740740741 0.1046875 0.06018518518518518
14 0.909375 0.6787037037037037 0.040625 0.05925925925925926
