0 0.3597222222222222 0.6783854166666666 0.12314814814814815 0.1171875
0 0.3574074074074074 0.7625 0.14629629629629629 0.109375
0 0.6555555555555556 0.6984375 0.10185185185185185 0.14895833333333333
2 0.3527777777777778 0.6388020833333333 0.04259259259259259 0.018229166666666668
2 0.37407407407407406 0.71796875 0.05 0.0203125
2 0.6652777777777777 0.6473958333333333 0.05092592592592592 0.022916666666666665
1 0.3509259259259259 0.678125 0.07037037037037037 0.05416666666666667
1 0.3347222222222222 0.76171875 0.10833333333333334 0.0640625
1 0.6486111111111111 0.6861979166666666 0.0712962962962963 0.0578125
12 0.4671296296296296 0.384375 0.2212962962962963 0.15208333333333332
4 0.18055555555555555 0.6611979166666667 0.08703703703703704 0.030729166666666665
4 0.06481481481481481 0.6611979166666667 0.03333333333333333 0.027604166666666666
8 0.7736111111111111 0.7263020833333333 0.2064814814814815 0.09322916666666667
11 0.8398148148148148 0.8755208333333333 0.32037037037037036 0.15
10 0.42314814814814816 0.7578125 0.022222222222222223 0.036458333333333336
6 0.11388888888888889 0.6635416666666667 0.07407407407407407 0.034375
13 0.03518518518518519 0.63671875 0.06851851851851852 0.030729166666666665
14 0.15787037037037038 0.5716145833333334 0.3138888888888889 0.07239583333333334
14 0.7856481481481481 0.15729166666666666 0.1398148148148148 0.04583333333333333
14 0.6833333333333333 0.4270833333333333 0.05925925925925926 0.0375
14 0.8171296296296297 0.43072916666666666 0.11018518518518519 0.036458333333333336
14 0.799074074074074 0.34713541666666664 0.11851851851851852 0.04010416666666667
14 0.8208333333333333 0.5377604166666666 0.13796296296296295 0.030729166666666665
14 0.15601851851851853 0.6286458333333333 0.18796296296296297 0.0375
