0 0.25052083333333336 0.6324074074074074 0.34427083333333336 0.7925925925925926
0 0.5119791666666667 0.5398148148148149 0.565625 0.8398148148148148
0 0.6 0.5481481481481482 0.6229166666666667 0.6370370370370371
0 0.6869791666666667 0.5277777777777778 0.7135416666666666 0.6722222222222223
0 0.709375 0.5296296296296297 0.7458333333333333 0.6555555555555556
2 0.2609375 0.6537037037037037 0.28177083333333336 0.7027777777777777
2 0.528125 0.5435185185185185 0.5536458333333333 0.5898148148148148
2 0.6911458333333333 0.5370370370370371 0.7072916666666667 0.562962962962963
2 0.7114583333333333 0.5361111111111111 0.7234375 0.5601851851851852
1 0.2796875 0.6583333333333333 0.31979166666666664 0.7240740740740741
1 0.5171875 0.5833333333333334 0.559375 0.687037037037037
1 0.6895833333333333 0.5592592592592592 0.7 0.5962962962962963
1 0.6953125 0.5527777777777778 0.7119791666666667 0.5990740740740741
1 0.7104166666666667 0.5555555555555556 0.7296875 0.6027777777777777
12 0.24583333333333332 0.05277777777777778 0.29322916666666665 0.24814814814814815
3 0.5526041666666667 0.5861111111111111 0.5770833333333333 0.6416666666666667
4 0.42239583333333336 0.600925925925926 0.4734375 0.6240740740740741
5 0.26979166666666665 0.7194444444444444 0.4765625 0.7787037037037037
8 0.015625 0.7129629629629629 0.28072916666666664 1.0
11 0.2755208333333333 0.7046296296296296 0.4505208333333333 0.8361111111111111
6 0.8864583333333333 0.5157407407407407 0.9994791666666667 0.6101851851851852
6 0.20729166666666668 0.5990740740740741 0.23802083333333332 0.6574074074074074
13 0.1171875 0.5851851851851851 0.15572916666666667 0.6777777777777778
14 0.8473958333333333 0.687962962962963 0.9489583333333333 0.7574074074074074
14 0.8354166666666667 0.3888888888888889 1.0 0.4787037037037037
14 0.7822916666666667 0.33425925925925926 0.8192708333333333 0.39166666666666666
14 0.9223958333333333 0.06666666666666667 0.9583333333333334 0.125
14 0.6442708333333333 0.20555555555555555 0.690625 0.24814814814814815
14 0.6229166666666667 0.06481481481481481 0.6921875 0.12685185185185185
14 0.6223958333333334 0.2777777777777778 0.6385416666666667 0.3212962962962963
14 0.4348958333333333 0.5009259259259259 0.5260416666666666 0.6101851851851852
14 0.41822916666666665 0.5296296296296297 0.440625 0.5509259259259259
14 0.40260416666666665 0.5481481481481482 0.440625 0.5972222222222222
14 0.3875 0.5092592592592593 0.42552083333333335 0.5342592592592592
14 0.0005208333333333333 0.2814814814814815 0.059375 0.36944444444444446
14 0.7822916666666667 0.5231481481481481 0.834375 0.5879629629629629
