0 0.7270833333333333 0.8712962962962963 0.7708333333333334 1.0
0 0.3098958333333333 0.9027777777777778 0.34479166666666666 1.0
0 0.30104166666666665 0.887962962962963 0.3229166666666667 0.9361111111111111
0 0.228125 0.875 0.2635416666666667 0.9518518518518518
0 0.09895833333333333 0.9027777777777778 0.14635416666666667 1.0
2 0.23854166666666668 0.8842592592592593 0.25364583333333335 0.9
2 0.3067708333333333 0.8953703703703704 0.3151041666666667 0.9037037037037037
2 0.31666666666666665 0.9027777777777778 0.3296875 0.9166666666666666
2 0.1125 0.9037037037037037 0.12916666666666668 0.9222222222222223
2 0.7364583333333333 0.8759259259259259 0.7515625 0.8935185185185185
1 0.10729166666666666 0.9324074074074075 0.12760416666666666 0.9953703703703703
1 0.23177083333333334 0.9185185185185185 0.2598958333333333 0.9398148148148148
1 0.315625 0.9287037037037037 0.3380208333333333 0.9694444444444444
1 0.303125 0.9120370370370371 0.31666666666666665 0.9361111111111111
1 0.7359375 0.9064814814814814 0.7604166666666666 0.9555555555555556
10 0.0020833333333333333 0.9101851851851852 0.0203125 0.9648148148148148
11 0.39479166666666665 0.6620370370370371 0.44114583333333335 0.6944444444444444
12 0.39427083333333335 0.29814814814814816 0.42604166666666665 0.3435185185185185
13 0.09427083333333333 0.887962962962963 0.2760416666666667 0.9388888888888889
14 0.10416666666666667 0.7074074074074074 0.478125 0.8203703703703704
14 0.5348958333333333 0.000925925925925926 0.6755208333333333 0.062037037037037036
