0 0.29322916666666665 0.6537037037037037 0.3255208333333333 0.7379629629629629
0 0.32916666666666666 0.662962962962963 0.3984375 0.8675925925925926
0 0.5239583333333333 0.6222222222222222 0.5880208333333333 0.9194444444444444
0 0.615625 0.6259259259259259 0.6416666666666667 0.7268518518518519
0 0.7348958333333333 0.6027777777777777 0.7630208333333334 0.7342592592592593
0 0.7515625 0.600925925925926 0.778125 0.7092592592592593
0 0.7682291666666666 0.5879629629629629 0.803125 0.7287037037037037
2 0.30520833333333336 0.6666666666666666 0.31614583333333335 0.6814814814814815
2 0.33489583333333334 0.6777777777777778 0.3578125 0.7111111111111111
2 0.5442708333333334 0.6361111111111111 0.56875 0.6759259259259259
2 0.7416666666666667 0.6148148148148148 0.753125 0.6351851851851852
2 0.7567708333333333 0.6074074074074074 0.7677083333333333 0.6324074074074074
2 0.7697916666666667 0.6037037037037037 0.7875 0.6296296296296297
1 0.3416666666666667 0.7018518518518518 0.38333333333333336 0.8074074074074075
1 0.5322916666666667 0.6694444444444444 0.5734375 0.7805555555555556
1 0.7447916666666666 0.6314814814814815 0.7578125 0.6805555555555556
1 0.7619791666666667 0.6296296296296297 0.7765625 0.674074074074074
1 0.7729166666666667 0.6305555555555555 0.7911458333333333 0.6712962962962963
12 0.25625 0.1648148148148148 0.315625 0.3537037037037037
3 0.5677083333333334 0.6648148148148149 0.6 0.725
4 0.43854166666666666 0.6842592592592592 0.4942708333333333 0.7166666666666667
5 0.2859375 0.812037037037037 0.484375 0.8629629629629629
8 0.08489583333333334 0.8287037037037037 0.2833333333333333 1.0
11 0.28958333333333336 0.8166666666666667 0.47239583333333335 0.937037037037037
6 0.9005208333333333 0.5916666666666667 1.0 0.6638888888888889
6 0.25052083333333336 0.6861111111111111 0.28020833333333334 0.7546296296296297
14 0.6447916666666667 0.14351851851851852 0.6942708333333333 0.2101851851851852
14 0.6604166666666667 0.275 0.7005208333333334 0.337037037037037
14 0.9328125 0.13055555555555556 0.9645833333333333 0.18981481481481483
14 0.8005208333333333 0.39444444444444443 0.8421875 0.4601851851851852
14 0.8583333333333333 0.4666666666666667 1.0 0.5574074074074075
14 0.634375 0.36574074074074076 0.6526041666666667 0.4027777777777778
14 0.4 0.5907407407407408 0.4401041666666667 0.6259259259259259
14 0.4322916666666667 0.6148148148148148 0.4546875 0.6398148148148148
14 0.44895833333333335 0.5842592592592593 0.5453125 0.6935185185185185
14 0.415625 0.6361111111111111 0.4609375 0.6953703703703704
14 0.5416666666666666 0.612037037037037 0.5770833333333333 0.6685185185185185
14 0.009895833333333333 0.3851851851851852 0.08125 0.47129629629629627
14 0.8005208333333333 0.5972222222222222 0.85625 0.6685185185185185
14 0.8744791666666667 0.7666666666666667 0.9713541666666666 0.8361111111111111
