0 0.3087962962962963 0.6880208333333333 0.11388888888888889 0.11458333333333333
0 0.3162037037037037 0.7786458333333334 0.175 0.13125
0 0.6152777777777778 0.7151041666666667 0.0824074074074074 0.15208333333333332
2 0.3055555555555556 0.6481770833333333 0.040740740740740744 0.0203125
2 0.3287037037037037 0.728125 0.05 0.027083333333333334
2 0.6138888888888889 0.6578125 0.044444444444444446 0.019791666666666666
1 0.29768518518518516 0.6846354166666667 0.0787037037037037 0.0546875
1 0.2861111111111111 0.77265625 0.08703703703703704 0.0796875
1 0.6083333333333333 0.6924479166666667 0.06851851851851852 0.0546875
12 0.48009259259259257 0.39114583333333336 0.19166666666666668 0.13645833333333332
4 0.13333333333333333 0.6684895833333333 0.09259259259259259 0.034895833333333334
4 0.01712962962962963 0.6674479166666667 0.032407407407407406 0.030729166666666665
8 0.7310185185185185 0.7411458333333333 0.22870370370370371 0.08333333333333333
11 0.8046296296296296 0.8841145833333334 0.3907407407407407 0.1609375
10 0.3800925925925926 0.7674479166666667 0.041666666666666664 0.0390625
6 0.0625 0.6651041666666667 0.0787037037037037 0.036458333333333336
13 0.014351851851851852 0.6424479166666667 0.026851851851851852 0.034895833333333334
14 0.13240740740740742 0.5869791666666667 0.26296296296296295 0.05416666666666667
14 0.7708333333333334 0.4471354166666667 0.11574074074074074 0.04635416666666667
14 0.6398148148148148 0.43697916666666664 0.06296296296296296 0.0375
14 0.763425925925926 0.365625 0.11018518518518519 0.05
14 0.7532407407407408 0.1703125 0.10833333333333334 0.052083333333333336
14 0.7754629629629629 0.54609375 0.13796296296296295 0.03177083333333333
14 0.11481481481481481 0.6416666666666667 0.17962962962962964 0.052083333333333336
