0 0.1546875 0.6203703703703703 0.23645833333333333 0.8175925925925925
0 0.4557291666666667 0.737037037037037 0.5255208333333333 0.9185185185185185
0 0.5328125 0.612037037037037 0.609375 0.9018518518518519
0 0.94375 0.6111111111111112 0.9989583333333333 1.0
2 0.16666666666666666 0.6240740740740741 0.19322916666666667 0.6703703703703704
2 0.4557291666666667 0.7518518518518519 0.48072916666666665 0.812037037037037
2 0.5479166666666667 0.6333333333333333 0.5770833333333333 0.687037037037037
1 0.46979166666666666 0.7416666666666667 0.515625 0.8268518518518518
1 0.55 0.6796296296296296 0.5932291666666667 0.7759259259259259
1 0.9567708333333333 0.6833333333333333 1.0 0.9462962962962963
12 0.2703125 0.3768518518518518 0.4036458333333333 0.5777777777777777
3 0.31145833333333334 0.7231481481481481 0.4479166666666667 0.9407407407407408
3 0.44583333333333336 0.7342592592592593 0.6057291666666667 0.8824074074074074
3 0.0010416666666666667 0.6916666666666667 0.049479166666666664 0.8694444444444445
7 0.5911458333333334 0.6712962962962963 0.6609375 0.7481481481481481
7 0.28489583333333335 0.6962962962962963 0.3296875 0.7435185185185185
7 0.35208333333333336 0.7138888888888889 0.42135416666666664 0.7546296296296297
6 0.6963541666666667 0.6518518518518519 0.9994791666666667 0.8055555555555556
14 0.20625 0.6194444444444445 0.4328125 0.6694444444444444
14 0.9229166666666667 0.33796296296296297 1.0 0.4740740740740741
14 0.7890625 0.19166666666666668 0.8473958333333333 0.2824074074074074
14 0.7546875 0.37037037037037035 0.7765625 0.40185185185185185
