0 0.3807291666666667 0.8518518518518519 0.08645833333333333 0.2962962962962963
0 0.52265625 0.8472222222222222 0.05364583333333333 0.3055555555555556
0 0.58671875 0.8486111111111111 0.08697916666666666 0.30277777777777776
0 0.6518229166666667 0.6981481481481482 0.027604166666666666 0.10740740740740741
0 0.73203125 0.6657407407407407 0.028645833333333332 0.10185185185185185
0 0.7783854166666667 0.6777777777777778 0.0296875 0.11666666666666667
0 0.8697916666666666 0.7546296296296297 0.03958333333333333 0.14814814814814814
2 0.37395833333333334 0.7449074074074075 0.03125 0.05277777777777778
2 0.5205729166666667 0.7263888888888889 0.0265625 0.05092592592592592
2 0.5705729166666667 0.7324074074074074 0.034895833333333334 0.06111111111111111
2 0.73671875 0.6472222222222223 0.019270833333333334 0.02962962962962963
2 0.8643229166666667 0.7074074074074074 0.0203125 0.027777777777777776
1 0.37890625 0.8324074074074074 0.03802083333333333 0.12407407407407407
1 0.5234375 0.8143518518518519 0.04479166666666667 0.12129629629629629
1 0.5940104166666667 0.8722222222222222 0.08385416666666666 0.18703703703703703
1 0.6578125 0.7069444444444445 0.019791666666666666 0.06944444444444445
1 0.73125 0.6722222222222223 0.027083333333333334 0.046296296296296294
1 0.7765625 0.6754629629629629 0.021875 0.06388888888888888
1 0.86953125 0.7467592592592592 0.0296875 0.0712962962962963
8 0.30052083333333335 0.9162037037037037 0.20833333333333334 0.1675925925925926
11 0.7901041666666667 0.8981481481481481 0.17395833333333333 0.12777777777777777
13 0.8424479166666666 0.7138888888888889 0.14427083333333332 0.12407407407407407
14 0.8377604166666667 0.42685185185185187 0.058854166666666666 0.07962962962962963
14 0.8984375 0.3578703703703704 0.04583333333333333 0.07685185185185185
14 0.9877604166666667 0.5152777777777777 0.024479166666666666 0.06759259259259259
14 0.8869791666666667 0.03287037037037037 0.03333333333333333 0.05277777777777778
