0 0.03854166666666667 0.5861111111111111 0.10052083333333334 0.8462962962962963
0 0.203125 0.6194444444444445 0.2625 0.725
0 0.19010416666666666 0.687037037037037 0.25104166666666666 0.812037037037037
0 0.25625 0.587037037037037 0.35885416666666664 1.0
0 0.5697916666666667 0.524074074074074 0.6770833333333334 0.8962962962962963
2 0.05520833333333333 0.5907407407407408 0.08802083333333334 0.6370370370370371
2 0.24114583333333334 0.6481481481481481 0.25833333333333336 0.6861111111111111
2 0.21510416666666668 0.687962962962963 0.23541666666666666 0.7157407407407408
2 0.3182291666666667 0.5972222222222222 0.3515625 0.6620370370370371
2 0.609375 0.5268518518518519 0.6421875 0.5805555555555556
1 0.20260416666666667 0.6398148148148148 0.23958333333333334 0.687962962962963
1 0.19270833333333334 0.7074074074074074 0.22604166666666667 0.7870370370370371
1 0.2609375 0.6453703703703704 0.3296875 0.8166666666666667
1 0.6072916666666667 0.5777777777777777 0.6598958333333333 0.7490740740740741
12 0.415625 0.35648148148148145 0.5489583333333333 0.5953703703703703
5 0.3416666666666667 0.7555555555555555 0.5104166666666666 0.8407407407407408
8 0.011458333333333333 0.712037037037037 0.103125 0.825
11 0.3614583333333333 0.7194444444444444 0.5708333333333333 0.8944444444444445
13 0.8635416666666667 0.44166666666666665 1.0 0.575925925925926
14 0.9067708333333333 0.45555555555555555 0.9494791666666667 0.5203703703703704
