0 0.23055555555555557 0.590625 0.33055555555555555 0.7
0 0.23796296296296296 0.6567708333333333 0.3925925925925926 0.784375
0 0.5638888888888889 0.6 0.649074074074074 0.7572916666666667
2 0.2564814814814815 0.6052083333333333 0.29907407407407405 0.6223958333333334
2 0.3277777777777778 0.6598958333333333 0.36944444444444446 0.6833333333333333
2 0.5898148148148148 0.6098958333333333 0.6314814814814815 0.6291666666666667
1 0.24259259259259258 0.6276041666666666 0.325 0.6828125
1 0.2351851851851852 0.6817708333333333 0.3435185185185185 0.75
1 0.5685185185185185 0.6328125 0.6416666666666667 0.6885416666666667
12 0.40185185185185185 0.28541666666666665 0.5731481481481482 0.4328125
4 0.09259259259259259 0.6192708333333333 0.1824074074074074 0.6505208333333333
4 0.006481481481481481 0.6213541666666667 0.03981481481481482 0.6494791666666667
8 0.6212962962962963 0.6619791666666667 0.8444444444444444 0.7411458333333333
11 0.6185185185185185 0.7552083333333334 1.0 0.9145833333333333
10 0.3712962962962963 0.7166666666666667 0.3962962962962963 0.7484375
6 0.027777777777777776 0.6130208333333333 0.11203703703703703 0.6541666666666667
14 0.003703703703703704 0.5244791666666667 0.2712962962962963 0.5802083333333333
14 0.612037037037037 0.37604166666666666 0.6574074074074074 0.4239583333333333
14 0.6944444444444444 0.38697916666666665 0.8231481481481482 0.4270833333333333
14 0.7129629629629629 0.3015625 0.8148148148148148 0.35052083333333334
14 0.687037037037037 0.09791666666666667 0.8074074074074075 0.16458333333333333
14 0.7240740740740741 0.4979166666666667 0.8407407407407408 0.534375
14 0.023148148148148147 0.584375 0.22037037037037038 0.6354166666666666
