0 0.014583333333333334 0.5592592592592592 0.0984375 0.8361111111111111
0 0.1703125 0.5953703703703703 0.2375 0.6916666666666667
0 0.15208333333333332 0.6481481481481481 0.2109375 0.7935185185185185
0 0.20260416666666667 0.649074074074074 0.35625 1.0
0 0.5239583333333333 0.49907407407407406 0.6359375 0.8833333333333333
2 0.029166666666666667 0.5666666666666667 0.0671875 0.6185185185185185
2 0.20729166666666668 0.6194444444444445 0.23020833333333332 0.6472222222222223
2 0.175 0.6648148148148149 0.20104166666666667 0.6981481481481482
2 0.30833333333333335 0.6722222222222223 0.3453125 0.7481481481481481
2 0.5697916666666667 0.5194444444444445 0.6057291666666667 0.562037037037037
1 0.16510416666666666 0.6083333333333333 0.20520833333333333 0.6722222222222223
1 0.14947916666666666 0.6944444444444444 0.1875 0.7611111111111111
1 0.20572916666666666 0.6944444444444444 0.31197916666666664 0.8379629629629629
1 0.5744791666666667 0.5694444444444444 0.6234375 0.7129629629629629
12 0.3958333333333333 0.34814814814814815 0.5161458333333333 0.5731481481481482
5 0.3026041666666667 0.7574074074074074 0.49270833333333336 0.8231481481481482
8 0.0005208333333333333 0.6759259259259259 0.06614583333333333 0.8083333333333333
11 0.321875 0.7231481481481481 0.534375 0.887962962962963
13 0.8333333333333334 0.4388888888888889 1.0 0.5703703703703704
14 0.8791666666666667 0.45185185185185184 0.90625 0.5351851851851852
