0 0.39947916666666666 0.8685185185185185 0.47760416666666666 1.0
0 0.6239583333333333 0.8481481481481481 0.6869791666666667 1.0
0 0.8203125 0.8685185185185185 0.8505208333333333 1.0
0 0.8473958333333333 0.875 0.8635416666666667 0.987037037037037
0 0.859375 0.8787037037037037 0.8895833333333333 0.9962962962962963
2 0.4171875 0.8685185185185185 0.4515625 0.9120370370370371
2 0.6416666666666667 0.8555555555555555 0.6760416666666667 0.9046296296296297
2 0.8270833333333333 0.8675925925925926 0.8473958333333333 0.9018518518518519
2 0.8510416666666667 0.8842592592592593 0.8619791666666666 0.9037037037037037
2 0.8604166666666667 0.8824074074074074 0.8723958333333334 0.9018518518518519
1 0.4197916666666667 0.9092592592592592 0.471875 0.9944444444444445
1 0.6317708333333333 0.8972222222222223 0.6770833333333334 1.0
1 0.8296875 0.8981481481481481 0.8484375 0.9490740740740741
1 0.8520833333333333 0.899074074074074 0.8640625 0.9462962962962963
1 0.8588541666666667 0.8981481481481481 0.8791666666666667 0.9453703703703704
12 0.36875 0.32037037037037036 0.43802083333333336 0.5231481481481481
3 0.7005208333333334 0.8981481481481481 0.7505208333333333 0.9675925925925926
3 0.746875 0.8944444444444445 0.8104166666666667 0.9694444444444444
13 0.3125 0.7870370370370371 0.3802083333333333 0.9537037037037037
14 0.2677083333333333 0.5351851851851852 0.3140625 0.6166666666666667
14 0.3145833333333333 0.49166666666666664 0.34010416666666665 0.5694444444444444
14 0.6729166666666667 0.8 0.7786458333333334 0.9120370370370371
14 0.6317708333333333 0.7972222222222223 0.6739583333333333 0.8305555555555556
14 0.9166666666666666 0.35648148148148145 0.9755208333333333 0.4305555555555556
14 0.91875 0.021296296296296296 0.9604166666666667 0.08611111111111111
14 0.9291666666666667 0.49537037037037035 0.9755208333333333 0.5657407407407408
14 0.9015625 0.5851851851851851 0.9203125 0.6370370370370371
