0 0.29973958333333334 0.6574074074074074 0.0734375 0.17407407407407408
0 0.4713541666666667 0.6916666666666667 0.07604166666666666 0.2962962962962963
0 0.6770833333333334 0.5981481481481481 0.026041666666666668 0.12777777777777777
0 0.70703125 0.600925925925926 0.03177083333333333 0.12222222222222222
0 0.7864583333333334 0.5837962962962963 0.029166666666666667 0.11203703703703703
2 0.29375 0.5944444444444444 0.026041666666666668 0.037037037037037035
2 0.48072916666666665 0.5638888888888889 0.03229166666666667 0.03888888888888889
2 0.6747395833333333 0.5527777777777778 0.011979166666666667 0.016666666666666666
2 0.6963541666666667 0.5611111111111111 0.00625 0.022222222222222223
2 0.70234375 0.5550925925925926 0.009895833333333333 0.013888888888888888
1 0.30104166666666665 0.6620370370370371 0.052083333333333336 0.10555555555555556
1 0.4778645833333333 0.6527777777777778 0.044270833333333336 0.11666666666666667
1 0.6776041666666667 0.5884259259259259 0.016666666666666666 0.049074074074074076
1 0.7052083333333333 0.5875 0.01875 0.04537037037037037
12 0.23489583333333333 0.1550925925925926 0.065625 0.18981481481481483
3 0.64296875 0.6134259259259259 0.044270833333333336 0.0712962962962963
3 0.7067708333333333 0.6134259259259259 0.05 0.06944444444444445
4 0.6046875 0.6013888888888889 0.051041666666666666 0.041666666666666664
5 0.32447916666666665 0.7356481481481482 0.121875 0.062037037037037036
8 0.87890625 0.8458333333333333 0.21927083333333333 0.30833333333333335
11 0.31536458333333334 0.7685185185185185 0.20989583333333334 0.12222222222222222
13 0.24791666666666667 0.5726851851851852 0.08020833333333334 0.10648148148148148
14 0.22552083333333334 0.3106481481481482 0.05416666666666667 0.0824074074074074
14 0.265625 0.24675925925925926 0.03125 0.06388888888888888
14 0.328125 0.4078703703703704 0.029166666666666667 0.04722222222222222
14 0.5997395833333333 0.49907407407407406 0.03802083333333333 0.04259259259259259
14 0.66328125 0.5416666666666666 0.1109375 0.10555555555555556
14 0.8940104166666667 0.052314814814814814 0.0703125 0.0787037037037037
14 0.896875 0.19027777777777777 0.04375 0.062037037037037036
14 0.8533854166666667 0.27870370370370373 0.0203125 0.046296296296296294
