0 0.32057291666666665 0.8273148148148148 0.08072916666666667 0.2675925925925926
0 0.5260416666666666 0.8384259259259259 0.05 0.32314814814814813
0 0.590625 0.8416666666666667 0.08229166666666667 0.31666666666666665
0 0.6713541666666667 0.6986111111111111 0.03229166666666667 0.12129629629629629
0 0.7375 0.6643518518518519 0.029166666666666667 0.09722222222222222
0 0.78671875 0.6773148148148148 0.03697916666666667 0.1175925925925926
0 0.87265625 0.7560185185185185 0.033854166666666664 0.13796296296296295
2 0.3138020833333333 0.7384259259259259 0.03697916666666667 0.05462962962962963
2 0.5247395833333334 0.7162037037037037 0.0296875 0.05092592592592592
2 0.5791666666666667 0.7287037037037037 0.03958333333333333 0.06111111111111111
2 0.7372395833333333 0.6416666666666667 0.016145833333333335 0.020370370370370372
2 0.7830729166666667 0.6351851851851852 0.011979166666666667 0.020370370370370372
2 0.8669270833333333 0.7027777777777777 0.0140625 0.020370370370370372
1 0.3190104166666667 0.8222222222222222 0.0359375 0.10740740740740741
1 0.5268229166666667 0.8023148148148148 0.0421875 0.125
1 0.5955729166666667 0.8634259259259259 0.07552083333333333 0.19722222222222222
1 0.6791666666666667 0.6986111111111111 0.029166666666666667 0.06388888888888888
1 0.7372395833333333 0.6703703703703704 0.022395833333333334 0.03888888888888889
1 0.7859375 0.6703703703703704 0.023958333333333335 0.05740740740740741
1 0.87109375 0.7435185185185185 0.030729166666666665 0.06296296296296296
8 0.28098958333333335 0.9125 0.1671875 0.175
11 0.7966145833333333 0.899074074074074 0.17135416666666667 0.1259259259259259
13 0.8497395833333333 0.7092592592592593 0.14739583333333334 0.12777777777777777
14 0.8510416666666667 0.42407407407407405 0.053125 0.08703703703703704
14 0.90859375 0.35648148148148145 0.03802083333333333 0.07037037037037037
14 0.8026041666666667 0.6884259259259259 0.022916666666666665 0.06018518518518518
