0 0.1703125 0.6518518518518519 0.2609375 0.8675925925925926
0 0.459375 0.7018518518518518 0.5229166666666667 0.950925925925926
0 0.5494791666666666 0.6453703703703704 0.6229166666666667 0.95
2 0.18802083333333333 0.6546296296296297 0.21875 0.6981481481481482
2 0.46927083333333336 0.7157407407407408 0.4979166666666667 0.7518518518518519
2 0.5578125 0.6666666666666666 0.5838541666666667 0.7148148148148148
1 0.46927083333333336 0.7472222222222222 0.5182291666666666 0.8407407407407408
1 0.5661458333333333 0.7055555555555556 0.615625 0.8111111111111111
12 0.2796875 0.3990740740740741 0.39375 0.5953703703703703
3 0.334375 0.7537037037037037 0.46979166666666666 0.9768518518518519
3 0.4765625 0.7472222222222222 0.6484375 0.9212962962962963
3 0.0010416666666666667 0.7148148148148148 0.07291666666666667 0.9148148148148149
7 0.30520833333333336 0.7314814814814815 0.35104166666666664 0.7777777777777778
7 0.5973958333333333 0.7101851851851851 0.6729166666666667 0.7731481481481481
6 0.7182291666666667 0.6657407407407407 0.9994791666666667 0.8268518518518518
1 0.975 0.7074074074074074 1.0 0.8962962962962963
14 0.209375 0.6444444444444445 0.45364583333333336 0.6935185185185185
14 0.80625 0.2037037037037037 0.8708333333333333 0.3101851851851852
14 0.9463541666666667 0.362962962962963 1.0 0.4981481481481482
14 0.7723958333333333 0.3907407407407407 0.7989583333333333 0.43148148148148147
14 0.8963541666666667 0.6453703703703704 0.9442708333333333 0.7055555555555556
