0 0.33489583333333334 0.7564814814814815 0.07291666666666667 0.1814814814814815
0 0.4859375 0.7870370370370371 0.075 0.3055555555555556
0 0.703125 0.687962962962963 0.030208333333333334 0.12777777777777777
0 0.73203125 0.6893518518518519 0.028645833333333332 0.12129629629629629
0 0.8447916666666667 0.6675925925925926 0.025 0.09074074074074075
2 0.3182291666666667 0.6925925925925925 0.023958333333333335 0.03148148148148148
2 0.4947916666666667 0.6587962962962963 0.03125 0.03611111111111111
2 0.69921875 0.6416666666666667 0.0109375 0.022222222222222223
2 0.7299479166666667 0.637962962962963 0.011979166666666667 0.024074074074074074
1 0.33489583333333334 0.7560185185185185 0.04791666666666667 0.08981481481481482
1 0.49375 0.7375 0.04791666666666667 0.10833333333333334
1 0.7057291666666666 0.6736111111111112 0.019791666666666666 0.04722222222222222
1 0.7296875 0.6736111111111112 0.022916666666666665 0.049074074074074076
12 0.2565104166666667 0.2708333333333333 0.0703125 0.21388888888888888
3 0.6973958333333333 0.6962962962962963 0.05 0.06481481481481481
3 0.7513020833333334 0.6921296296296297 0.0703125 0.07314814814814814
4 0.6533854166666667 0.6837962962962963 0.0421875 0.03981481481481482
5 0.34088541666666666 0.836574074074074 0.12239583333333333 0.06944444444444445
8 0.8768229166666667 0.8972222222222223 0.19635416666666666 0.20555555555555555
11 0.34296875 0.8740740740740741 0.19427083333333334 0.13703703703703704
13 0.29270833333333335 0.6694444444444444 0.090625 0.10185185185185185
14 0.2716145833333333 0.4027777777777778 0.04739583333333333 0.06481481481481481
14 0.31796875 0.35462962962962963 0.0328125 0.05925925925925926
14 0.38359375 0.5069444444444444 0.027604166666666666 0.03981481481481482
14 0.7231770833333333 0.6231481481481481 0.11197916666666667 0.11851851851851852
14 0.6552083333333333 0.5842592592592593 0.034375 0.04259259259259259
14 0.946875 0.11018518518518519 0.06041666666666667 0.09444444444444444
14 0.9557291666666666 0.2569444444444444 0.042708333333333334 0.08425925925925926
14 0.91640625 0.3490740740740741 0.0203125 0.044444444444444446
