0 0.43255208333333334 0.6699074074074074 0.08802083333333334 0.1638888888888889
0 0.6184895833333334 0.7097222222222223 0.06614583333333333 0.3175925925925926
0 0.8171875 0.6138888888888889 0.028125 0.13703703703703704
0 0.84609375 0.6203703703703703 0.0359375 0.1388888888888889
0 0.8940104166666667 0.6041666666666666 0.0234375 0.09907407407407408
2 0.42083333333333334 0.6138888888888889 0.03125 0.044444444444444446
2 0.625 0.5828703703703704 0.026041666666666668 0.049074074074074076
2 0.8127604166666667 0.5694444444444444 0.0109375 0.020370370370370372
2 0.8341145833333333 0.5773148148148148 0.0078125 0.019444444444444445
2 0.8424479166666666 0.5708333333333333 0.0109375 0.017592592592592594
1 0.428125 0.6694444444444444 0.05 0.08703703703703704
1 0.61796875 0.6597222222222222 0.0453125 0.11388888888888889
1 0.81484375 0.6069444444444444 0.022395833333333334 0.05648148148148148
1 0.8442708333333333 0.6046296296296296 0.021875 0.044444444444444446
12 0.37083333333333335 0.15092592592592594 0.057291666666666664 0.1814814814814815
3 0.7546875 0.6268518518518519 0.05 0.06851851851851852
3 0.8075520833333333 0.6324074074074074 0.06197916666666667 0.05925925925925926
4 0.7072916666666667 0.6171296296296296 0.05416666666666667 0.03981481481481482
5 0.46119791666666665 0.7449074074074075 0.1515625 0.06388888888888888
8 0.06875 0.850462962962963 0.13645833333333332 0.29907407407407405
11 0.45703125 0.774074074074074 0.17760416666666667 0.12407407407407407
13 0.36666666666666664 0.5810185185185185 0.08229166666666667 0.11018518518518519
14 0.32708333333333334 0.3162037037037037 0.04583333333333333 0.08611111111111111
14 0.3606770833333333 0.26342592592592595 0.0359375 0.06574074074074074
14 0.9635416666666666 0.29212962962962963 0.030208333333333334 0.05092592592592592
14 0.9861979166666667 0.0699074074074074 0.027604166666666666 0.05648148148148148
14 0.9916666666666667 0.20972222222222223 0.016666666666666666 0.049074074074074076
14 0.765625 0.5546296296296296 0.103125 0.1037037037037037
14 0.6979166666666666 0.5148148148148148 0.0375 0.046296296296296294
