0 0.33645833333333336 0.8962962962962963 0.40989583333333335 1.0
0 0.4947916666666667 0.8537037037037037 0.5552083333333333 1.0
0 0.7442708333333333 0.8805555555555555 0.7739583333333333 1.0
0 0.7796875 0.8824074074074074 0.8052083333333333 1.0
2 0.3453125 0.9064814814814814 0.37135416666666665 0.9527777777777777
2 0.5208333333333334 0.8638888888888889 0.5447916666666667 0.9037037037037037
2 0.75 0.8833333333333333 0.7671875 0.9111111111111111
2 0.7776041666666667 0.8898148148148148 0.7869791666666667 0.9120370370370371
2 0.7817708333333333 0.8824074074074074 0.7984375 0.9157407407407407
1 0.35885416666666664 0.9231481481481482 0.40729166666666666 1.0
1 0.5041666666666667 0.9018518518518519 0.5520833333333334 1.0
1 0.7526041666666666 0.9120370370370371 0.7776041666666667 0.9611111111111111
1 0.7802083333333333 0.9055555555555556 0.8036458333333333 0.9574074074074074
12 0.2984375 0.387037037037037 0.37552083333333336 0.5685185185185185
3 0.7848958333333333 0.9231481481481482 0.8359375 0.9944444444444445
3 0.8307291666666666 0.9222222222222223 0.896875 0.9935185185185185
13 0.33541666666666664 0.8092592592592592 0.44947916666666665 0.9648148148148148
14 0.3697916666666667 0.5694444444444444 0.4125 0.6583333333333333
14 0.42083333333333334 0.5305555555555556 0.4578125 0.5990740740740741
14 0.4828125 0.6990740740740741 0.5166666666666667 0.7444444444444445
14 0.7822916666666667 0.8185185185185185 0.9026041666666667 0.9462962962962963
14 0.4296875 0.22685185185185186 0.46875 0.30648148148148147
