0 0.4791666666666667 0.7907407407407407 0.071875 0.15555555555555556
0 0.6846354166666667 0.8143518518518519 0.0796875 0.3712962962962963
0 0.8755208333333333 0.7013888888888888 0.036458333333333336 0.1361111111111111
0 0.9036458333333334 0.6995370370370371 0.019791666666666666 0.10833333333333334
0 0.9213541666666667 0.7027777777777777 0.030208333333333334 0.14074074074074075
2 0.48776041666666664 0.7430555555555556 0.0296875 0.03796296296296296
2 0.6911458333333333 0.6625 0.036458333333333336 0.041666666666666664
2 0.8799479166666667 0.6481481481481481 0.015104166666666667 0.016666666666666666
2 0.9 0.6537037037037037 0.0125 0.016666666666666666
2 0.9166666666666666 0.6486111111111111 0.013541666666666667 0.021296296296296296
1 0.47109375 0.7930555555555555 0.044270833333333336 0.08796296296296297
1 0.6921875 0.774537037037037 0.06458333333333334 0.1527777777777778
1 0.878125 0.6824074074074075 0.025 0.046296296296296294
1 0.9036458333333334 0.6856481481481481 0.015625 0.04722222222222222
1 0.9203125 0.6800925925925926 0.019791666666666666 0.04722222222222222
12 0.44036458333333334 0.2152777777777778 0.08489583333333334 0.18981481481481483
5 0.52734375 0.8768518518518519 0.0828125 0.08888888888888889
11 0.5263020833333333 0.9087962962962963 0.2203125 0.14907407407407408
13 0.5739583333333333 0.6875 0.14375 0.1361111111111111
14 0.5651041666666666 0.41388888888888886 0.057291666666666664 0.09259259259259259
14 0.6158854166666666 0.3476851851851852 0.049479166666666664 0.075
14 0.6986979166666667 0.5055555555555555 0.03177083333333333 0.05185185185185185
14 0.61328125 0.029166666666666667 0.0390625 0.05648148148148148
