0 0.07708333333333334 0.5648148148148148 0.15104166666666666 0.8009259259259259
0 0.23125 0.549074074074074 0.2864583333333333 0.7796296296296297
0 0.3333333333333333 0.5666666666666667 0.403125 0.9231481481481482
0 0.4432291666666667 0.5861111111111111 0.5192708333333333 0.8851851851851852
0 0.5411458333333333 0.5768518518518518 0.6015625 0.7083333333333334
2 0.10520833333333333 0.5842592592592593 0.13489583333333333 0.6129629629629629
2 0.24895833333333334 0.575925925925926 0.2791666666666667 0.6018518518518519
2 0.34270833333333334 0.5666666666666667 0.38333333333333336 0.6166666666666667
2 0.4557291666666667 0.5898148148148148 0.4895833333333333 0.637962962962963
2 0.553125 0.5879629629629629 0.5875 0.637962962962963
1 0.09322916666666667 0.6277777777777778 0.13333333333333333 0.7194444444444444
1 0.23489583333333333 0.6101851851851852 0.28541666666666665 0.6990740740740741
1 0.32708333333333334 0.6185185185185185 0.4015625 0.7574074074074074
1 0.459375 0.637962962962963 0.5036458333333333 0.7537037037037037
1 0.5453125 0.6222222222222222 0.5942708333333333 0.7018518518518518
12 0.6265625 0.07777777777777778 0.7453125 0.3527777777777778
3 0.3328125 0.7 0.46927083333333336 0.8222222222222222
7 0.49583333333333335 0.6824074074074075 0.540625 0.8111111111111111
13 0.0010416666666666667 0.5388888888888889 0.43854166666666666 0.7379629629629629
13 0.6197916666666666 0.6055555555555555 1.0 0.7777777777777778
