0 0.45729166666666665 0.7851851851851852 0.0875 0.22592592592592592
0 0.7015625 0.8092592592592592 0.10729166666666666 0.3814814814814815
0 0.8559895833333333 0.7 0.028645833333333332 0.15185185185185185
0 0.88125 0.7018518518518518 0.028125 0.1388888888888889
0 0.9033854166666667 0.7060185185185185 0.033854166666666664 0.13796296296296295
2 0.47708333333333336 0.7101851851851851 0.03229166666666667 0.04814814814814815
2 0.7098958333333333 0.649537037037037 0.040625 0.04537037037037037
2 0.85703125 0.6444444444444445 0.011979166666666667 0.022222222222222223
2 0.8739583333333333 0.6458333333333334 0.013541666666666667 0.017592592592592594
2 0.8924479166666667 0.6462962962962963 0.0171875 0.024074074074074074
1 0.4513020833333333 0.7865740740740741 0.06197916666666667 0.12685185185185185
1 0.70546875 0.7851851851851852 0.08177083333333333 0.17592592592592593
1 0.8575520833333333 0.6763888888888889 0.0234375 0.05092592592592592
1 0.8765625 0.6814814814814815 0.013541666666666667 0.04814814814814815
1 0.8963541666666667 0.6763888888888889 0.020833333333333332 0.05092592592592592
12 0.415625 0.12407407407407407 0.10625 0.20555555555555555
5 0.5109375 0.9046296296296297 0.090625 0.12777777777777777
11 0.5091145833333334 0.9222222222222223 0.24947916666666667 0.15555555555555556
13 0.5723958333333333 0.6731481481481482 0.15104166666666666 0.14444444444444443
14 0.62734375 0.019444444444444445 0.033854166666666664 0.037037037037037035
14 0.6260416666666667 0.3296296296296296 0.04583333333333333 0.08333333333333333
14 0.5794270833333334 0.3925925925925926 0.058854166666666666 0.1
14 0.70390625 0.487962962962963 0.034895833333333334 0.07037037037037037
