0 0.18125 0.6611111111111111 0.05 0.18888888888888888
0 0.20989583333333334 0.7444444444444445 0.042708333333333334 0.10740740740740741
0 0.24427083333333333 0.736574074074074 0.04791666666666667 0.12129629629629629
0 0.66015625 0.7018518518518518 0.07864583333333333 0.12037037037037036
0 0.83671875 0.7314814814814815 0.08697916666666666 0.3333333333333333
2 0.18645833333333334 0.5944444444444444 0.019791666666666666 0.03333333333333333
2 0.21458333333333332 0.7064814814814815 0.013541666666666667 0.03148148148148148
2 0.22786458333333334 0.7018518518518518 0.021354166666666667 0.04259259259259259
2 0.6416666666666667 0.6787037037037037 0.020833333333333332 0.04259259259259259
2 0.84921875 0.5912037037037037 0.0296875 0.049074074074074076
1 0.17734375 0.6435185185185185 0.04010416666666667 0.08148148148148149
1 0.20625 0.75 0.0375 0.08888888888888889
1 0.6630208333333333 0.6981481481481482 0.05 0.07222222222222222
1 0.8484375 0.6800925925925926 0.051041666666666666 0.1361111111111111
12 0.62578125 0.17453703703703705 0.0921875 0.19722222222222222
5 0.6966145833333334 0.7671296296296296 0.06927083333333334 0.075
8 0.06744791666666666 0.7509259259259259 0.12447916666666667 0.11481481481481481
8 0.10911458333333333 0.8324074074074074 0.21614583333333334 0.3351851851851852
11 0.69609375 0.7851851851851852 0.18072916666666666 0.14814814814814814
13 0.7325520833333333 0.6032407407407407 0.14114583333333333 0.14537037037037037
14 0.7294270833333333 0.32314814814814813 0.0578125 0.08148148148148149
14 0.7877604166666666 0.2652777777777778 0.0421875 0.08796296296296297
14 0.8640625 0.42407407407407405 0.034375 0.05
