0 0.22135416666666666 0.75 0.346875 1.0
0 0.5307291666666667 0.7435185185185185 0.6708333333333333 1.0
0 0.7203125 0.7907407407407407 0.7494791666666667 0.8888888888888888
0 0.7552083333333334 0.8009259259259259 0.7963541666666667 0.9472222222222222
2 0.3109375 0.7555555555555555 0.34322916666666664 0.8324074074074074
2 0.5817708333333333 0.737037037037037 0.653125 0.8138888888888889
2 0.7239583333333334 0.7962962962962963 0.7432291666666667 0.8231481481481482
2 0.7682291666666666 0.8092592592592592 0.7854166666666667 0.837037037037037
1 0.20989583333333334 0.7944444444444444 0.32135416666666666 0.9601851851851851
1 0.5505208333333333 0.8379629629629629 0.6703125 1.0
1 0.71875 0.8185185185185185 0.7494791666666667 0.8796296296296297
1 0.7567708333333333 0.8324074074074074 0.7901041666666667 0.8962962962962963
12 0.23854166666666668 0.004629629629629629 0.37552083333333336 0.14537037037037037
13 0.4046875 0.6703703703703704 0.5723958333333333 0.8583333333333333
14 0.5041666666666667 0.43425925925925923 0.5739583333333333 0.5416666666666666
14 0.5807291666666666 0.39814814814814814 0.61875 0.4842592592592593
14 0.6463541666666667 0.6083333333333333 0.6802083333333333 0.6518518518518519
14 0.6088541666666667 0.07592592592592592 0.6385416666666667 0.1712962962962963
14 0.9692708333333333 0.7833333333333333 1.0 0.8222222222222222
14 0.9552083333333333 0.8268518518518518 1.0 0.9111111111111111
14 0.42083333333333334 0.6833333333333333 0.45260416666666664 0.7546296296296297
