0 0.013802083333333333 0.6768518518518518 0.0265625 0.29259259259259257
0 0.12213541666666666 0.5819444444444445 0.044270833333333336 0.125
0 0.11640625 0.6958333333333333 0.059895833333333336 0.1175925925925926
0 0.19479166666666667 0.8305555555555556 0.16458333333333333 0.30185185185185187
0 0.5075520833333333 0.6513888888888889 0.1046875 0.3787037037037037
2 0.011458333333333333 0.5717592592592593 0.021875 0.062037037037037036
2 0.12682291666666667 0.5578703703703703 0.016145833333333335 0.04351851851851852
2 0.12265625 0.649537037037037 0.019270833333333334 0.03796296296296296
2 0.24713541666666666 0.7236111111111111 0.03802083333333333 0.08796296296296297
2 0.5171875 0.5009259259259259 0.036458333333333336 0.04259259259259259
1 0.019270833333333334 0.6412037037037037 0.03229166666666667 0.08425925925925926
1 0.11901041666666666 0.6 0.0390625 0.07592592592592592
1 0.10677083333333333 0.6907407407407408 0.035416666666666666 0.07222222222222222
1 0.17578125 0.7537037037037037 0.1140625 0.1388888888888889
1 0.52890625 0.5981481481481481 0.04635416666666667 0.13703703703703704
12 0.38125 0.4101851851851852 0.13333333333333333 0.24814814814814815
5 0.34765625 0.7351851851851852 0.1640625 0.06666666666666667
11 0.3575520833333333 0.7606481481481482 0.20677083333333332 0.1675925925925926
13 0.88828125 0.4625 0.2234375 0.1287037037037037
14 0.8395833333333333 0.44074074074074077 0.030208333333333334 0.07222222222222222
