0 0.038802083333333334 0.5486111111111112 0.0609375 0.2638888888888889
0 0.3411458333333333 0.5444444444444444 0.051041666666666666 0.11296296296296296
0 0.3619791666666667 0.45925925925925926 0.051041666666666666 0.12962962962962962
0 0.44583333333333336 0.5601851851851852 0.08645833333333333 0.2388888888888889
0 0.6380208333333334 0.5115740740740741 0.07604166666666666 0.33796296296296297
2 0.02890625 0.45555555555555555 0.0296875 0.020370370370370372
2 0.36666666666666664 0.4273148148148148 0.015625 0.032407407407407406
2 0.34609375 0.5157407407407407 0.019270833333333334 0.027777777777777776
2 0.46822916666666664 0.46620370370370373 0.027083333333333334 0.05462962962962963
2 0.6364583333333333 0.39675925925925926 0.03333333333333333 0.05092592592592592
1 0.03671875 0.5199074074074074 0.03802083333333333 0.07685185185185185
1 0.35885416666666664 0.4689814814814815 0.030208333333333334 0.06388888888888888
1 0.3333333333333333 0.5504629629629629 0.03125 0.05277777777777778
1 0.434375 0.5199074074074074 0.058333333333333334 0.10092592592592593
1 0.6463541666666667 0.475 0.04791666666666667 0.10925925925925926
12 0.4171875 0.32222222222222224 0.125 0.2037037037037037
5 0.45729166666666665 0.5921296296296297 0.12604166666666666 0.04537037037037037
8 0.19427083333333334 0.5680555555555555 0.11458333333333333 0.09722222222222222
11 0.5065104166666666 0.6018518518518519 0.14739583333333334 0.14444444444444443
13 0.9763020833333333 0.3527777777777778 0.04739583333333333 0.14074074074074075
