0 0.0010416666666666667 0.7111111111111111 0.11458333333333333 1.0
0 0.24895833333333334 0.6805555555555556 0.4328125 1.0
0 0.5078125 0.7546296296296297 0.5479166666666667 0.8425925925925926
0 0.5916666666666667 0.7574074074074074 0.6234375 0.9194444444444444
0 0.63125 0.7685185185185185 0.6651041666666667 0.9287037037037037
2 0.05520833333333333 0.7398148148148148 0.10833333333333334 0.8157407407407408
2 0.3255208333333333 0.7018518518518518 0.39895833333333336 0.7972222222222223
2 0.5953125 0.7731481481481481 0.6177083333333333 0.8009259259259259
2 0.6395833333333333 0.7722222222222223 0.6578125 0.8055555555555556
1 0.003125 0.787962962962963 0.0796875 0.9972222222222222
1 0.2713541666666667 0.8305555555555556 0.4265625 1.0
1 0.5958333333333333 0.7953703703703704 0.6197916666666666 0.8518518518518519
1 0.6375 0.8 0.659375 0.8555555555555555
1 0.653125 0.8083333333333333 0.6614583333333334 0.8518518518518519
4 0.8619791666666666 0.8490740740740741 0.9229166666666667 0.887962962962963
3 0.9192708333333334 0.8490740740740741 0.9895833333333334 0.9537037037037037
13 0.27239583333333334 0.6648148148148149 0.48854166666666665 0.8407407407407408
14 0.4234375 0.4166666666666667 0.48385416666666664 0.5092592592592593
14 0.3046875 0.6796296296296296 0.3333333333333333 0.7509259259259259
14 0.49583333333333335 0.3814814814814815 0.5307291666666667 0.47314814814814815
14 0.5739583333333333 0.5907407407407408 0.6072916666666667 0.6361111111111111
14 0.8890625 0.7296296296296296 0.9171875 0.7796296296296297
14 0.9067708333333333 0.7074074074074074 1.0 0.9018518518518519
14 0.8630208333333333 0.7731481481481481 0.9234375 0.862037037037037
