0 0.190625 0.6666666666666666 0.27708333333333335 0.8722222222222222
0 0.4546875 0.6787037037037037 0.5317708333333333 0.9851851851851852
0 0.565625 0.675 0.6338541666666667 0.9472222222222222
2 0.20625 0.6731481481481482 0.23802083333333332 0.7083333333333334
2 0.46875 0.6935185185185185 0.5015625 0.7296296296296296
2 0.5671875 0.6907407407407408 0.5947916666666667 0.7268518518518519
1 0.4713541666666667 0.7407407407407407 0.5161458333333333 0.8546296296296296
1 0.5796875 0.7194444444444444 0.6239583333333333 0.825
12 0.29635416666666664 0.39814814814814814 0.40677083333333336 0.6027777777777777
3 0.3541666666666667 0.7657407407407407 0.4859375 0.9768518518518519
3 0.48802083333333335 0.7703703703703704 0.646875 0.9398148148148148
3 0.0020833333333333333 0.737037037037037 0.10208333333333333 0.937037037037037
7 0.6114583333333333 0.7240740740740741 0.6932291666666667 0.7916666666666666
7 0.31927083333333334 0.7425925925925926 0.375 0.7925925925925926
6 0.725 0.6972222222222222 1.0 0.8537037037037037
14 0.23385416666666667 0.6583333333333333 0.4661458333333333 0.712037037037037
14 0.8322916666666667 0.21944444444444444 0.8875 0.32685185185185184
14 0.7828125 0.39814814814814814 0.8171875 0.44537037037037036
14 0.9614583333333333 0.39166666666666666 1.0 0.5231481481481481
