0 0.22864583333333333 0.7962962962962963 0.0875 0.2518518518518518
0 0.5046875 0.8143518518518519 0.0625 0.32685185185185184
0 0.5901041666666667 0.8217592592592593 0.10208333333333333 0.35648148148148145
0 0.6606770833333333 0.6662037037037037 0.0296875 0.11388888888888889
0 0.7203125 0.6388888888888888 0.0375 0.09074074074074075
0 0.775 0.6444444444444445 0.030208333333333334 0.09259259259259259
0 0.85625 0.737037037037037 0.05 0.17592592592592593
2 0.22760416666666666 0.7148148148148148 0.034375 0.046296296296296294
2 0.50390625 0.6851851851851852 0.033854166666666664 0.046296296296296294
2 0.584375 0.6958333333333333 0.042708333333333334 0.05277777777777778
2 0.7203125 0.6111111111111112 0.019791666666666666 0.022222222222222223
2 0.7661458333333333 0.6078703703703704 0.0125 0.01574074074074074
2 0.8473958333333333 0.6754629629629629 0.020833333333333332 0.019444444444444445
1 0.23359375 0.8027777777777778 0.0484375 0.13703703703703704
1 0.51171875 0.7722222222222223 0.04739583333333333 0.13518518518518519
1 0.5940104166666667 0.8263888888888888 0.08072916666666667 0.19907407407407407
1 0.6625 0.6643518518518519 0.028125 0.06574074074074074
1 0.7223958333333333 0.6435185185185185 0.016666666666666666 0.03888888888888889
1 0.7736979166666667 0.6476851851851851 0.0203125 0.06944444444444445
1 0.8541666666666666 0.7143518518518519 0.03125 0.062037037037037036
11 0.7848958333333333 0.8638888888888889 0.184375 0.1388888888888889
8 0.2796875 0.8921296296296296 0.22291666666666668 0.21574074074074073
13 0.83515625 0.6902777777777778 0.1421875 0.1361111111111111
14 0.83046875 0.3990740740740741 0.0640625 0.08518518518518518
14 0.8934895833333333 0.3365740740740741 0.05364583333333333 0.10833333333333334
14 0.97578125 0.4986111111111111 0.0484375 0.05092592592592592
