0 0.10208333333333333 0.8842592592592593 0.171875 0.23148148148148148
0 0.44609375 0.8939814814814815 0.15364583333333334 0.21203703703703702
0 0.6018229166666667 0.9037037037037037 0.03802083333333333 0.11296296296296296
0 0.64765625 0.9300925925925926 0.043229166666666666 0.1398148148148148
0 0.50859375 0.8685185185185185 0.022395833333333334 0.07592592592592592
2 0.15234375 0.850462962962963 0.0421875 0.08425925925925926
2 0.4703125 0.8453703703703703 0.065625 0.08888888888888889
2 0.60625 0.8717592592592592 0.014583333333333334 0.023148148148148147
2 0.6484375 0.8842592592592593 0.009375 0.016666666666666666
1 0.08333333333333333 0.9277777777777778 0.128125 0.14444444444444443
1 0.46770833333333334 0.9527777777777777 0.11145833333333334 0.09444444444444444
1 0.6098958333333333 0.9111111111111111 0.016666666666666666 0.05555555555555555
1 0.646875 0.9282407407407407 0.034375 0.06759259259259259
12 0.66328125 0.05185185185185185 0.013020833333333334 0.027777777777777776
13 0.35833333333333334 0.8171296296296297 0.159375 0.16944444444444445
14 0.4361979166666667 0.5347222222222222 0.059895833333333336 0.08425925925925926
14 0.5010416666666667 0.5069444444444444 0.0375 0.08981481481481482
14 0.5638020833333334 0.6930555555555555 0.0296875 0.04722222222222222
14 0.8729166666666667 0.8643518518518518 0.025 0.04537037037037037
14 0.9395833333333333 0.9199074074074074 0.12083333333333333 0.1527777777777778
14 0.8671875 0.937962962962963 0.06875 0.10925925925925926
14 0.3190104166666667 0.7851851851851852 0.025520833333333333 0.07962962962962963
