0 0.20052083333333334 0.4222222222222222 0.33125 1.0
0 0.17083333333333334 0.48055555555555557 0.2713541666666667 0.8074074074074075
0 0.88125 0.4935185185185185 0.9145833333333333 0.6574074074074074
0 0.9322916666666666 0.5046296296296297 0.9604166666666667 0.6435185185185185
0 0.9541666666666667 0.5157407407407407 0.9807291666666667 0.6333333333333333
2 0.26875 0.44537037037037036 0.3203125 0.5194444444444445
2 0.246875 0.5092592592592593 0.28541666666666665 0.5657407407407408
2 0.8927083333333333 0.5092592592592593 0.9072916666666667 0.5231481481481481
2 0.9442708333333333 0.512962962962963 0.9572916666666667 0.5324074074074074
2 0.9583333333333334 0.5175925925925926 0.9708333333333333 0.5370370370370371
1 0.18697916666666667 0.5472222222222223 0.2375 0.725925925925926
1 0.22083333333333333 0.5453703703703704 0.34375 0.8398148148148148
1 0.8916666666666667 0.525 0.9114583333333334 0.5787037037037037
1 0.9385416666666667 0.5314814814814814 0.9619791666666667 0.5833333333333334
1 0.9598958333333333 0.5333333333333333 0.9770833333333333 0.587037037037037
5 0.03333333333333333 0.7611111111111111 0.20572916666666666 0.9305555555555556
11 0.033854166666666664 0.7287037037037037 0.39010416666666664 0.9712962962962963
13 0.5583333333333333 0.42407407407407405 0.8354166666666667 0.6194444444444445
14 0.7822916666666667 0.14351851851851852 0.8369791666666667 0.23981481481481481
14 0.8677083333333333 0.09814814814814815 0.925 0.18518518518518517
14 0.5885416666666666 0.43425925925925923 0.625 0.5055555555555555
