0 0.24479166666666666 0.7513888888888889 0.07604166666666666 0.19907407407407407
0 0.47708333333333336 0.8111111111111111 0.15208333333333332 0.2722222222222222
0 0.6145833333333334 0.8009259259259259 0.08645833333333333 0.3
2 0.23229166666666667 0.6782407407407407 0.030208333333333334 0.04722222222222222
2 0.46380208333333334 0.711574074074074 0.030729166666666665 0.03611111111111111
2 0.5997395833333333 0.6898148148148148 0.024479166666666666 0.04259259259259259
1 0.478125 0.7898148148148149 0.06041666666666667 0.10740740740740741
1 0.61328125 0.7620370370370371 0.03802083333333333 0.10555555555555556
12 0.37395833333333334 0.4861111111111111 0.12395833333333334 0.17407407407407408
3 0.434375 0.8583333333333333 0.12916666666666668 0.21851851851851853
3 0.57421875 0.8393518518518519 0.16822916666666668 0.1824074074074074
3 0.055989583333333336 0.8245370370370371 0.10989583333333333 0.20462962962962963
7 0.36614583333333334 0.7537037037037037 0.04479166666666667 0.04814814814814815
7 0.66875 0.7476851851851852 0.09166666666666666 0.06944444444444445
7 0.5028645833333333 0.7513888888888889 0.03177083333333333 0.05648148148148148
6 0.8752604166666667 0.7675925925925926 0.24947916666666667 0.15555555555555556
14 0.3723958333333333 0.6694444444444444 0.240625 0.05555555555555555
14 0.8791666666666667 0.2625 0.059375 0.10277777777777777
14 0.8197916666666667 0.4148148148148148 0.022916666666666665 0.044444444444444446
14 0.9596354166666666 0.6819444444444445 0.04635416666666667 0.05462962962962963
