0 0.05807291666666667 0.5800925925925926 0.07447916666666667 0.14722222222222223
0 0.05 0.6930555555555555 0.05625 0.1398148148148148
0 0.12942708333333333 0.7726851851851851 0.16614583333333333 0.44166666666666665
0 0.46015625 0.6416666666666667 0.12135416666666667 0.36666666666666664
2 0.0453125 0.5291666666666667 0.029166666666666667 0.03981481481481482
2 0.05859375 0.6319444444444444 0.021354166666666667 0.030555555555555555
2 0.16041666666666668 0.6069444444444444 0.04895833333333333 0.0824074074074074
2 0.4635416666666667 0.5027777777777778 0.035416666666666666 0.07777777777777778
1 0.05 0.5736111111111111 0.04479166666666667 0.0787037037037037
1 0.04192708333333333 0.6819444444444445 0.033854166666666664 0.08981481481481482
1 0.09765625 0.7097222222222223 0.1078125 0.1824074074074074
1 0.47578125 0.5893518518518519 0.0484375 0.13796296296296295
12 0.32708333333333334 0.40046296296296297 0.153125 0.1935185185185185
5 0.25885416666666666 0.7481481481481481 0.18125 0.06481481481481481
11 0.29270833333333335 0.7722222222222223 0.21875 0.15555555555555556
13 0.8674479166666667 0.4583333333333333 0.26510416666666664 0.13148148148148148
14 0.8013020833333333 0.4324074074074074 0.03802083333333333 0.08333333333333333
