0 0.016145833333333335 0.25925925925925924 0.0640625 0.4305555555555556
0 0.003125 0.4101851851851852 0.0625 0.5555555555555556
0 0.06875 0.39444444444444443 0.15520833333333334 0.5666666666666667
0 0.41041666666666665 0.23425925925925925 0.5546875 0.8796296296296297
0 0.4088541666666667 0.31296296296296294 0.48072916666666665 0.5805555555555556
2 0.0203125 0.27314814814814814 0.051041666666666666 0.31203703703703706
2 0.019791666666666666 0.40185185185185185 0.051041666666666666 0.44814814814814813
2 0.07291666666666667 0.41203703703703703 0.0984375 0.45925925925925926
2 0.46979166666666666 0.2638888888888889 0.5239583333333333 0.3453703703703704
2 0.4578125 0.3333333333333333 0.4859375 0.36574074074074076
1 0.015104166666666667 0.31296296296296294 0.0625 0.4027777777777778
1 0.003125 0.44537037037037036 0.046875 0.5296296296296297
1 0.4401041666666667 0.36203703703703705 0.5375 0.6083333333333333
1 0.40729166666666666 0.37777777777777777 0.45416666666666666 0.5101851851851852
5 0.3104166666666667 0.5657407407407408 0.421875 0.6527777777777778
11 0.30625 0.5259259259259259 0.5807291666666666 0.7333333333333333
13 0.7729166666666667 0.23425925925925925 0.9994791666666667 0.39444444444444443
14 0.8104166666666667 0.2490740740740741 0.8421875 0.32685185185185184
