0 0.0005208333333333333 0.2324074074074074 0.071875 1.0
0 0.4786458333333333 0.24074074074074073 0.5276041666666667 0.3990740740740741
0 0.46927083333333336 0.3768518518518518 0.5265625 0.5083333333333333
0 0.525 0.35833333333333334 0.6036458333333333 0.5092592592592593
0 0.8182291666666667 0.16296296296296298 0.9520833333333333 0.8018518518518518
2 0.0005208333333333333 0.25 0.046875 0.3351851851851852
2 0.48125 0.24444444444444444 0.5057291666666667 0.2833333333333333
2 0.4817708333333333 0.3675925925925926 0.5046875 0.4046296296296296
2 0.5276041666666667 0.3638888888888889 0.5510416666666667 0.4009259259259259
2 0.8760416666666667 0.20555555555555555 0.9401041666666666 0.28703703703703703
1 0.0010416666666666667 0.3712962962962963 0.06770833333333333 0.6620370370370371
1 0.47760416666666666 0.28055555555555556 0.5140625 0.3675925925925926
1 0.4671875 0.3888888888888889 0.5072916666666667 0.4759259259259259
1 0.8520833333333333 0.29259259259259257 0.9640625 0.5444444444444444
5 0.7239583333333334 0.5018518518518519 0.8515625 0.5990740740740741
8 0.28541666666666665 0.3638888888888889 0.378125 0.4981481481481482
11 0.7223958333333333 0.4546296296296296 0.99375 0.6833333333333333
