0 0.09322916666666667 0.6685185185185185 0.1921875 0.9796296296296296
0 0.4588541666666667 0.6333333333333333 0.5328125 0.9388888888888889
0 0.5348958333333333 0.6296296296296297 0.6223958333333334 1.0
0 0.6380208333333334 0.587037037037037 0.675 0.6916666666666667
0 0.6994791666666667 0.5564814814814815 0.7239583333333334 0.6435185185185185
0 0.7473958333333334 0.5666666666666667 0.78125 0.6611111111111111
0 0.8197916666666667 0.6083333333333333 0.8578125 0.7620370370370371
2 0.125 0.6694444444444444 0.16041666666666668 0.725925925925926
2 0.475 0.6416666666666667 0.5088541666666667 0.687037037037037
2 0.5510416666666667 0.6342592592592593 0.5901041666666667 0.6861111111111111
2 0.7057291666666666 0.5694444444444444 0.7203125 0.5879629629629629
2 0.8291666666666667 0.6259259259259259 0.8442708333333333 0.662962962962963
1 0.11666666666666667 0.7287037037037037 0.17760416666666667 0.8537037037037037
1 0.4796875 0.6796296296296296 0.521875 0.8092592592592592
1 0.5364583333333334 0.6935185185185185 0.6140625 0.9083333333333333
1 0.6484375 0.6212962962962963 0.671875 0.6703703703703704
1 0.7020833333333333 0.5925925925925926 0.7239583333333334 0.6388888888888888
1 0.7463541666666667 0.5814814814814815 0.7666666666666667 0.6361111111111111
1 0.8265625 0.6601851851851852 0.8484375 0.7018518518518518
8 0.15572916666666667 0.7833333333333333 0.365625 1.0
11 0.6807291666666667 0.7666666666666667 0.8614583333333333 0.9009259259259259
13 0.7411458333333333 0.5898148148148148 0.8942708333333333 0.7083333333333334
14 0.7864583333333334 0.31296296296296294 0.8630208333333333 0.3962962962962963
14 0.8552083333333333 0.2564814814814815 0.9010416666666666 0.33240740740740743
14 0.9536458333333333 0.42685185185185187 0.996875 0.4888888888888889
14 0.7640625 0.5990740740740741 0.7864583333333334 0.6620370370370371
