0 0.2942708333333333 0.624537037037037 0.0375 0.1175925925925926
0 0.290625 0.7240740740740741 0.06041666666666667 0.11666666666666667
0 0.34427083333333336 0.6726851851851852 0.052083333333333336 0.18611111111111112
0 0.4921875 0.7194444444444444 0.0625 0.35555555555555557
0 0.5486979166666667 0.6319444444444444 0.06614583333333333 0.1527777777777778
2 0.29192708333333334 0.5907407407407408 0.018229166666666668 0.024074074074074074
2 0.290625 0.6851851851851852 0.016666666666666666 0.018518518518518517
2 0.3294270833333333 0.6087962962962963 0.0140625 0.025
2 0.48489583333333336 0.5787037037037037 0.025 0.037037037037037035
2 0.5536458333333333 0.5898148148148148 0.023958333333333335 0.03333333333333333
1 0.2947916666666667 0.6375 0.026041666666666668 0.05648148148148148
1 0.2833333333333333 0.7231481481481481 0.035416666666666666 0.06481481481481481
1 0.4864583333333333 0.6699074074074074 0.05 0.14166666666666666
1 0.54296875 0.6518518518518519 0.034895833333333334 0.1
12 0.4778645833333333 0.1824074074074074 0.10052083333333334 0.1814814814814815
5 0.43671875 0.7708333333333334 0.06614583333333333 0.05462962962962963
8 0.14557291666666666 0.7342592592592593 0.0921875 0.1
11 0.50625 0.7777777777777778 0.16875 0.1259259259259259
13 0.9307291666666667 0.549537037037037 0.13854166666666667 0.1175925925925926
14 0.9208333333333333 0.5310185185185186 0.035416666666666666 0.06388888888888888
