0 0.26510416666666664 0.75 0.10416666666666667 0.20925925925925926
0 0.4864583333333333 0.8134259259259259 0.08125 0.28055555555555556
0 0.6078125 0.7902777777777777 0.06875 0.27685185185185185
2 0.23802083333333332 0.6712962962962963 0.030208333333333334 0.053703703703703705
2 0.48411458333333335 0.7064814814814815 0.0328125 0.044444444444444446
2 0.6026041666666667 0.6851851851851852 0.034375 0.044444444444444446
1 0.4934895833333333 0.7814814814814814 0.043229166666666666 0.10925925925925926
1 0.6075520833333333 0.7587962962962963 0.044270833333333336 0.10648148148148148
12 0.37786458333333334 0.4777777777777778 0.1171875 0.21296296296296297
3 0.43776041666666665 0.8611111111111112 0.1203125 0.22037037037037038
3 0.5859375 0.8439814814814814 0.16666666666666666 0.17685185185185184
3 0.05572916666666667 0.8171296296296297 0.11041666666666666 0.18796296296296297
7 0.36223958333333334 0.7462962962962963 0.049479166666666664 0.04259259259259259
7 0.6635416666666667 0.7444444444444445 0.08958333333333333 0.07037037037037037
6 0.8700520833333333 0.7671296296296296 0.2598958333333333 0.14351851851851852
14 0.8833333333333333 0.2689814814814815 0.06458333333333334 0.09537037037037037
14 0.9640625 0.6884259259259259 0.04479166666666667 0.05277777777777778
14 0.8229166666666666 0.4111111111111111 0.022916666666666665 0.04814814814814815
14 0.3731770833333333 0.6666666666666666 0.2390625 0.046296296296296294
