0 0.2890625 0.5560185185185185 0.040625 0.1175925925925926
0 0.29791666666666666 0.6666666666666666 0.06145833333333333 0.11666666666666667
0 0.34348958333333335 0.6282407407407408 0.05364583333333333 0.13425925925925927
0 0.48932291666666666 0.6342592592592593 0.07135416666666666 0.35
0 0.54765625 0.5472222222222223 0.05260416666666667 0.17407407407407408
2 0.2911458333333333 0.5319444444444444 0.016666666666666666 0.030555555555555555
2 0.29583333333333334 0.6231481481481481 0.022916666666666665 0.02962962962962963
2 0.33125 0.5884259259259259 0.020833333333333332 0.028703703703703703
2 0.4859375 0.49583333333333335 0.030208333333333334 0.05462962962962963
2 0.5552083333333333 0.5037037037037037 0.025 0.04814814814814815
1 0.29453125 0.5837962962962963 0.0328125 0.06574074074074074
1 0.28619791666666666 0.6587962962962963 0.033854166666666664 0.05462962962962963
1 0.49322916666666666 0.5898148148148148 0.05625 0.1388888888888889
1 0.5484375 0.5675925925925925 0.03229166666666667 0.0962962962962963
12 0.4622395833333333 0.11296296296296296 0.1109375 0.1962962962962963
5 0.43411458333333336 0.6907407407407408 0.06302083333333333 0.07037037037037037
8 0.14609375 0.6837962962962963 0.1078125 0.09907407407407408
11 0.5078125 0.6958333333333333 0.171875 0.13240740740740742
13 0.9354166666666667 0.4217592592592593 0.12916666666666668 0.125
14 0.9192708333333334 0.39814814814814814 0.03229166666666667 0.06481481481481481
