0 0.30625 0.638425925925926 0.057291666666666664 0.14722222222222223
0 0.3059895833333333 0.7550925925925925 0.06197916666666667 0.13425925925925927
0 0.36432291666666666 0.737037037037037 0.07864583333333333 0.14814814814814814
0 0.5752604166666667 0.7430555555555556 0.07135416666666666 0.43425925925925923
0 0.6276041666666666 0.6518518518518519 0.04375 0.17777777777777778
2 0.2955729166666667 0.5976851851851852 0.021354166666666667 0.03425925925925926
2 0.30104166666666665 0.7046296296296296 0.016666666666666666 0.020370370370370372
2 0.33984375 0.6990740740740741 0.0140625 0.040740740740740744
2 0.5705729166666667 0.5634259259259259 0.0390625 0.05462962962962963
2 0.6231770833333333 0.5958333333333333 0.027604166666666666 0.05277777777777778
1 0.3033854166666667 0.6467592592592593 0.030729166666666665 0.075
1 0.29375 0.750462962962963 0.03125 0.0787037037037037
1 0.5783854166666667 0.6805555555555556 0.0640625 0.1648148148148148
1 0.6161458333333333 0.6592592592592592 0.028125 0.11481481481481481
12 0.4953125 0.09074074074074075 0.14583333333333334 0.17962962962962964
5 0.5010416666666667 0.7962962962962963 0.08541666666666667 0.09444444444444444
8 0.14557291666666666 0.7824074074074074 0.11927083333333334 0.13148148148148148
11 0.584375 0.8032407407407407 0.21979166666666666 0.15833333333333333
13 0.9755208333333333 0.48333333333333334 0.04895833333333333 0.12407407407407407
