0 0.31342592592592594 0.6333333333333333 0.08425925925925926 0.10729166666666666
0 0.35555555555555557 0.6815104166666667 0.1388888888888889 0.14322916666666666
0 0.6671296296296296 0.66328125 0.0787037037037037 0.14322916666666666
2 0.32407407407407407 0.6049479166666667 0.03518518518518519 0.0140625
2 0.3731481481481482 0.6229166666666667 0.03518518518518519 0.019791666666666666
2 0.6759259259259259 0.61953125 0.05185185185185185 0.0171875
1 0.3194444444444444 0.6385416666666667 0.06481481481481481 0.041666666666666664
1 0.34120370370370373 0.6700520833333333 0.08796296296296297 0.07239583333333334
1 0.6620370370370371 0.6604166666666667 0.07592592592592592 0.05520833333333333
1 0.01898148148148148 0.60859375 0.025 0.0171875
0 0.020833333333333332 0.6135416666666667 0.03425925925925926 0.042708333333333334
2 0.019444444444444445 0.59453125 0.027777777777777776 0.008854166666666666
12 0.5935185185185186 0.3703125 0.16111111111111112 0.15729166666666666
4 0.2023148148148148 0.62109375 0.09537037037037037 0.033854166666666664
4 0.08611111111111111 0.6169270833333333 0.03888888888888889 0.0265625
8 0.7782407407407408 0.7033854166666667 0.20462962962962963 0.0921875
11 0.837037037037037 0.85078125 0.32592592592592595 0.15572916666666667
10 0.44166666666666665 0.7158854166666667 0.04259259259259259 0.0453125
6 0.13148148148148148 0.61640625 0.0962962962962963 0.044270833333333336
13 0.056018518518518516 0.59765625 0.10833333333333334 0.0359375
14 0.1736111111111111 0.534375 0.3453703703703704 0.05520833333333333
14 0.8476851851851852 0.13776041666666666 0.10833333333333334 0.07552083333333333
14 0.8467592592592592 0.33229166666666665 0.11018518518518519 0.040625
14 0.8449074074074074 0.4088541666666667 0.11018518518518519 0.03854166666666667
14 0.8523148148148149 0.5184895833333333 0.13796296296296295 0.04114583333333333
14 0.7203703703703703 0.40546875 0.06666666666666667 0.03697916666666667
14 0.18055555555555555 0.5921875 0.18518518518518517 0.053125
