0 0.15677083333333333 0.6648148148148149 0.20104166666666667 0.8546296296296296
0 0.23489583333333333 0.6824074074074075 0.2765625 0.7731481481481481
0 0.21822916666666667 0.7546296296296297 0.27291666666666664 0.8731481481481481
0 0.41302083333333334 0.637962962962963 0.4786458333333333 0.9731481481481481
0 0.46979166666666666 0.6481481481481481 0.5291666666666667 0.837037037037037
2 0.1703125 0.6824074074074075 0.1890625 0.7055555555555556
2 0.234375 0.7712962962962963 0.2546875 0.8
2 0.41875 0.6583333333333333 0.4515625 0.7
2 0.496875 0.6611111111111111 0.5234375 0.7083333333333334
1 0.15572916666666667 0.7111111111111111 0.19166666666666668 0.7861111111111111
1 0.23802083333333332 0.6842592592592592 0.2635416666666667 0.7611111111111111
1 0.21770833333333334 0.7842592592592592 0.253125 0.8546296296296296
1 0.428125 0.6935185185185185 0.47708333333333336 0.8324074074074074
1 0.478125 0.6953703703703704 0.515625 0.7981481481481482
12 0.3645833333333333 0.1287037037037037 0.471875 0.2962962962962963
5 0.3614583333333333 0.8268518518518518 0.4375 0.8731481481481481
5 0.46041666666666664 0.8074074074074075 0.5390625 0.8324074074074074
8 0.0453125 0.7722222222222223 0.14166666666666666 0.8833333333333333
11 0.36354166666666665 0.8111111111111111 0.5458333333333333 0.9407407407407408
13 0.8145833333333333 0.5777777777777777 1.0 0.7083333333333334
0 0.9630208333333333 0.5555555555555556 0.9942708333333333 0.687962962962963
2 0.9682291666666667 0.5601851851851852 0.9838541666666667 0.575
1 0.9692708333333333 0.5861111111111111 0.9885416666666667 0.6351851851851852
14 0.8588541666666667 0.5907407407407408 0.890625 0.6416666666666667
