0 0.20729166666666668 0.7486111111111111 0.03854166666666667 0.175
0 0.26276041666666666 0.7203703703703703 0.034895833333333334 0.10185185185185185
0 0.25885416666666666 0.8087962962962963 0.06770833333333333 0.11388888888888889
0 0.4421875 0.7851851851851852 0.065625 0.32222222222222224
0 0.50546875 0.7333333333333333 0.0609375 0.19814814814814816
2 0.2078125 0.6893518518518519 0.020833333333333332 0.03796296296296296
2 0.21770833333333334 0.7060185185185185 0.0010416666666666667 0.004629629629629629
2 0.25546875 0.7777777777777778 0.021354166666666667 0.03333333333333333
2 0.43125 0.674074074074074 0.020833333333333332 0.03888888888888889
2 0.5140625 0.6777777777777778 0.026041666666666668 0.05185185185185185
1 0.19583333333333333 0.7402777777777778 0.028125 0.07685185185185185
1 0.2578125 0.7199074074074074 0.021875 0.0712962962962963
1 0.24322916666666666 0.8115740740740741 0.03958333333333333 0.06388888888888888
1 0.446875 0.7449074074074075 0.051041666666666666 0.11018518518518519
1 0.5041666666666667 0.7375 0.036458333333333336 0.10092592592592593
12 0.42213541666666665 0.22870370370370371 0.10052083333333334 0.18518518518518517
5 0.39505208333333336 0.8527777777777777 0.0671875 0.053703703703703705
5 0.5002604166666667 0.8138888888888889 0.0734375 0.03148148148148148
8 0.09921875 0.8245370370370371 0.11614583333333334 0.125
11 0.46875 0.8643518518518518 0.171875 0.13240740740740742
13 0.9075520833333334 0.6291666666666667 0.18489583333333334 0.12685185185185185
14 0.8822916666666667 0.6125 0.021875 0.06574074074074074
