0 0.23072916666666668 0.6472222222222223 0.2552083333333333 0.8046296296296296
0 0.25416666666666665 0.637962962962963 0.2833333333333333 0.7861111111111111
0 0.234375 0.7379629629629629 0.2984375 0.85
0 0.4197916666666667 0.6185185185185185 0.48489583333333336 0.9388888888888889
0 0.4875 0.6129629629629629 0.5359375 0.787962962962963
2 0.23541666666666666 0.6611111111111111 0.2546875 0.6972222222222222
2 0.25677083333333334 0.6453703703703704 0.27291666666666664 0.687037037037037
2 0.24635416666666668 0.75 0.2708333333333333 0.7824074074074074
2 0.43125 0.637962962962963 0.4578125 0.6768518518518518
2 0.5036458333333333 0.637962962962963 0.5296875 0.687037037037037
1 0.23177083333333334 0.7 0.25 0.7601851851851852
1 0.2546875 0.6805555555555556 0.27239583333333334 0.7462962962962963
1 0.2359375 0.7722222222222223 0.26458333333333334 0.8305555555555556
1 0.4328125 0.6759259259259259 0.484375 0.7916666666666666
1 0.49114583333333334 0.6814814814814815 0.5291666666666667 0.7787037037037037
12 0.3854166666666667 0.1398148148148148 0.48802083333333335 0.3416666666666667
5 0.37135416666666665 0.8074074074074075 0.4427083333333333 0.8731481481481481
5 0.4703125 0.7944444444444444 0.5447916666666667 0.825925925925926
8 0.04739583333333333 0.7592592592592593 0.1671875 0.8712962962962963
11 0.3796875 0.7907407407407407 0.5609375 0.9194444444444444
13 0.8322916666666667 0.5583333333333333 1.0 0.6731481481481482
14 0.8708333333333333 0.5703703703703704 0.903125 0.6342592592592593
