0 0.01796875 0.7763888888888889 0.033854166666666664 0.27870370370370373
0 0.31015625 0.687037037037037 0.033854166666666664 0.11481481481481481
0 0.3536458333333333 0.7171296296296297 0.041666666666666664 0.1675925925925926
0 0.30833333333333335 0.7782407407407408 0.05625 0.10277777777777777
0 0.5028645833333333 0.7773148148148148 0.06822916666666666 0.3527777777777778
0 0.5658854166666667 0.6861111111111111 0.0578125 0.14629629629629629
2 0.009635416666666667 0.6949074074074074 0.0171875 0.06388888888888888
2 0.31197916666666664 0.6546296296296297 0.021875 0.027777777777777776
2 0.3033854166666667 0.7444444444444445 0.0203125 0.022222222222222223
2 0.3489583333333333 0.6583333333333333 0.020833333333333332 0.02962962962962963
2 0.4973958333333333 0.6347222222222222 0.029166666666666667 0.03796296296296296
2 0.5669270833333333 0.6435185185185185 0.024479166666666666 0.04259259259259259
1 0.30885416666666665 0.6962962962962963 0.03229166666666667 0.05555555555555555
1 0.29661458333333335 0.7842592592592592 0.025520833333333333 0.06481481481481481
1 0.01171875 0.8101851851851852 0.022395833333333334 0.14814814814814814
1 0.5013020833333334 0.7319444444444444 0.0515625 0.12314814814814815
1 0.5549479166666667 0.7180555555555556 0.03697916666666667 0.10462962962962963
12 0.4940104166666667 0.2351851851851852 0.11614583333333334 0.18333333333333332
5 0.4473958333333333 0.8333333333333334 0.08125 0.05185185185185185
8 0.15703125 0.7893518518518519 0.10989583333333333 0.10277777777777777
11 0.51328125 0.8402777777777778 0.1859375 0.12129629629629629
13 0.940625 0.6074074074074074 0.11875 0.12037037037037036
14 0.93828125 0.5814814814814815 0.04010416666666667 0.08148148148148149
