0 0.03697916666666667 0.46296296296296297 0.08854166666666667 0.6231481481481481
0 0.024479166666666666 0.5824074074074074 0.08020833333333334 0.7444444444444445
0 0.0640625 0.4703703703703704 0.18229166666666666 0.9972222222222222
0 0.4348958333333333 0.4166666666666667 0.5192708333333333 0.8287037037037037
2 0.046875 0.48148148148148145 0.07291666666666667 0.5157407407407407
2 0.04895833333333333 0.5953703703703703 0.07291666666666667 0.6333333333333333
2 0.1046875 0.47685185185185186 0.15625 0.537962962962963
2 0.4432291666666667 0.43796296296296294 0.49375 0.5009259259259259
1 0.0453125 0.5101851851851852 0.084375 0.5944444444444444
1 0.027604166666666666 0.6277777777777778 0.06145833333333333 0.7055555555555556
1 0.0625 0.562962962962963 0.13958333333333334 0.7555555555555555
1 0.4578125 0.5018518518518519 0.49947916666666664 0.6583333333333333
12 0.2520833333333333 0.25925925925925924 0.3880208333333333 0.48703703703703705
5 0.16614583333333333 0.6824074074074075 0.35989583333333336 0.7546296296296297
11 0.1734375 0.6759259259259259 0.3859375 0.8546296296296296
13 0.7609375 0.3712962962962963 1.0 0.5231481481481481
14 0.7994791666666666 0.39166666666666666 0.8364583333333333 0.46574074074074073
