0 0.14739583333333334 0.6416666666666667 0.1921875 0.85
0 0.21875 0.7296296296296296 0.25625 0.8759259259259259
0 0.234375 0.662962962962963 0.27708333333333335 0.7731481481481481
0 0.4078125 0.6259259259259259 0.48385416666666664 0.9638888888888889
0 0.475 0.637962962962963 0.521875 0.8212962962962963
2 0.1640625 0.6694444444444444 0.18697916666666667 0.6907407407407408
2 0.23489583333333333 0.7583333333333333 0.2552083333333333 0.7796296296296297
2 0.4234375 0.6435185185185185 0.4505208333333333 0.6916666666666667
2 0.49114583333333334 0.6472222222222223 0.521875 0.6944444444444444
1 0.15885416666666666 0.7018518518518518 0.19114583333333332 0.7703703703703704
1 0.24479166666666666 0.6759259259259259 0.2671875 0.7509259259259259
1 0.22135416666666666 0.7787037037037037 0.25104166666666666 0.8407407407407408
1 0.4276041666666667 0.6842592592592592 0.4859375 0.8194444444444444
1 0.4734375 0.6768518518518518 0.5161458333333333 0.7842592592592592
12 0.3625 0.08148148148148149 0.4625 0.2611111111111111
5 0.3640625 0.8166666666666667 0.43854166666666666 0.8712962962962963
5 0.4739583333333333 0.7898148148148149 0.5364583333333334 0.8185185185185185
8 0.03697916666666667 0.7472222222222222 0.15104166666666666 0.8805555555555555
11 0.3776041666666667 0.7935185185185185 0.55 0.9324074074074075
13 0.8140625 0.5722222222222222 1.0 0.6768518518518518
0 0.9364583333333333 0.5444444444444444 0.9739583333333334 0.6851851851851852
2 0.9427083333333334 0.5509259259259259 0.959375 0.5694444444444444
1 0.940625 0.575 0.9630208333333333 0.6194444444444445
14 0.85625 0.5777777777777777 0.8864583333333333 0.6398148148148148
