0 0.2421875 0.799074074074074 0.134375 0.40185185185185185
0 0.3125 0.7194444444444444 0.040625 0.1648148148148148
0 0.4518229166666667 0.7814814814814814 0.0828125 0.3314814814814815
0 0.5270833333333333 0.7185185185185186 0.06770833333333333 0.19074074074074074
2 0.25234375 0.6453703703703704 0.0578125 0.08518518518518518
2 0.3104166666666667 0.6625 0.015625 0.03425925925925926
2 0.4596354166666667 0.65 0.027604166666666666 0.05925925925925926
2 0.5401041666666667 0.6717592592592593 0.022916666666666665 0.05277777777777778
2 0.87265625 0.5402777777777777 0.016145833333333335 0.01574074074074074
2 0.95859375 0.5324074074074074 0.0171875 0.014814814814814815
0 0.8776041666666666 0.587037037037037 0.027083333333333334 0.11296296296296296
0 0.96484375 0.5884259259259259 0.03177083333333333 0.13425925925925927
1 0.25234375 0.837037037037037 0.1140625 0.2574074074074074
1 0.30078125 0.7032407407407407 0.0421875 0.08425925925925926
1 0.46640625 0.736574074074074 0.050520833333333334 0.13425925925925927
1 0.5197916666666667 0.7393518518518518 0.04375 0.11203703703703703
1 0.8770833333333333 0.5847222222222223 0.029166666666666667 0.075
1 0.9638020833333333 0.5768518518518518 0.0265625 0.06481481481481481
12 0.4484375 0.08981481481481482 0.13541666666666666 0.17777777777777778
5 0.4075520833333333 0.825925925925926 0.07447916666666667 0.05740740740740741
5 0.5265625 0.7902777777777777 0.10416666666666667 0.041666666666666664
8 0.12135416666666667 0.8032407407407407 0.11979166666666667 0.11018518518518519
11 0.4947916666666667 0.8412037037037037 0.17395833333333333 0.1287037037037037
13 0.9265625 0.6148148148148148 0.146875 0.12407407407407407
14 0.9122395833333333 0.5925925925925926 0.033854166666666664 0.06666666666666667
