0 0.14114583333333333 0.6981481481481482 0.25885416666666666 0.987037037037037
0 0.24479166666666666 0.8212962962962963 0.2942708333333333 0.937037037037037
0 0.26458333333333334 0.7231481481481481 0.2984375 0.8518518518518519
0 0.2947916666666667 0.737037037037037 0.33697916666666666 0.9212962962962963
0 0.4234375 0.6916666666666667 0.48802083333333335 1.0
0 0.4796875 0.7046296296296296 0.55 0.9064814814814814
0 0.8411458333333334 0.6212962962962963 0.8640625 0.7398148148148148
0 0.9166666666666666 0.6111111111111112 0.94375 0.7277777777777777
2 0.8411458333333334 0.6175925925925926 0.8546875 0.6425925925925926
2 0.9177083333333333 0.6129629629629629 0.9328125 0.6314814814814815
2 0.1625 0.7157407407407408 0.2234375 0.7796296296296297
2 0.2604166666666667 0.8333333333333334 0.28229166666666666 0.8611111111111112
2 0.3125 0.7444444444444445 0.33229166666666665 0.7731481481481481
2 0.4395833333333333 0.712037037037037 0.46927083333333336 0.7537037037037037
2 0.5182291666666666 0.7333333333333333 0.5411458333333333 0.787962962962963
1 0.1625 0.812962962962963 0.25729166666666664 1.0
1 0.246875 0.8481481481481481 0.27395833333333336 0.9120370370370371
1 0.26510416666666664 0.7546296296296297 0.28802083333333334 0.8296296296296296
1 0.30104166666666665 0.7611111111111111 0.3333333333333333 0.85
1 0.43385416666666665 0.7555555555555555 0.484375 0.8907407407407407
1 0.4895833333333333 0.7685185185185185 0.5333333333333333 0.8805555555555555
1 0.8416666666666667 0.6398148148148148 0.8578125 0.6990740740740741
1 0.9145833333333333 0.6324074074074074 0.9442708333333333 0.7
12 0.3828125 0.04259259259259259 0.496875 0.23425925925925925
5 0.3619791666666667 0.8935185185185185 0.4515625 0.9462962962962963
5 0.4786458333333333 0.8731481481481481 0.5651041666666666 0.9055555555555556
8 0.06302083333333333 0.8333333333333334 0.1640625 0.9611111111111111
11 0.4036458333333333 0.8824074074074074 0.5984375 1.0
13 0.8401041666666667 0.6314814814814815 1.0 0.7611111111111111
14 0.8822916666666667 0.649074074074074 0.9145833333333333 0.7185185185185186
