0 0.18828125 0.6976851851851852 0.04635416666666667 0.2212962962962963
0 0.2625 0.7550925925925925 0.05625 0.12685185185185185
0 0.2799479166666667 0.6657407407407407 0.050520833333333334 0.12037037037037036
0 0.4434895833333333 0.7421296296296296 0.08802083333333334 0.30092592592592593
0 0.50546875 0.6736111111111112 0.0609375 0.20277777777777778
0 0.7973958333333333 0.7458333333333333 0.225 0.5083333333333333
2 0.19427083333333334 0.6277777777777778 0.021875 0.025925925925925925
2 0.26276041666666666 0.7101851851851851 0.016145833333333335 0.024074074074074074
2 0.45078125 0.6263888888888889 0.033854166666666664 0.041666666666666664
2 0.515625 0.6148148148148148 0.021875 0.04259259259259259
2 0.76796875 0.5805555555555556 0.1421875 0.14814814814814814
0 0.9505208333333334 0.5569444444444445 0.03333333333333333 0.12685185185185185
2 0.9453125 0.5018518518518519 0.015625 0.018518518518518517
1 0.18880208333333334 0.6833333333333333 0.027604166666666666 0.07777777777777778
1 0.25026041666666665 0.7546296296296297 0.033854166666666664 0.06481481481481481
1 0.26979166666666665 0.6560185185185186 0.021875 0.06388888888888888
1 0.45989583333333334 0.7046296296296296 0.04479166666666667 0.12962962962962962
1 0.50234375 0.6768518518518518 0.0421875 0.11481481481481481
1 0.8177083333333334 0.8685185185185185 0.1875 0.26296296296296295
1 0.9479166666666666 0.5393518518518519 0.023958333333333335 0.05277777777777778
12 0.4244791666666667 0.10740740740740741 0.10208333333333333 0.18518518518518517
5 0.396875 0.7865740740740741 0.08229166666666667 0.04351851851851852
5 0.503125 0.7574074074074074 0.08645833333333333 0.024074074074074074
8 0.11223958333333334 0.7583333333333333 0.0984375 0.11296296296296296
11 0.4765625 0.8037037037037037 0.16458333333333333 0.12777777777777777
13 0.9184895833333333 0.5805555555555556 0.16302083333333334 0.12962962962962962
14 0.88984375 0.5574074074074075 0.03697916666666667 0.06111111111111111
