0 0.10286458333333333 0.8685185185185185 0.07760416666666667 0.26296296296296295
0 0.52109375 0.850925925925926 0.0671875 0.29814814814814816
0 0.5997395833333333 0.8458333333333333 0.0890625 0.30833333333333335
0 0.6997395833333333 0.7129629629629629 0.0328125 0.13518518518518519
0 0.74140625 0.6939814814814815 0.0359375 0.13425925925925927
0 0.7953125 0.6981481481481482 0.035416666666666666 0.12037037037037036
0 0.8671875 0.7851851851851852 0.03854166666666667 0.15185185185185185
2 0.09661458333333334 0.7791666666666667 0.03697916666666667 0.058333333333333334
2 0.5239583333333333 0.7518518518518519 0.030208333333333334 0.046296296296296294
2 0.5393229166666667 0.774074074074074 0.0005208333333333333 0.001851851851851852
2 0.6002604166666666 0.7421296296296296 0.03802083333333333 0.058333333333333334
2 0.740625 0.6611111111111111 0.01875 0.018518518518518517
2 0.8669270833333333 0.7268518518518519 0.015104166666666667 0.022222222222222223
2 0.7841145833333333 0.6513888888888889 0.0140625 0.021296296296296296
1 0.10130208333333333 0.8648148148148148 0.0515625 0.12037037037037036
1 0.5260416666666666 0.825462962962963 0.04375 0.12129629629629629
1 0.6067708333333334 0.875462962962963 0.078125 0.18425925925925926
1 0.7026041666666667 0.7018518518518518 0.021875 0.06481481481481481
1 0.7395833333333334 0.6944444444444444 0.019791666666666666 0.046296296296296294
1 0.78671875 0.6907407407407408 0.024479166666666666 0.053703703703703705
1 0.8674479166666667 0.7648148148148148 0.022395833333333334 0.053703703703703705
8 0.29270833333333335 0.9273148148148148 0.175 0.14537037037037037
11 0.80625 0.9236111111111112 0.19270833333333334 0.14537037037037037
13 0.8515625 0.7342592592592593 0.15104166666666666 0.13148148148148148
14 0.8546875 0.4476851851851852 0.059375 0.075
14 0.9125 0.3773148148148148 0.04375 0.08611111111111111
14 0.8963541666666667 0.05462962962962963 0.04583333333333333 0.06111111111111111
