0 0.25078125 0.6814814814814815 0.044270833333333336 0.19074074074074074
0 0.3078125 0.6476851851851851 0.034375 0.10462962962962963
0 0.2921875 0.7337962962962963 0.052083333333333336 0.11388888888888889
0 0.39348958333333334 0.7597222222222222 0.1765625 0.48055555555555557
0 0.48385416666666664 0.7300925925925926 0.0625 0.2916666666666667
0 0.5395833333333333 0.6689814814814815 0.06041666666666667 0.18425925925925926
2 0.2596354166666667 0.612037037037037 0.018229166666666668 0.037037037037037035
2 0.30026041666666664 0.7032407407407407 0.018229166666666668 0.04537037037037037
2 0.38828125 0.5740740740740741 0.0703125 0.0962962962962963
2 0.46796875 0.6069444444444444 0.025520833333333333 0.04722222222222222
2 0.55078125 0.6263888888888889 0.03177083333333333 0.06574074074074074
2 0.9276041666666667 0.49212962962962964 0.019791666666666666 0.028703703703703703
0 0.93125 0.5361111111111111 0.035416666666666666 0.10555555555555556
1 0.25755208333333335 0.6615740740740741 0.03177083333333333 0.075
1 0.2864583333333333 0.7439814814814815 0.034375 0.0712962962962963
1 0.303125 0.6462962962962963 0.03125 0.06666666666666667
1 0.4119791666666667 0.8291666666666667 0.134375 0.3416666666666667
1 0.47994791666666664 0.6930555555555555 0.05677083333333333 0.1398148148148148
1 0.5369791666666667 0.687037037037037 0.04895833333333333 0.11481481481481481
1 0.9286458333333333 0.5412037037037037 0.01875 0.06574074074074074
12 0.4552083333333333 0.08981481481481482 0.13020833333333334 0.17777777777777778
5 0.53828125 0.7449074074074075 0.06822916666666666 0.032407407407407406
8 0.14166666666666666 0.7509259259259259 0.11145833333333334 0.12222222222222222
11 0.5427083333333333 0.7856481481481481 0.1 0.1398148148148148
13 0.9317708333333333 0.5675925925925925 0.13645833333333332 0.11851851851851852
14 0.925 0.5481481481481482 0.029166666666666667 0.06481481481481481
