0 0.06302083333333333 0.7157407407407408 0.1890625 1.0
0 0.22916666666666666 0.825 0.27291666666666664 0.9537037037037037
0 0.26927083333333335 0.7546296296296297 0.33541666666666664 0.9314814814814815
0 0.39479166666666665 0.7092592592592593 0.4703125 1.0
0 0.4635416666666667 0.725925925925926 0.5239583333333333 0.9138888888888889
2 0.10260416666666666 0.7324074074074074 0.15833333333333333 0.8
2 0.2421875 0.8296296296296296 0.26458333333333334 0.8638888888888889
2 0.28072916666666664 0.7722222222222223 0.2989583333333333 0.8009259259259259
2 0.4088541666666667 0.7296296296296296 0.4375 0.7694444444444445
2 0.49322916666666666 0.737037037037037 0.515625 0.7861111111111111
2 0.9671875 0.6231481481481481 0.9807291666666667 0.6425925925925926
0 0.9614583333333333 0.6231481481481481 0.9911458333333333 0.7472222222222222
1 0.07552083333333333 0.825925925925926 0.17864583333333334 1.0
1 0.2234375 0.8537037037037037 0.2515625 0.9231481481481482
1 0.24114583333333334 0.7546296296296297 0.2671875 0.8324074074074074
1 0.2828125 0.7833333333333333 0.3098958333333333 0.8537037037037037
1 0.41302083333333334 0.7620370370370371 0.46770833333333334 0.9
1 0.4713541666666667 0.7703703703703704 0.5161458333333333 0.8805555555555555
1 0.9630208333333333 0.6481481481481481 0.9890625 0.7
1 0.8708333333333333 0.6472222222222223 0.8921875 0.6944444444444444
1 0.8072916666666666 0.6527777777777778 0.8197916666666667 0.6805555555555556
0 0.803125 0.6240740740740741 0.8270833333333333 0.687962962962963
2 0.8052083333333333 0.6268518518518519 0.8192708333333333 0.6425925925925926
0 0.865625 0.6240740740740741 0.8973958333333333 0.6981481481481482
2 0.871875 0.6222222222222222 0.8859375 0.637962962962963
12 0.3765625 0.025925925925925925 0.4942708333333333 0.21296296296296297
5 0.3494791666666667 0.8962962962962963 0.4276041666666667 0.9601851851851851
5 0.4583333333333333 0.8592592592592593 0.5536458333333333 0.9046296296296297
11 0.3880208333333333 0.8768518518518519 0.5515625 1.0
13 0.8182291666666667 0.6481481481481481 1.0 0.7518518518518519
14 0.8609375 0.6509259259259259 0.9026041666666667 0.7361111111111112
