0 0.016666666666666666 0.4638888888888889 0.15260416666666668 1.0
0 0.44895833333333335 0.43703703703703706 0.53125 0.8675925925925926
2 0.05 0.4722222222222222 0.103125 0.5518518518518518
2 0.46510416666666665 0.45555555555555555 0.5072916666666667 0.5148148148148148
1 0.0203125 0.562962962962963 0.12291666666666666 0.7861111111111111
1 0.46979166666666666 0.5157407407407407 0.521875 0.6777777777777778
12 0.24166666666666667 0.2777777777777778 0.39479166666666665 0.5277777777777778
5 0.13020833333333334 0.7490740740740741 0.26979166666666665 0.7981481481481482
5 0.2484375 0.7194444444444444 0.36354166666666665 0.7379629629629629
11 0.17708333333333334 0.6703703703703704 0.40260416666666665 0.8796296296296297
13 0.790625 0.3925925925925926 1.0 0.5277777777777778
14 0.8385416666666666 0.3962962962962963 0.8734375 0.47962962962962963
