0 0.22604166666666667 0.6754629629629629 0.0375 0.20277777777777778
0 0.29322916666666665 0.7240740740740741 0.06041666666666667 0.11666666666666667
0 0.29973958333333334 0.6328703703703704 0.03697916666666667 0.10092592592592593
0 0.4578125 0.7152777777777778 0.07604166666666666 0.27685185185185185
0 0.5166666666666667 0.6523148148148148 0.03229166666666667 0.125
0 0.5638020833333334 0.7421296296296296 0.23802083333333332 0.5157407407407407
2 0.23098958333333333 0.6069444444444444 0.019270833333333334 0.032407407407407406
2 0.29192708333333334 0.6953703703703704 0.028645833333333332 0.024074074074074074
2 0.46458333333333335 0.6032407407407407 0.026041666666666668 0.04722222222222222
2 0.5674479166666667 0.5606481481481481 0.1078125 0.11574074074074074
2 0.94765625 0.4787037037037037 0.016145833333333335 0.018518518518518517
0 0.9520833333333333 0.5254629629629629 0.027083333333333334 0.11018518518518519
1 0.22630208333333332 0.6564814814814814 0.0265625 0.07407407407407407
1 0.30234375 0.6402777777777777 0.030729166666666665 0.04722222222222222
1 0.28098958333333335 0.7305555555555555 0.0296875 0.05555555555555555
1 0.48411458333333335 0.6847222222222222 0.049479166666666664 0.1398148148148148
1 0.5765625 0.8143518518518519 0.16875 0.29907407407407405
1 0.5200520833333333 0.6601851851851852 0.027604166666666666 0.09259259259259259
1 0.9486979166666667 0.5208333333333334 0.0140625 0.05462962962962963
12 0.44817708333333334 0.09074074074074075 0.1046875 0.17592592592592593
5 0.41822916666666665 0.774537037037037 0.051041666666666666 0.05462962962962963
8 0.13984375 0.7425925925925926 0.10885416666666667 0.11666666666666667
11 0.4630208333333333 0.787962962962963 0.09479166666666666 0.13518518518518519
13 0.93125 0.55 0.1375 0.10925925925925926
14 0.9177083333333333 0.5356481481481481 0.029166666666666667 0.06759259259259259
