0 0.27786458333333336 0.6638888888888889 0.0328125 0.13333333333333333
0 0.31875 0.7685185185185185 0.14479166666666668 0.46296296296296297
0 0.46640625 0.7361111111111112 0.06302083333333333 0.3277777777777778
0 0.5401041666666667 0.6856481481481481 0.07395833333333333 0.23055555555555557
0 0.8994791666666667 0.5430555555555555 0.019791666666666666 0.09722222222222222
2 0.9 0.5083333333333333 0.0125 0.020370370370370372
2 0.2828125 0.6212962962962963 0.019791666666666666 0.04814814814814815
2 0.31953125 0.586574074074074 0.05364583333333333 0.10833333333333334
2 0.46067708333333335 0.6097222222222223 0.03177083333333333 0.05092592592592592
2 0.5434895833333333 0.6388888888888888 0.028645833333333332 0.053703703703703705
1 0.2916666666666667 0.6504629629629629 0.019791666666666666 0.06018518518518518
1 0.32317708333333334 0.8013888888888889 0.11822916666666666 0.2861111111111111
1 0.4752604166666667 0.7069444444444445 0.044270833333333336 0.13796296296296295
1 0.53046875 0.6958333333333333 0.049479166666666664 0.10462962962962963
1 0.9010416666666666 0.55 0.026041666666666668 0.07407407407407407
1 0.9893229166666667 0.5601851851851852 0.018229166666666668 0.08148148148148149
0 0.9893229166666667 0.5601851851851852 0.021354166666666667 0.1425925925925926
2 0.9908854166666666 0.5013888888888889 0.013020833333333334 0.021296296296296296
12 0.4505208333333333 0.08148148148148149 0.125 0.1574074074074074
5 0.4234375 0.7819444444444444 0.06145833333333333 0.06759259259259259
5 0.5299479166666666 0.7527777777777778 0.06822916666666666 0.03148148148148148
8 0.12734375 0.7523148148148148 0.1140625 0.1175925925925926
11 0.49765625 0.8166666666666667 0.17760416666666667 0.15185185185185185
13 0.9302083333333333 0.5810185185185185 0.13958333333333334 0.11388888888888889
14 0.9161458333333333 0.5606481481481481 0.03333333333333333 0.06574074074074074
