0 0.01875 0.7925925925925926 0.09322916666666667 1.0
0 0.5166666666666667 0.7657407407407407 0.5786458333333333 1.0
0 0.615625 0.7555555555555555 0.6979166666666666 1.0
0 0.70625 0.7083333333333334 0.7453125 0.8425925925925926
0 0.7541666666666667 0.7046296296296296 0.7833333333333333 0.7870370370370371
0 0.8052083333333333 0.712037037037037 0.83125 0.8175925925925925
0 0.8791666666666667 0.7675925925925926 0.921875 0.9361111111111111
2 0.034895833333333334 0.8055555555555556 0.07916666666666666 0.8444444444444444
2 0.5291666666666667 0.7870370370370371 0.5692708333333333 0.8388888888888889
2 0.6260416666666667 0.7787037037037037 0.6635416666666667 0.8388888888888889
2 0.7651041666666667 0.712037037037037 0.7770833333333333 0.7361111111111112
2 0.8864583333333333 0.7805555555555556 0.9057291666666667 0.8037037037037037
1 0.027083333333333334 0.8546296296296296 0.0875 0.9712962962962963
1 0.5333333333333333 0.8287037037037037 0.5760416666666667 0.9555555555555556
1 0.6161458333333333 0.8361111111111111 0.7041666666666667 1.0
1 0.721875 0.737037037037037 0.7479166666666667 0.7842592592592592
1 0.7583333333333333 0.7361111111111112 0.7822916666666667 0.7861111111111111
1 0.80625 0.7305555555555555 0.8265625 0.7842592592592592
1 0.8885416666666667 0.812962962962963 0.9161458333333333 0.8574074074074074
8 0.278125 0.9046296296296297 0.40625 1.0
11 0.7291666666666666 0.9342592592592592 0.9255208333333333 1.0
13 0.8067708333333333 0.7379629629629629 0.96875 0.8583333333333333
14 0.8510416666666667 0.4675925925925926 0.9145833333333333 0.5592592592592592
14 0.9109375 0.40925925925925927 0.9625 0.4777777777777778
14 0.9052083333333333 0.07777777777777778 0.9473958333333333 0.14537037037037037
