0 0.17395833333333333 0.7537037037037037 0.042708333333333334 0.10740740740740741
0 0.15260416666666668 0.8412037037037037 0.06354166666666666 0.12129629629629629
0 0.203125 0.850462962962963 0.04479166666666667 0.1287037037037037
0 0.346875 0.8245370370370371 0.07916666666666666 0.2972222222222222
0 0.41015625 0.7824074074074074 0.0421875 0.20555555555555555
0 0.6875 0.6546296296296297 0.05520833333333333 0.09259259259259259
0 0.8184895833333333 0.6722222222222223 0.05364583333333333 0.12777777777777777
2 0.15859375 0.8092592592592592 0.0234375 0.025925925925925925
2 0.18880208333333334 0.8134259259259259 0.021354166666666667 0.03796296296296296
2 0.34140625 0.7101851851851851 0.03802083333333333 0.040740740740740744
2 0.40703125 0.7152777777777778 0.024479166666666666 0.03611111111111111
2 0.69296875 0.6300925925925925 0.013020833333333334 0.019444444444444445
2 0.8067708333333333 0.6296296296296297 0.023958333333333335 0.022222222222222223
1 0.16354166666666667 0.7578703703703704 0.026041666666666668 0.058333333333333334
1 0.1484375 0.8462962962962963 0.029166666666666667 0.06111111111111111
1 0.3494791666666667 0.7865740740740741 0.046875 0.11574074074074074
1 0.40989583333333335 0.7787037037037037 0.03958333333333333 0.10925925925925926
1 0.6942708333333333 0.6560185185185186 0.01875 0.026851851851851852
1 0.7106770833333333 0.6675925925925926 0.013020833333333334 0.03888888888888889
1 0.8080729166666667 0.6708333333333333 0.018229166666666668 0.05092592592592592
12 0.37109375 0.1 0.09010416666666667 0.19814814814814816
5 0.31536458333333334 0.7578703703703704 0.0296875 0.023148148148148147
5 0.4083333333333333 0.7620370370370371 0.08333333333333333 0.027777777777777776
8 0.028125 0.8606481481481482 0.05520833333333333 0.125
11 0.3768229166666667 0.8944444444444445 0.16302083333333334 0.12777777777777777
13 0.8526041666666667 0.7087962962962963 0.2947916666666667 0.13055555555555556
14 0.7588541666666667 0.6865740740740741 0.03229166666666667 0.0712962962962963
