0 0.15104166666666666 0.7166666666666667 0.18697916666666667 0.825925925925926
0 0.125 0.8074074074074075 0.17916666666666667 0.9222222222222223
0 0.1703125 0.8074074074074075 0.22239583333333332 0.9194444444444444
0 0.28489583333333335 0.7148148148148148 0.3625 0.987037037037037
0 0.38177083333333334 0.7083333333333334 0.4296875 0.8972222222222223
0 0.68125 0.6444444444444445 0.7010416666666667 0.7231481481481481
0 0.7796875 0.6509259259259259 0.8104166666666667 0.7898148148148149
2 0.14322916666666666 0.8194444444444444 0.1625 0.8407407407407408
2 0.17916666666666667 0.8212962962962963 0.19635416666666666 0.8481481481481481
2 0.3125 0.7231481481481481 0.3390625 0.762962962962963
2 0.39479166666666665 0.725925925925926 0.4166666666666667 0.7611111111111111
2 0.6838541666666667 0.6518518518518519 0.6979166666666666 0.6787037037037037
2 0.7755208333333333 0.6546296296296297 0.8041666666666667 0.6768518518518518
1 0.15416666666666667 0.7481481481481481 0.171875 0.8111111111111111
1 0.13072916666666667 0.8425925925925926 0.16354166666666667 0.8972222222222223
1 0.30885416666666665 0.7638888888888888 0.35052083333333334 0.8666666666666667
1 0.38958333333333334 0.7601851851851852 0.42083333333333334 0.8472222222222222
1 0.6807291666666667 0.6814814814814815 0.6953125 0.7092592592592593
1 0.7765625 0.6787037037037037 0.8046875 0.7333333333333333
12 0.3203125 0.007407407407407408 0.415625 0.1814814814814815
5 0.27395833333333336 0.7685185185185185 0.30572916666666666 0.8055555555555556
5 0.34270833333333334 0.7583333333333333 0.4401041666666667 0.7953703703703704
8 0.0015625 0.8092592592592592 0.05 0.937037037037037
11 0.2838541666666667 0.8611111111111112 0.4505208333333333 0.9898148148148148
13 0.7020833333333333 0.6777777777777778 1.0 0.8231481481481482
14 0.7390625 0.6861111111111111 0.7713541666666667 0.7518518518518519
