0 0.3194444444444444 0.5880208333333333 0.41759259259259257 0.7802083333333333
0 0.687962962962963 0.6151041666666667 0.7722222222222223 0.7541666666666667
0 0.04722222222222222 0.5927083333333333 0.09907407407407408 0.653125
2 0.3685185185185185 0.6078125 0.4148148148148148 0.6317708333333333
2 0.7046296296296296 0.6223958333333334 0.7537037037037037 0.6411458333333333
2 0.05648148148148148 0.6 0.07962962962962963 0.6109375
1 0.33425925925925926 0.63125 0.4009259259259259 0.6973958333333333
1 0.3861111111111111 0.6317708333333333 0.425 0.6692708333333334
1 0.6898148148148148 0.6447916666666667 0.7685185185185185 0.7
1 0.053703703703703705 0.6114583333333333 0.08055555555555556 0.628125
12 0.5833333333333334 0.3171875 0.7527777777777778 0.45364583333333336
4 0.21388888888888888 0.6166666666666667 0.30185185185185187 0.6473958333333333
4 0.125 0.6145833333333334 0.16018518518518518 0.6432291666666666
8 0.737037037037037 0.6796875 0.9398148148148148 0.7541666666666667
11 0.737037037037037 0.7869791666666667 1.0 0.9427083333333334
10 0.48333333333333334 0.7119791666666667 0.5120370370370371 0.75625
6 0.1574074074074074 0.615625 0.22685185185185186 0.6489583333333333
6 0.001851851851851852 0.6026041666666667 0.04722222222222222 0.64375
13 0.03611111111111111 0.5890625 0.16018518518518518 0.6265625
14 0.000925925925925926 0.5177083333333333 0.39537037037037037 0.5765625
14 0.7398148148148148 0.390625 0.7916666666666666 0.425
14 0.8425925925925926 0.396875 0.9546296296296296 0.4427083333333333
14 0.8481481481481481 0.3182291666666667 0.9722222222222222 0.3651041666666667
14 0.8425925925925926 0.10885416666666667 0.9546296296296296 0.16770833333333332
14 0.837037037037037 0.5057291666666667 0.9629629629629629 0.5442708333333334
14 0.000925925925925926 0.7317708333333334 0.13148148148148148 0.7760416666666666
