0 0.029427083333333333 0.8467592592592592 0.0578125 0.30648148148148147
0 0.21380208333333334 0.850462962962963 0.0421875 0.12685185185185185
0 0.22447916666666667 0.7638888888888888 0.03125 0.1259259259259259
0 0.2596354166666667 0.8444444444444444 0.04635416666666667 0.12777777777777777
0 0.39401041666666664 0.8291666666666667 0.0671875 0.3194444444444444
0 0.453125 0.7842592592592592 0.053125 0.20925925925925926
0 0.7627604166666667 0.6055555555555555 0.0265625 0.07222222222222222
0 0.80078125 0.637962962962963 0.04114583333333333 0.13518518518518519
0 0.9075520833333334 0.6333333333333333 0.03177083333333333 0.13333333333333333
2 0.9028645833333333 0.5805555555555556 0.0171875 0.016666666666666666
2 0.7973958333333333 0.587037037037037 0.015625 0.018518518518518517
2 0.7635416666666667 0.5930555555555556 0.0125 0.013888888888888888
2 0.015364583333333333 0.7402777777777778 0.0296875 0.05462962962962963
2 0.21432291666666667 0.8115740740740741 0.019270833333333334 0.023148148148148147
2 0.24453125 0.8064814814814815 0.0296875 0.03888888888888889
2 0.39140625 0.7064814814814815 0.043229166666666666 0.04259259259259259
2 0.4583333333333333 0.7138888888888889 0.021875 0.04814814814814815
1 0.025260416666666667 0.8722222222222222 0.04739583333333333 0.20555555555555555
1 0.22526041666666666 0.7652777777777777 0.027604166666666666 0.07685185185185185
1 0.20598958333333334 0.8527777777777777 0.0265625 0.06666666666666667
1 0.25755208333333335 0.8444444444444444 0.024479166666666666 0.04259259259259259
1 0.39765625 0.7962962962962963 0.043229166666666666 0.1537037037037037
1 0.44973958333333336 0.7847222222222222 0.0390625 0.1175925925925926
1 0.7677083333333333 0.6203703703703703 0.016666666666666666 0.03518518518518519
1 0.80078125 0.6287037037037037 0.022395833333333334 0.05185185185185185
1 0.9052083333333333 0.6226851851851852 0.023958333333333335 0.05277777777777778
12 0.421875 0.08981481481481482 0.13020833333333334 0.17407407407407408
5 0.35078125 0.8351851851851851 0.058854166666666666 0.044444444444444446
5 0.4625 0.836574074074074 0.09270833333333334 0.04351851851851852
8 0.07630208333333334 0.8675925925925926 0.0703125 0.11666666666666667
11 0.4309895833333333 0.8976851851851851 0.1671875 0.12129629629629629
13 0.8880208333333334 0.6638888888888889 0.22395833333333334 0.1111111111111111
14 0.8309895833333333 0.638425925925926 0.04010416666666667 0.0787037037037037
