0 0.14322916666666666 0.7018518518518518 0.178125 0.8083333333333333
0 0.1171875 0.7824074074074074 0.16875 0.9064814814814814
0 0.16510416666666666 0.7981481481481482 0.22447916666666667 0.9037037037037037
0 0.296875 0.687037037037037 0.3609375 0.9833333333333333
0 0.37916666666666665 0.6861111111111111 0.41770833333333335 0.9074074074074074
0 0.671875 0.6287037037037037 0.7078125 0.7444444444444445
0 0.7822916666666667 0.6268518518518519 0.8119791666666667 0.7833333333333333
2 0.13333333333333333 0.7935185185185185 0.15520833333333334 0.8342592592592593
2 0.17083333333333334 0.8018518518518518 0.190625 0.837037037037037
2 0.3104166666666667 0.700925925925926 0.34322916666666664 0.7472222222222222
2 0.37864583333333335 0.712037037037037 0.409375 0.7462962962962963
2 0.6755208333333333 0.6407407407407407 0.6880208333333333 0.6592592592592592
2 0.7776041666666667 0.6472222222222223 0.7953125 0.6638888888888889
1 0.14635416666666667 0.7351851851851852 0.16614583333333333 0.7935185185185185
1 0.12447916666666667 0.825925925925926 0.14635416666666667 0.8805555555555555
1 0.30833333333333335 0.7435185185185185 0.3546875 0.8472222222222222
1 0.378125 0.7481481481481481 0.41302083333333334 0.837037037037037
1 0.6755208333333333 0.6638888888888889 0.6932291666666667 0.6972222222222222
1 0.7791666666666667 0.6648148148148149 0.7994791666666666 0.7194444444444444
12 0.3182291666666667 0.008333333333333333 0.4203125 0.13796296296296295
5 0.27239583333333334 0.7481481481481481 0.31145833333333334 0.7777777777777778
5 0.3421875 0.7481481481481481 0.4479166666666667 0.7759259259259259
8 0.0010416666666666667 0.7953703703703704 0.046875 0.9092592592592592
11 0.28125 0.850925925925926 0.4401041666666667 0.9722222222222222
13 0.6979166666666666 0.662962962962963 0.9989583333333333 0.8157407407407408
14 0.7348958333333333 0.6759259259259259 0.7630208333333334 0.7407407407407407
