0 0.17994791666666668 0.8412037037037037 0.0578125 0.11388888888888889
0 0.18776041666666668 0.7597222222222222 0.025520833333333333 0.11944444444444445
0 0.225 0.8351851851851851 0.053125 0.13148148148148148
0 0.3651041666666667 0.8226851851851852 0.071875 0.3138888888888889
0 0.4265625 0.7666666666666667 0.05416666666666667 0.19444444444444445
0 0.7169270833333333 0.6453703703703704 0.0421875 0.1
0 0.7505208333333333 0.6546296296296297 0.0375 0.09444444444444444
0 0.8565104166666667 0.6703703703703704 0.0453125 0.13518518518518519
2 0.18177083333333333 0.8078703703703703 0.01875 0.023148148148148147
2 0.20989583333333334 0.8078703703703703 0.01875 0.023148148148148147
2 0.35651041666666666 0.7032407407407407 0.025520833333333333 0.04722222222222222
2 0.4239583333333333 0.711574074074074 0.022916666666666665 0.03796296296296296
2 0.71875 0.6138888888888889 0.015625 0.022222222222222223
2 0.7458333333333333 0.6157407407407407 0.016666666666666666 0.020370370370370372
2 0.846875 0.6199074074074075 0.014583333333333334 0.01574074074074074
1 0.19401041666666666 0.749537037037037 0.030729166666666665 0.075
1 0.16692708333333334 0.8476851851851852 0.028645833333333332 0.08425925925925926
1 0.22473958333333333 0.8472222222222222 0.03802083333333333 0.05740740740740741
1 0.365625 0.7851851851851852 0.059375 0.12962962962962962
1 0.4200520833333333 0.7819444444444444 0.03802083333333333 0.11203703703703703
1 0.7231770833333333 0.6458333333333334 0.018229166666666668 0.03425925925925926
1 0.7502604166666667 0.6537037037037037 0.021354166666666667 0.04814814814814815
1 0.8466145833333333 0.6527777777777778 0.0203125 0.04814814814814815
12 0.39791666666666664 0.0912037037037037 0.096875 0.18055555555555555
5 0.3182291666666667 0.7856481481481481 0.030208333333333334 0.025
5 0.428125 0.7944444444444444 0.08854166666666667 0.027777777777777776
8 0.038802083333333334 0.8537037037037037 0.0765625 0.13518518518518519
11 0.3893229166666667 0.8967592592592593 0.16614583333333333 0.12129629629629629
13 0.8684895833333334 0.6898148148148148 0.2630208333333333 0.1388888888888889
14 0.7833333333333333 0.6699074074074074 0.041666666666666664 0.06574074074074074
