0 0.16041666666666668 0.75 0.196875 0.8583333333333333
0 0.1359375 0.8481481481481481 0.18489583333333334 0.9638888888888889
0 0.18125 0.8537037037037037 0.23333333333333334 0.9574074074074074
0 0.2890625 0.7398148148148148 0.35885416666666664 1.0
0 0.38125 0.7518518518518519 0.4432291666666667 0.9222222222222223
0 0.6869791666666667 0.6703703703703704 0.7109375 0.7555555555555555
0 0.7723958333333333 0.6731481481481482 0.8098958333333334 0.7925925925925926
2 0.18125 0.7685185185185185 0.1984375 0.7944444444444444
2 0.1546875 0.8546296296296296 0.17291666666666666 0.8870370370370371
2 0.18489583333333334 0.8583333333333333 0.20416666666666666 0.8907407407407407
2 0.3171875 0.7620370370370371 0.34739583333333335 0.7981481481481482
2 0.3963541666666667 0.7583333333333333 0.42239583333333336 0.7925925925925926
2 0.6901041666666666 0.6805555555555556 0.7036458333333333 0.7074074074074074
2 0.7822916666666667 0.6805555555555556 0.7994791666666666 0.7046296296296296
1 0.15885416666666666 0.7944444444444444 0.1890625 0.850925925925926
1 0.13854166666666667 0.875 0.16875 0.9462962962962963
1 0.30520833333333336 0.8037037037037037 0.3572916666666667 0.9111111111111111
1 0.3890625 0.7953703703703704 0.428125 0.8907407407407407
1 0.778125 0.7064814814814815 0.803125 0.762962962962963
1 0.6833333333333333 0.7037037037037037 0.7020833333333333 0.7351851851851852
12 0.3234375 0.03888888888888889 0.40989583333333335 0.2074074074074074
5 0.27708333333333335 0.8166666666666667 0.315625 0.8379629629629629
5 0.3453125 0.8101851851851852 0.45364583333333336 0.8333333333333334
8 0.0010416666666666667 0.8611111111111112 0.06927083333333334 0.9796296296296296
11 0.28125 0.8981481481481481 0.4515625 1.0
13 0.7104166666666667 0.7083333333333334 1.0 0.8416666666666667
14 0.7427083333333333 0.7157407407407408 0.778125 0.7731481481481481
