0 0.016666666666666666 0.725 0.12239583333333333 1.0
0 0.2171875 0.8138888888888889 0.26614583333333336 0.9324074074074075
0 0.2328125 0.725925925925926 0.26510416666666664 0.8333333333333334
0 0.2609375 0.7685185185185185 0.3145833333333333 0.9324074074074075
0 0.3796875 0.7 0.4552083333333333 1.0
0 0.44947916666666665 0.7055555555555556 0.515625 0.9
2 0.03177083333333333 0.7324074074074074 0.08697916666666666 0.8037037037037037
2 0.23072916666666668 0.825925925925926 0.25625 0.8546296296296296
2 0.2682291666666667 0.7870370370370371 0.28541666666666665 0.8157407407407408
2 0.3890625 0.7092592592592593 0.4234375 0.7546296296296297
2 0.47708333333333336 0.7268518518518519 0.5072916666666667 0.7620370370370371
2 0.7921875 0.6092592592592593 0.8057291666666667 0.6268518518518519
2 0.946875 0.6064814814814815 0.9588541666666667 0.6222222222222222
0 0.7880208333333333 0.6037037037037037 0.8114583333333333 0.6675925925925926
0 0.9432291666666667 0.6018518518518519 0.9692708333333333 0.725925925925926
1 0.028645833333333332 0.8111111111111111 0.109375 1.0
1 0.21458333333333332 0.8472222222222222 0.24479166666666666 0.9212962962962963
1 0.23489583333333333 0.7444444444444445 0.2671875 0.8268518518518518
1 0.27395833333333336 0.8 0.2994791666666667 0.850925925925926
1 0.396875 0.7453703703703703 0.45 0.887962962962963
1 0.4583333333333333 0.7509259259259259 0.5 0.8712962962962963
1 0.7927083333333333 0.6277777777777778 0.809375 0.6694444444444444
1 0.9427083333333334 0.6296296296296297 0.9645833333333333 0.6796296296296296
1 0.8421875 0.6287037037037037 0.8666666666666667 0.675
0 0.8380208333333333 0.5981481481481481 0.8703125 0.7101851851851851
2 0.8421875 0.5990740740740741 0.8598958333333333 0.6185185185185185
12 0.39479166666666665 0.008333333333333333 0.49895833333333334 0.22685185185185186
5 0.34270833333333334 0.8731481481481481 0.415625 0.9287037037037037
5 0.43802083333333336 0.8592592592592593 0.5401041666666667 0.8962962962962963
8 0.09895833333333333 0.8435185185185186 0.1390625 0.9685185185185186
11 0.36041666666666666 0.8518518518518519 0.5536458333333333 0.9944444444444445
13 0.8114583333333333 0.6268518518518519 0.9989583333333333 0.7407407407407407
14 0.8546875 0.6296296296296297 0.8864583333333333 0.6981481481481482
