0 0.02265625 0.7902777777777777 0.044270833333333336 0.22870370370370371
0 0.07239583333333334 0.8208333333333333 0.090625 0.35833333333333334
0 0.303125 0.712037037037037 0.04479166666666667 0.12777777777777777
0 0.3 0.812037037037037 0.058333333333333334 0.12037037037037036
0 0.34713541666666664 0.7925925925925926 0.05677083333333333 0.11666666666666667
0 0.47552083333333334 0.7888888888888889 0.078125 0.3296296296296296
0 0.5609375 0.7277777777777777 0.06354166666666666 0.20185185185185187
0 0.95 0.6064814814814815 0.04895833333333333 0.13703703703703704
2 0.0328125 0.7064814814814815 0.035416666666666666 0.04814814814814815
2 0.0625 0.6888888888888889 0.05520833333333333 0.044444444444444446
2 0.3072916666666667 0.675 0.0125 0.018518518518518517
2 0.3059895833333333 0.7708333333333334 0.022395833333333334 0.023148148148148147
2 0.3421875 0.7680555555555556 0.017708333333333333 0.025
2 0.46796875 0.6652777777777777 0.0296875 0.04351851851851852
2 0.5638020833333334 0.6671296296296296 0.024479166666666666 0.032407407407407406
2 0.8466145833333333 0.5601851851851852 0.015104166666666667 0.014814814814814815
2 0.940625 0.5578703703703703 0.015625 0.010185185185185186
0 0.84765625 0.5856481481481481 0.034895833333333334 0.09166666666666666
1 0.01953125 0.8027777777777778 0.0359375 0.12962962962962962
1 0.06354166666666666 0.8046296296296296 0.06770833333333333 0.16296296296296298
1 0.30911458333333336 0.725925925925926 0.024479166666666666 0.07037037037037037
1 0.296875 0.8175925925925925 0.026041666666666668 0.06666666666666667
1 0.47317708333333336 0.7486111111111111 0.0484375 0.13240740740740742
1 0.56796875 0.7458333333333333 0.03697916666666667 0.10277777777777777
1 0.94375 0.6074074074074074 0.021875 0.06666666666666667
1 0.878125 0.5976851851851852 0.009375 0.03796296296296296
1 0.8494791666666667 0.6064814814814815 0.025 0.05740740740740741
5 0.41822916666666665 0.7060185185185185 0.07291666666666667 0.026851851851851852
5 0.54921875 0.7055555555555556 0.12239583333333333 0.03148148148148148
8 0.15859375 0.8226851851851852 0.12135416666666667 0.11203703703703703
11 0.5252604166666667 0.8740740740740741 0.17447916666666666 0.14074074074074075
13 0.9432291666666667 0.6319444444444444 0.11354166666666667 0.10833333333333334
14 0.94765625 0.6194444444444445 0.0359375 0.07037037037037037
