0 0.0010416666666666667 0.6342592592592593 0.04375 1.0
0 0.20885416666666667 0.6342592592592593 0.24010416666666667 0.7472222222222222
0 0.19322916666666667 0.7324074074074074 0.240625 0.8574074074074074
0 0.24270833333333333 0.725 0.2921875 0.8425925925925926
0 0.3729166666666667 0.6018518518518519 0.4276041666666667 0.9064814814814814
0 0.440625 0.6129629629629629 0.49583333333333335 0.8009259259259259
0 0.7276041666666667 0.5203703703703704 0.7541666666666667 0.6240740740740741
0 0.8182291666666667 0.5185185185185185 0.8432291666666667 0.6509259259259259
2 0.21302083333333333 0.6453703703703704 0.23072916666666668 0.6703703703703704
2 0.209375 0.7407407407407407 0.22916666666666666 0.7648148148148148
2 0.24322916666666666 0.7305555555555555 0.26458333333333334 0.7657407407407407
2 0.3807291666666667 0.6259259259259259 0.4046875 0.6620370370370371
2 0.4515625 0.6287037037037037 0.475 0.662962962962963
2 0.815625 0.5268518518518519 0.8322916666666667 0.5425925925925926
2 0.7354166666666667 0.5333333333333333 0.7489583333333333 0.5472222222222223
1 0.0010416666666666667 0.6990740740740741 0.03229166666666667 0.8657407407407407
1 0.20729166666666668 0.6722222222222223 0.23697916666666666 0.737037037037037
1 0.19270833333333334 0.7574074074074074 0.22083333333333333 0.8222222222222222
1 0.3734375 0.6685185185185185 0.425 0.7796296296296297
1 0.4479166666666667 0.6694444444444444 0.49583333333333335 0.7583333333333333
1 0.7296875 0.5592592592592592 0.75 0.600925925925926
1 0.8161458333333333 0.5527777777777778 0.8395833333333333 0.6083333333333333
5 0.3098958333333333 0.6648148148148149 0.378125 0.700925925925926
5 0.4125 0.6638888888888889 0.5145833333333333 0.6981481481481482
8 0.023958333333333335 0.7518518518518519 0.11927083333333334 0.8592592592592593
11 0.35 0.775 0.5203125 0.8962962962962963
13 0.7713541666666667 0.5592592592592592 1.0 0.6694444444444444
14 0.8145833333333333 0.5666666666666667 0.840625 0.6185185185185185
