0 0.27685185185185185 0.5979166666666667 0.3907407407407407 0.7671875
0 0.6027777777777777 0.6177083333333333 0.7185185185185186 0.7630208333333334
2 0.32407407407407407 0.60625 0.37962962962962965 0.628125
2 0.637962962962963 0.6197916666666666 0.6935185185185185 0.6354166666666666
1 0.2962962962962963 0.6291666666666667 0.3648148148148148 0.6921875
1 0.6185185185185185 0.640625 0.6935185185185185 0.6984375
12 0.5064814814814815 0.3171875 0.6685185185185185 0.4578125
4 0.14444444444444443 0.6166666666666667 0.23148148148148148 0.6484375
4 0.05462962962962963 0.6166666666666667 0.08611111111111111 0.64375
8 0.6638888888888889 0.6640625 0.8833333333333333 0.75625
11 0.687962962962963 0.7760416666666666 1.0 0.9338541666666667
10 0.41203703703703703 0.7119791666666667 0.44166666666666665 0.7526041666666666
6 0.07962962962962963 0.6130208333333333 0.15092592592592594 0.6489583333333333
13 0.000925925925925926 0.59375 0.07592592592592592 0.6197916666666666
14 0.6694444444444444 0.3848958333333333 0.7203703703703703 0.42239583333333336
14 0.7416666666666667 0.3958333333333333 0.8796296296296297 0.43020833333333336
14 0.7759259259259259 0.309375 0.8981481481481481 0.3515625
14 0.7574074074074074 0.1125 0.8824074074074074 0.16354166666666667
14 0.7694444444444445 0.5046875 0.8935185185185185 0.534375
14 0.000925925925925926 0.5213541666666667 0.31851851851851853 0.5723958333333333
14 0.062037037037037036 0.5822916666666667 0.27685185185185185 0.6177083333333333
