0 0.2046875 0.6259259259259259 0.2828125 0.8361111111111111
0 0.4197916666666667 0.6842592592592592 0.5307291666666667 0.9444444444444444
0 0.5598958333333334 0.6444444444444445 0.6140625 0.9268518518518518
2 0.21875 0.6370370370370371 0.2552083333333333 0.687962962962963
2 0.4635416666666667 0.6768518518518518 0.4979166666666667 0.7148148148148148
2 0.56875 0.6537037037037037 0.6010416666666667 0.6944444444444444
1 0.47239583333333335 0.7175925925925926 0.5135416666666667 0.8333333333333334
1 0.5671875 0.7 0.60625 0.8
12 0.3380208333333333 0.38055555555555554 0.44479166666666664 0.5935185185185186
3 0.37135416666666665 0.7481481481481481 0.4942708333333333 0.9611111111111111
3 0.5041666666666667 0.7583333333333333 0.6625 0.9148148148148149
3 0.0010416666666666667 0.7185185185185186 0.11197916666666667 0.9111111111111111
7 0.5989583333333334 0.7055555555555556 0.7078125 0.7694444444444445
7 0.3359375 0.7185185185185186 0.3848958333333333 0.7675925925925926
6 0.7453125 0.6611111111111111 1.0 0.8342592592592593
14 0.8515625 0.21388888888888888 0.9125 0.3
14 0.809375 0.3907407407407407 0.8328125 0.42777777777777776
14 0.9395833333333333 0.649074074074074 0.9786458333333333 0.7046296296296296
14 0.2557291666666667 0.6314814814814815 0.48020833333333335 0.687037037037037
