0 0.05390625 0.6847222222222222 0.044270833333333336 0.287962962962963
0 0.16822916666666668 0.5939814814814814 0.041666666666666664 0.13425925925925927
0 0.165625 0.6888888888888889 0.022916666666666665 0.07962962962962963
0 0.13385416666666666 0.7564814814814815 0.14166666666666666 0.48703703703703705
0 0.5640625 0.700925925925926 0.07395833333333333 0.43333333333333335
2 0.0578125 0.5745370370370371 0.034375 0.032407407407407406
2 0.16510416666666666 0.5657407407407408 0.026041666666666668 0.037037037037037035
2 0.16458333333333333 0.6791666666666667 0.020833333333333332 0.041666666666666664
2 0.11822916666666666 0.5708333333333333 0.05625 0.06759259259259259
2 0.5575520833333333 0.5319444444444444 0.044270833333333336 0.05462962962962963
1 0.06197916666666667 0.6569444444444444 0.03854166666666667 0.09537037037037037
1 0.11640625 0.7347222222222223 0.10989583333333333 0.21388888888888888
1 0.1671875 0.6189814814814815 0.035416666666666666 0.0712962962962963
1 0.5690104166666666 0.649537037037037 0.06197916666666667 0.1824074074074074
12 0.36796875 0.43703703703703706 0.13177083333333334 0.2388888888888889
5 0.2703125 0.8328703703703704 0.15625 0.06388888888888888
5 0.37395833333333334 0.787962962962963 0.12395833333333334 0.046296296296296294
8 0.011979166666666667 0.7486111111111111 0.021875 0.1527777777777778
11 0.35651041666666666 0.8421296296296297 0.21197916666666666 0.1935185185185185
13 0.9432291666666667 0.49074074074074076 0.11354166666666667 0.14074074074074075
14 0.95546875 0.46805555555555556 0.03802083333333333 0.08055555555555556
